3 0.286833 0.469250 0.02 0.02
3 0.292167 0.482750 0.02 0.02
3 0.298667 0.496750 0.02 0.02
3 0.304833 0.482750 0.02 0.02
3 0.258833 0.511250 0.02 0.02
3 0.270000 0.511250 0.02 0.02
3 0.282667 0.511000 0.02 0.02
3 0.293500 0.511250 0.02 0.02
3 0.316000 0.482750 0.02 0.02
3 0.303667 0.455000 0.02 0.02
3 0.298500 0.440000 0.02 0.02
3 0.303833 0.425250 0.02 0.02
3 0.331833 0.410250 0.02 0.02
3 0.349667 0.426500 0.02 0.02
3 0.349333 0.455750 0.02 0.02
3 0.343333 0.468750 0.02 0.02
4 0.275000 0.439750 0.02 0.02
4 0.280500 0.454250 0.02 0.02
4 0.275000 0.468750 0.02 0.02
4 0.263833 0.469250 0.02 0.02
4 0.251000 0.469000 0.02 0.02
4 0.240667 0.468750 0.02 0.02
4 0.327000 0.426000 0.02 0.02
4 0.331667 0.440250 0.02 0.02
4 0.360833 0.512750 0.02 0.02
4 0.269000 0.424250 0.02 0.02
4 0.264167 0.411000 0.02 0.02
6 0.157000 0.160250 0.02 0.02
6 0.151500 0.143750 0.02 0.02
6 0.139167 0.142750 0.02 0.02
6 0.128500 0.140750 0.02 0.02
6 0.115667 0.143250 0.02 0.02
6 0.121167 0.157500 0.02 0.02
6 0.127167 0.175500 0.02 0.02
6 0.090000 0.172750 0.02 0.02
6 0.103167 0.141000 0.02 0.02
6 0.090500 0.140750 0.02 0.02
6 0.078167 0.139750 0.02 0.02
6 0.072167 0.188250 0.02 0.02
6 0.055167 0.204000 0.02 0.02
6 0.065500 0.172750 0.02 0.02
6 0.783333 0.567000 0.02 0.02
6 0.776833 0.580250 0.02 0.02
6 0.782667 0.622250 0.02 0.02
6 0.788333 0.636250 0.02 0.02
6 0.800333 0.635750 0.02 0.02
6 0.806333 0.650500 0.02 0.02
6 0.811333 0.663250 0.02 0.02
6 0.822333 0.662000 0.02 0.02
6 0.822833 0.634250 0.02 0.02
6 0.851500 0.673000 0.02 0.02
6 0.873500 0.642750 0.02 0.02
6 0.867667 0.630000 0.02 0.02
