4 0.303500 0.465000 0.02 0.02
4 0.316333 0.465000 0.02 0.02
4 0.329500 0.465500 0.02 0.02
4 0.341833 0.465250 0.02 0.02
4 0.355167 0.465250 0.02 0.02
4 0.367333 0.464500 0.02 0.02
4 0.373333 0.449500 0.02 0.02
4 0.361000 0.449250 0.02 0.02
4 0.348000 0.449750 0.02 0.02
4 0.335500 0.450000 0.02 0.02
4 0.322333 0.450000 0.02 0.02
4 0.348333 0.479750 0.02 0.02
4 0.355000 0.493000 0.02 0.02
4 0.361167 0.479000 0.02 0.02
4 0.367333 0.493500 0.02 0.02
4 0.374333 0.508500 0.02 0.02
6 0.765667 0.549750 0.02 0.02
6 0.772333 0.565250 0.02 0.02
6 0.778833 0.578750 0.02 0.02
6 0.784667 0.592750 0.02 0.02
6 0.791167 0.606500 0.02 0.02
6 0.803500 0.605000 0.02 0.02
6 0.816000 0.604500 0.02 0.02
6 0.828500 0.602750 0.02 0.02
6 0.841000 0.601000 0.02 0.02
6 0.854000 0.600750 0.02 0.02
6 0.865333 0.599500 0.02 0.02
6 0.879667 0.599500 0.02 0.02
6 0.886500 0.612000 0.02 0.02
6 0.892167 0.627000 0.02 0.02
6 0.904667 0.627000 0.02 0.02
6 0.911167 0.612500 0.02 0.02
6 0.917667 0.596250 0.02 0.02
