3 0.365000 0.316250 0.02 0.02
3 0.414667 0.303250 0.02 0.02
3 0.426000 0.302750 0.02 0.02
3 0.437500 0.303750 0.02 0.02
3 0.336833 0.329500 0.02 0.02
3 0.331167 0.315000 0.02 0.02
3 0.325333 0.329750 0.02 0.02
3 0.325167 0.357750 0.02 0.02
3 0.336000 0.358000 0.02 0.02
3 0.375333 0.373500 0.02 0.02
3 0.370167 0.331250 0.02 0.02
3 0.375167 0.345000 0.02 0.02
6 0.547333 0.364500 0.02 0.02
6 0.558667 0.363750 0.02 0.02
6 0.569667 0.363750 0.02 0.02
6 0.581333 0.364000 0.02 0.02
6 0.592333 0.363750 0.02 0.02
6 0.535833 0.364000 0.02 0.02
6 0.541833 0.349000 0.02 0.02
6 0.553333 0.349000 0.02 0.02
6 0.564333 0.348500 0.02 0.02
6 0.575833 0.349750 0.02 0.02
6 0.564500 0.379250 0.02 0.02
