6 0.571000 0.198750 0.02 0.02
6 0.582833 0.198500 0.02 0.02
6 0.565500 0.214000 0.02 0.02
6 0.577667 0.214500 0.02 0.02
6 0.590000 0.214750 0.02 0.02
6 0.559000 0.230500 0.02 0.02
6 0.571500 0.229750 0.02 0.02
6 0.584000 0.231000 0.02 0.02
6 0.546833 0.231500 0.02 0.02
6 0.546167 0.198500 0.02 0.02
6 0.533167 0.199500 0.02 0.02
4 0.565833 0.247500 0.02 0.02
4 0.505833 0.410750 0.02 0.02
4 0.518667 0.408500 0.02 0.02
4 0.530833 0.409500 0.02 0.02
4 0.536667 0.392750 0.02 0.02
4 0.549333 0.392500 0.02 0.02
4 0.562333 0.392500 0.02 0.02
4 0.574333 0.392500 0.02 0.02
4 0.593000 0.376250 0.02 0.02
4 0.522167 0.296250 0.02 0.02
4 0.528833 0.312250 0.02 0.02
4 0.534833 0.295750 0.02 0.02
4 0.541333 0.313500 0.02 0.02
4 0.523000 0.328750 0.02 0.02
4 0.510500 0.328750 0.02 0.02
4 0.370833 0.268500 0.02 0.02
4 0.383333 0.267250 0.02 0.02
4 0.395667 0.266750 0.02 0.02
4 0.408333 0.267000 0.02 0.02
4 0.352167 0.284000 0.02 0.02
4 0.365000 0.284750 0.02 0.02
4 0.377500 0.284750 0.02 0.02
4 0.389833 0.284500 0.02 0.02
4 0.402667 0.283750 0.02 0.02
6 0.308333 0.269000 0.02 0.02
6 0.314000 0.286000 0.02 0.02
6 0.930500 0.315250 0.02 0.02
6 0.934500 0.330000 0.02 0.02
6 0.941333 0.346500 0.02 0.02
6 0.947167 0.362750 0.02 0.02
6 0.935000 0.362250 0.02 0.02
6 0.928500 0.346750 0.02 0.02
6 0.923000 0.331750 0.02 0.02
6 0.916833 0.316500 0.02 0.02
6 0.909833 0.332250 0.02 0.02
6 0.903333 0.317500 0.02 0.02
6 0.896833 0.333750 0.02 0.02
6 0.890667 0.350000 0.02 0.02
6 0.884333 0.333750 0.02 0.02
6 0.890333 0.317250 0.02 0.02
6 0.903333 0.349000 0.02 0.02
6 0.916167 0.347250 0.02 0.02
6 0.922167 0.364250 0.02 0.02
6 0.910000 0.364750 0.02 0.02
6 0.897333 0.365000 0.02 0.02
6 0.884167 0.366000 0.02 0.02
6 0.877667 0.350750 0.02 0.02
6 0.871333 0.334500 0.02 0.02
6 0.877333 0.318250 0.02 0.02
6 0.865000 0.318500 0.02 0.02
6 0.891167 0.382250 0.02 0.02
6 0.902833 0.380500 0.02 0.02
6 0.916167 0.381000 0.02 0.02
6 0.928500 0.380500 0.02 0.02
6 0.922667 0.396750 0.02 0.02
6 0.909833 0.396250 0.02 0.02
6 0.897833 0.397250 0.02 0.02
6 0.904000 0.413000 0.02 0.02
6 0.916333 0.413250 0.02 0.02
6 0.910333 0.428250 0.02 0.02
