6 0.068000 0.497500 0.02 0.02
4 0.074167 0.483250 0.02 0.02
4 0.086333 0.485750 0.02 0.02
4 0.092333 0.473500 0.02 0.02
4 0.080833 0.470750 0.02 0.02
4 0.086500 0.456250 0.02 0.02
4 0.098167 0.457750 0.02 0.02
4 0.111500 0.459750 0.02 0.02
4 0.104833 0.442750 0.02 0.02
4 0.118333 0.443750 0.02 0.02
4 0.131333 0.444250 0.02 0.02
4 0.124667 0.459500 0.02 0.02
4 0.104333 0.476000 0.02 0.02
6 0.073000 0.514750 0.02 0.02
6 0.086167 0.519000 0.02 0.02
6 0.062667 0.480500 0.02 0.02
6 0.062000 0.511500 0.02 0.02
6 0.066833 0.529250 0.02 0.02
6 0.055833 0.526250 0.02 0.02
6 0.151667 0.694750 0.02 0.02
6 0.144667 0.708500 0.02 0.02
6 0.155667 0.707250 0.02 0.02
6 0.169000 0.708750 0.02 0.02
4 0.173000 0.723250 0.02 0.02
4 0.131833 0.710000 0.02 0.02
4 0.139833 0.692250 0.02 0.02
4 0.115833 0.711000 0.02 0.02
4 0.135167 0.562750 0.02 0.02
4 0.130000 0.545250 0.02 0.02
4 0.118167 0.542750 0.02 0.02
4 0.104833 0.538750 0.02 0.02
4 0.091500 0.535250 0.02 0.02
6 0.760667 0.651500 0.02 0.02
6 0.772667 0.650250 0.02 0.02
6 0.778000 0.665500 0.02 0.02
6 0.766167 0.665500 0.02 0.02
6 0.772333 0.679750 0.02 0.02
6 0.784167 0.678000 0.02 0.02
6 0.777333 0.692250 0.02 0.02
6 0.789500 0.691000 0.02 0.02
6 0.923500 0.576750 0.02 0.02
6 0.903000 0.579000 0.02 0.02
4 0.689000 0.654750 0.02 0.02
4 0.678500 0.627250 0.02 0.02
4 0.672500 0.613000 0.02 0.02
4 0.639167 0.584750 0.02 0.02
4 0.621500 0.570250 0.02 0.02
4 0.855500 0.298500 0.02 0.02
4 0.842667 0.300500 0.02 0.02
4 0.830167 0.300250 0.02 0.02
4 0.818167 0.299500 0.02 0.02
6 0.909500 0.251000 0.02 0.02
6 0.897833 0.231750 0.02 0.02
6 0.916667 0.234000 0.02 0.02
6 0.922833 0.249500 0.02 0.02
4 0.863000 0.203500 0.02 0.02
