6 0.659333 0.318750 0.02 0.02
6 0.653833 0.335250 0.02 0.02
6 0.647833 0.352250 0.02 0.02
6 0.654500 0.368250 0.02 0.02
6 0.659833 0.351000 0.02 0.02
6 0.665833 0.333000 0.02 0.02
6 0.671500 0.317750 0.02 0.02
6 0.664667 0.302750 0.02 0.02
6 0.676500 0.301500 0.02 0.02
6 0.678333 0.333250 0.02 0.02
6 0.673000 0.349000 0.02 0.02
6 0.667000 0.366000 0.02 0.02
6 0.678500 0.364500 0.02 0.02
6 0.684833 0.347500 0.02 0.02
6 0.647333 0.320000 0.02 0.02
6 0.641167 0.336250 0.02 0.02
6 0.652500 0.303500 0.02 0.02
