4 0.175000 0.172000 0.02 0.02
0 0.322667 0.365750 0.02 0.02
0 0.335167 0.365750 0.02 0.02
0 0.328500 0.350750 0.02 0.02
0 0.323000 0.395000 0.02 0.02
1 0.330000 0.409250 0.02 0.02
1 0.324000 0.423750 0.02 0.02
1 0.336333 0.423250 0.02 0.02
1 0.353833 0.409250 0.02 0.02
1 0.342500 0.409500 0.02 0.02
2 0.347500 0.395500 0.02 0.02
2 0.353167 0.379250 0.02 0.02
2 0.347167 0.365500 0.02 0.02
2 0.359667 0.365750 0.02 0.02
2 0.371000 0.365500 0.02 0.02
2 0.365833 0.379250 0.02 0.02
2 0.378000 0.379750 0.02 0.02
2 0.352667 0.350750 0.02 0.02
1 0.360333 0.394250 0.02 0.02
1 0.366500 0.408250 0.02 0.02
1 0.378667 0.408500 0.02 0.02
2 0.377000 0.350750 0.02 0.02
1 0.361833 0.451750 0.02 0.02
1 0.373500 0.452250 0.02 0.02
1 0.385667 0.452250 0.02 0.02
1 0.398333 0.452750 0.02 0.02
1 0.410333 0.452250 0.02 0.02
1 0.422167 0.452250 0.02 0.02
2 0.434667 0.451750 0.02 0.02
2 0.445833 0.453000 0.02 0.02
2 0.458000 0.453000 0.02 0.02
2 0.470667 0.452500 0.02 0.02
0 0.339000 0.509750 0.02 0.02
0 0.357333 0.523750 0.02 0.02
0 0.369333 0.523750 0.02 0.02
0 0.383000 0.551250 0.02 0.02
0 0.413333 0.564750 0.02 0.02
4 0.167167 0.539500 0.02 0.02
6 0.161167 0.554000 0.02 0.02
6 0.173500 0.553250 0.02 0.02
6 0.186000 0.553000 0.02 0.02
6 0.149000 0.553500 0.02 0.02
6 0.138000 0.554750 0.02 0.02
6 0.125833 0.555250 0.02 0.02
6 0.114500 0.555000 0.02 0.02
6 0.118833 0.540750 0.02 0.02
6 0.124500 0.526000 0.02 0.02
4 0.194500 0.437000 0.02 0.02
4 0.187167 0.422000 0.02 0.02
4 0.174833 0.422000 0.02 0.02
4 0.168000 0.408250 0.02 0.02
4 0.161667 0.393250 0.02 0.02
