3 0.071000 0.344250 0.02 0.02
3 0.084500 0.345750 0.02 0.02
3 0.096833 0.347000 0.02 0.02
3 0.109667 0.346750 0.02 0.02
3 0.121500 0.347000 0.02 0.02
1 0.133167 0.348500 0.02 0.02
1 0.145167 0.348250 0.02 0.02
1 0.128167 0.361000 0.02 0.02
1 0.140667 0.363250 0.02 0.02
1 0.134167 0.377500 0.02 0.02
1 0.127667 0.392000 0.02 0.02
1 0.139667 0.392000 0.02 0.02
4 0.046333 0.368500 0.02 0.02
4 0.060000 0.403250 0.02 0.02
4 0.072667 0.405000 0.02 0.02
4 0.090333 0.389750 0.02 0.02
4 0.097000 0.405000 0.02 0.02
3 0.115500 0.391000 0.02 0.02
4 0.047500 0.403750 0.02 0.02
3 0.075833 0.181250 0.02 0.02
3 0.083000 0.166500 0.02 0.02
3 0.088333 0.149750 0.02 0.02
3 0.070333 0.196500 0.02 0.02
4 0.082167 0.134500 0.02 0.02
2 0.156667 0.348750 0.02 0.02
2 0.168833 0.348250 0.02 0.02
2 0.162500 0.362750 0.02 0.02
2 0.174167 0.334250 0.02 0.02
2 0.185667 0.334500 0.02 0.02
2 0.192500 0.349250 0.02 0.02
2 0.197667 0.364750 0.02 0.02
2 0.191667 0.379750 0.02 0.02
2 0.186500 0.393750 0.02 0.02
2 0.174667 0.394000 0.02 0.02
0 0.311333 0.526500 0.02 0.02
3 0.323500 0.525750 0.02 0.02
3 0.376833 0.599000 0.02 0.02
3 0.394667 0.554500 0.02 0.02
3 0.358833 0.555500 0.02 0.02
2 0.418167 0.642750 0.02 0.02
3 0.465000 0.611250 0.02 0.02
0 0.488000 0.582250 0.02 0.02
0 0.470833 0.567750 0.02 0.02
0 0.493833 0.567750 0.02 0.02
0 0.499833 0.581750 0.02 0.02
0 0.487667 0.552750 0.02 0.02
0 0.499833 0.611500 0.02 0.02
3 0.516833 0.626750 0.02 0.02
2 0.522667 0.640250 0.02 0.02
3 0.523000 0.611500 0.02 0.02
3 0.552000 0.625500 0.02 0.02
2 0.563833 0.597000 0.02 0.02
2 0.633833 0.595750 0.02 0.02
1 0.580667 0.495250 0.02 0.02
1 0.592667 0.494500 0.02 0.02
1 0.604500 0.495250 0.02 0.02
1 0.598000 0.481000 0.02 0.02
1 0.551000 0.481500 0.02 0.02
1 0.539167 0.480750 0.02 0.02
1 0.562500 0.452250 0.02 0.02
1 0.603167 0.317500 0.02 0.02
2 0.608500 0.302750 0.02 0.02
2 0.597333 0.302500 0.02 0.02
2 0.648667 0.197000 0.02 0.02
2 0.643333 0.181000 0.02 0.02
2 0.649167 0.165500 0.02 0.02
2 0.654833 0.181250 0.02 0.02
2 0.643000 0.147750 0.02 0.02
2 0.550167 0.182250 0.02 0.02
2 0.561833 0.181500 0.02 0.02
2 0.573500 0.181750 0.02 0.02
2 0.555833 0.197500 0.02 0.02
3 0.855833 0.207750 0.02 0.02
3 0.867667 0.205750 0.02 0.02
4 0.886667 0.188500 0.02 0.02
4 0.899000 0.188250 0.02 0.02
4 0.922833 0.188000 0.02 0.02
4 0.893333 0.173750 0.02 0.02
4 0.880667 0.174000 0.02 0.02
6 0.935000 0.188000 0.02 0.02
6 0.947167 0.187500 0.02 0.02
6 0.940667 0.203000 0.02 0.02
6 0.946333 0.217250 0.02 0.02
6 0.097000 0.627000 0.02 0.02
6 0.102833 0.642000 0.02 0.02
6 0.109167 0.656500 0.02 0.02
6 0.120833 0.656250 0.02 0.02
3 0.103333 0.611000 0.02 0.02
3 0.115000 0.611750 0.02 0.02
3 0.126833 0.640250 0.02 0.02
3 0.109667 0.595750 0.02 0.02
3 0.120500 0.595750 0.02 0.02
3 0.103000 0.580750 0.02 0.02
6 0.090333 0.582000 0.02 0.02
