4 0.708500 0.296500 0.02 0.02
4 0.721000 0.296500 0.02 0.02
4 0.744833 0.294750 0.02 0.02
4 0.750667 0.310500 0.02 0.02
4 0.738500 0.311750 0.02 0.02
4 0.727167 0.311000 0.02 0.02
4 0.715000 0.311250 0.02 0.02
4 0.720667 0.326750 0.02 0.02
4 0.709167 0.327000 0.02 0.02
4 0.715167 0.342750 0.02 0.02
4 0.703500 0.344750 0.02 0.02
4 0.690500 0.344250 0.02 0.02
4 0.684833 0.328500 0.02 0.02
4 0.691167 0.313250 0.02 0.02
4 0.679000 0.313750 0.02 0.02
4 0.672167 0.298500 0.02 0.02
4 0.666833 0.315000 0.02 0.02
4 0.660333 0.298500 0.02 0.02
4 0.654833 0.315000 0.02 0.02
4 0.630167 0.316000 0.02 0.02
4 0.612500 0.331750 0.02 0.02
4 0.600667 0.332250 0.02 0.02
4 0.606167 0.347250 0.02 0.02
4 0.636000 0.268250 0.02 0.02
3 0.750333 0.248250 0.02 0.02
6 0.422000 0.273500 0.02 0.02
6 0.410333 0.274000 0.02 0.02
6 0.398000 0.274750 0.02 0.02
6 0.386167 0.274250 0.02 0.02
6 0.373833 0.275500 0.02 0.02
6 0.361833 0.275500 0.02 0.02
6 0.349667 0.275750 0.02 0.02
6 0.337667 0.277250 0.02 0.02
6 0.344000 0.292250 0.02 0.02
6 0.350167 0.308000 0.02 0.02
6 0.338167 0.308000 0.02 0.02
6 0.332667 0.324750 0.02 0.02
6 0.326500 0.340500 0.02 0.02
6 0.320833 0.356000 0.02 0.02
6 0.315000 0.371500 0.02 0.02
6 0.309167 0.387000 0.02 0.02
6 0.303500 0.402500 0.02 0.02
6 0.298333 0.418000 0.02 0.02
6 0.292167 0.433250 0.02 0.02
4 0.685333 0.360500 0.02 0.02
4 0.691167 0.375750 0.02 0.02
4 0.703167 0.375000 0.02 0.02
4 0.715667 0.374750 0.02 0.02
4 0.709833 0.359250 0.02 0.02
