4 0.374500 0.504000 0.02 0.02
4 0.385833 0.504250 0.02 0.02
4 0.398333 0.504750 0.02 0.02
4 0.409500 0.505000 0.02 0.02
4 0.281333 0.530250 0.02 0.02
4 0.304500 0.531500 0.02 0.02
4 0.310500 0.516250 0.02 0.02
4 0.299333 0.516000 0.02 0.02
4 0.298333 0.578750 0.02 0.02
4 0.287167 0.577750 0.02 0.02
4 0.291667 0.594250 0.02 0.02
4 0.304500 0.594500 0.02 0.02
4 0.315333 0.595250 0.02 0.02
4 0.327000 0.595000 0.02 0.02
4 0.339333 0.595250 0.02 0.02
4 0.350667 0.596000 0.02 0.02
4 0.362167 0.596250 0.02 0.02
4 0.373333 0.595250 0.02 0.02
4 0.385167 0.596000 0.02 0.02
6 0.175167 0.738000 0.02 0.02
6 0.180833 0.723750 0.02 0.02
6 0.174833 0.710000 0.02 0.02
6 0.180833 0.695000 0.02 0.02
6 0.174500 0.680000 0.02 0.02
6 0.180667 0.666250 0.02 0.02
6 0.175000 0.652500 0.02 0.02
3 0.245333 0.654000 0.02 0.02
3 0.332333 0.641500 0.02 0.02
3 0.350167 0.626000 0.02 0.02
3 0.373000 0.627000 0.02 0.02
3 0.402333 0.612500 0.02 0.02
3 0.353500 0.730250 0.02 0.02
3 0.358833 0.745500 0.02 0.02
3 0.414000 0.613250 0.02 0.02
3 0.419833 0.598250 0.02 0.02
3 0.443000 0.598500 0.02 0.02
3 0.403000 0.551500 0.02 0.02
3 0.466833 0.599250 0.02 0.02
3 0.472667 0.615250 0.02 0.02
