6 0.519167 0.431250 0.02 0.02
6 0.524667 0.446500 0.02 0.02
6 0.530333 0.462250 0.02 0.02
6 0.536500 0.477250 0.02 0.02
6 0.542333 0.491500 0.02 0.02
6 0.547833 0.507250 0.02 0.02
6 0.553167 0.522000 0.02 0.02
6 0.559833 0.537250 0.02 0.02
6 0.565833 0.551250 0.02 0.02
6 0.571000 0.567000 0.02 0.02
6 0.577333 0.581750 0.02 0.02
6 0.582833 0.597000 0.02 0.02
6 0.588333 0.611000 0.02 0.02
6 0.594000 0.626000 0.02 0.02
6 0.600167 0.641250 0.02 0.02
6 0.606000 0.655750 0.02 0.02
6 0.612000 0.670500 0.02 0.02
6 0.617833 0.686000 0.02 0.02
6 0.624000 0.701750 0.02 0.02
6 0.630000 0.717000 0.02 0.02
6 0.636000 0.731250 0.02 0.02
