1 0.566500 0.545750 0.02 0.02
1 0.578667 0.546500 0.02 0.02
1 0.589333 0.546750 0.02 0.02
1 0.601500 0.546000 0.02 0.02
1 0.612833 0.546500 0.02 0.02
1 0.624500 0.545750 0.02 0.02
1 0.647333 0.547000 0.02 0.02
1 0.670500 0.547750 0.02 0.02
1 0.682667 0.546000 0.02 0.02
1 0.693833 0.547000 0.02 0.02
1 0.705833 0.546000 0.02 0.02
1 0.716500 0.545500 0.02 0.02
1 0.728000 0.545500 0.02 0.02
1 0.739833 0.546500 0.02 0.02
0 0.751667 0.546000 0.02 0.02
1 0.763500 0.546500 0.02 0.02
0 0.774333 0.547000 0.02 0.02
0 0.756500 0.561250 0.02 0.02
0 0.768333 0.560500 0.02 0.02
0 0.762167 0.575500 0.02 0.02
0 0.744500 0.591000 0.02 0.02
0 0.733000 0.591000 0.02 0.02
6 0.796333 0.575250 0.02 0.02
6 0.791167 0.560500 0.02 0.02
6 0.803000 0.561250 0.02 0.02
3 0.814667 0.560250 0.02 0.02
3 0.808000 0.575000 0.02 0.02
3 0.802000 0.590250 0.02 0.02
3 0.796667 0.604250 0.02 0.02
3 0.813833 0.590000 0.02 0.02
3 0.819667 0.575500 0.02 0.02
3 0.826000 0.560500 0.02 0.02
3 0.837500 0.560250 0.02 0.02
3 0.831500 0.575000 0.02 0.02
3 0.843833 0.545250 0.02 0.02
3 0.838167 0.531000 0.02 0.02
3 0.849667 0.530750 0.02 0.02
3 0.827333 0.502000 0.02 0.02
6 0.803500 0.503750 0.02 0.02
3 0.849667 0.559250 0.02 0.02
3 0.861000 0.559500 0.02 0.02
3 0.855167 0.572500 0.02 0.02
3 0.860333 0.587750 0.02 0.02
3 0.866833 0.573250 0.02 0.02
3 0.879167 0.572500 0.02 0.02
6 0.890167 0.571500 0.02 0.02
6 0.901667 0.570500 0.02 0.02
6 0.914333 0.568750 0.02 0.02
6 0.924833 0.566500 0.02 0.02
6 0.936667 0.562250 0.02 0.02
6 0.902500 0.540750 0.02 0.02
6 0.884500 0.528500 0.02 0.02
6 0.874167 0.500250 0.02 0.02
6 0.862000 0.500750 0.02 0.02
6 0.856333 0.486750 0.02 0.02
0 0.787000 0.459000 0.02 0.02
0 0.776000 0.459000 0.02 0.02
0 0.764167 0.459500 0.02 0.02
0 0.747500 0.445250 0.02 0.02
1 0.735667 0.445000 0.02 0.02
1 0.712167 0.443250 0.02 0.02
1 0.694833 0.429000 0.02 0.02
1 0.683167 0.428250 0.02 0.02
1 0.672333 0.427500 0.02 0.02
1 0.677667 0.443750 0.02 0.02
1 0.660833 0.428250 0.02 0.02
1 0.648500 0.428000 0.02 0.02
1 0.637500 0.427750 0.02 0.02
1 0.625667 0.427750 0.02 0.02
1 0.614000 0.427500 0.02 0.02
1 0.602500 0.427250 0.02 0.02
1 0.591000 0.427500 0.02 0.02
1 0.579500 0.427750 0.02 0.02
2 0.568000 0.427000 0.02 0.02
2 0.562000 0.412750 0.02 0.02
2 0.567333 0.397250 0.02 0.02
2 0.573833 0.412000 0.02 0.02
2 0.516333 0.382500 0.02 0.02
2 0.527500 0.381750 0.02 0.02
2 0.539500 0.381000 0.02 0.02
2 0.550833 0.381750 0.02 0.02
2 0.509000 0.398000 0.02 0.02
2 0.521667 0.397250 0.02 0.02
1 0.504833 0.287750 0.02 0.02
4 0.071667 0.460250 0.02 0.02
4 0.082667 0.461250 0.02 0.02
4 0.089833 0.476750 0.02 0.02
4 0.101833 0.477750 0.02 0.02
3 0.095833 0.463000 0.02 0.02
3 0.108000 0.463250 0.02 0.02
3 0.113667 0.479500 0.02 0.02
3 0.084000 0.491500 0.02 0.02
3 0.095667 0.491500 0.02 0.02
3 0.108000 0.492750 0.02 0.02
4 0.065833 0.474750 0.02 0.02
