4 0.471833 0.326250 0.02 0.02
4 0.482833 0.354000 0.02 0.02
4 0.504667 0.354250 0.02 0.02
4 0.515000 0.327500 0.02 0.02
4 0.520833 0.313250 0.02 0.02
4 0.505333 0.271000 0.02 0.02
4 0.543333 0.286750 0.02 0.02
4 0.547500 0.356000 0.02 0.02
4 0.421500 0.422500 0.02 0.02
4 0.421500 0.450500 0.02 0.02
4 0.464333 0.451500 0.02 0.02
4 0.448000 0.464750 0.02 0.02
4 0.361333 0.462000 0.02 0.02
4 0.367500 0.449250 0.02 0.02
4 0.378667 0.394250 0.02 0.02
4 0.324667 0.392000 0.02 0.02
4 0.345833 0.393750 0.02 0.02
4 0.307667 0.406000 0.02 0.02
3 0.318500 0.460750 0.02 0.02
2 0.339000 0.517500 0.02 0.02
2 0.301167 0.502750 0.02 0.02
2 0.382500 0.545750 0.02 0.02
2 0.317000 0.544250 0.02 0.02
2 0.333333 0.559250 0.02 0.02
2 0.338500 0.573250 0.02 0.02
2 0.348333 0.573000 0.02 0.02
2 0.360000 0.573500 0.02 0.02
2 0.306167 0.544250 0.02 0.02
2 0.295000 0.542750 0.02 0.02
2 0.290333 0.530250 0.02 0.02
2 0.296333 0.516250 0.02 0.02
2 0.284833 0.516750 0.02 0.02
2 0.279000 0.529000 0.02 0.02
2 0.284500 0.543250 0.02 0.02
6 0.169000 0.496750 0.02 0.02
6 0.157667 0.497500 0.02 0.02
6 0.179667 0.525000 0.02 0.02
6 0.196333 0.539500 0.02 0.02
6 0.195500 0.567000 0.02 0.02
6 0.173500 0.566250 0.02 0.02
6 0.168167 0.551250 0.02 0.02
2 0.218333 0.541500 0.02 0.02
2 0.229167 0.541000 0.02 0.02
2 0.239833 0.540250 0.02 0.02
4 0.135167 0.273000 0.02 0.02
4 0.130333 0.286750 0.02 0.02
4 0.124667 0.301000 0.02 0.02
3 0.253167 0.320750 0.02 0.02
4 0.264333 0.265250 0.02 0.02
4 0.276000 0.237000 0.02 0.02
4 0.298167 0.208750 0.02 0.02
4 0.292167 0.222750 0.02 0.02
2 0.270000 0.195000 0.02 0.02
2 0.258833 0.192750 0.02 0.02
2 0.275667 0.180750 0.02 0.02
2 0.287667 0.180000 0.02 0.02
6 0.481667 0.410000 0.02 0.02
6 0.503167 0.411250 0.02 0.02
6 0.520167 0.397500 0.02 0.02
6 0.482000 0.382250 0.02 0.02
3 0.492000 0.437750 0.02 0.02
6 0.677167 0.143500 0.02 0.02
6 0.759167 0.160250 0.02 0.02
2 0.693500 0.159750 0.02 0.02
6 0.687667 0.174250 0.02 0.02
4 0.692667 0.189000 0.02 0.02
4 0.676500 0.173500 0.02 0.02
2 0.682333 0.159000 0.02 0.02
6 0.683667 0.128000 0.02 0.02
6 0.689500 0.111250 0.02 0.02
3 0.580667 0.329250 0.02 0.02
