6 0.072833 0.405500 0.02 0.02
6 0.078667 0.390000 0.02 0.02
6 0.089833 0.390000 0.02 0.02
6 0.102333 0.390250 0.02 0.02
6 0.106667 0.375250 0.02 0.02
6 0.112667 0.361500 0.02 0.02
6 0.125667 0.362000 0.02 0.02
4 0.119000 0.376750 0.02 0.02
4 0.131500 0.377500 0.02 0.02
4 0.113833 0.392000 0.02 0.02
4 0.125667 0.392500 0.02 0.02
4 0.137833 0.394000 0.02 0.02
4 0.149500 0.395000 0.02 0.02
4 0.161000 0.396000 0.02 0.02
4 0.173000 0.396500 0.02 0.02
4 0.184167 0.396500 0.02 0.02
4 0.197000 0.396500 0.02 0.02
4 0.191167 0.411500 0.02 0.02
4 0.178833 0.411500 0.02 0.02
4 0.167000 0.410750 0.02 0.02
4 0.173833 0.426250 0.02 0.02
4 0.197500 0.427250 0.02 0.02
4 0.203167 0.411500 0.02 0.02
4 0.161500 0.426500 0.02 0.02
4 0.155000 0.411250 0.02 0.02
4 0.709333 0.612000 0.02 0.02
4 0.721333 0.613000 0.02 0.02
4 0.732833 0.614500 0.02 0.02
4 0.744000 0.615250 0.02 0.02
4 0.755667 0.616000 0.02 0.02
4 0.767833 0.617000 0.02 0.02
4 0.779000 0.617000 0.02 0.02
4 0.790667 0.616500 0.02 0.02
4 0.803333 0.616750 0.02 0.02
4 0.814000 0.615750 0.02 0.02
4 0.826000 0.615250 0.02 0.02
4 0.838333 0.615500 0.02 0.02
4 0.850167 0.615250 0.02 0.02
4 0.856333 0.598750 0.02 0.02
4 0.862667 0.582500 0.02 0.02
4 0.875167 0.581750 0.02 0.02
4 0.887167 0.581500 0.02 0.02
6 0.899333 0.581000 0.02 0.02
6 0.906000 0.564500 0.02 0.02
6 0.917833 0.563250 0.02 0.02
6 0.931167 0.562250 0.02 0.02
6 0.924000 0.547250 0.02 0.02
4 0.850833 0.583000 0.02 0.02
4 0.838667 0.583500 0.02 0.02
4 0.827000 0.583250 0.02 0.02
4 0.815333 0.583750 0.02 0.02
4 0.803167 0.584500 0.02 0.02
