4 0.511667 0.534750 0.02 0.02
4 0.505000 0.549750 0.02 0.02
4 0.493667 0.550250 0.02 0.02
4 0.499500 0.566000 0.02 0.02
4 0.511167 0.564750 0.02 0.02
4 0.523167 0.563250 0.02 0.02
4 0.529167 0.548500 0.02 0.02
4 0.523833 0.533750 0.02 0.02
4 0.518000 0.519750 0.02 0.02
4 0.506167 0.520000 0.02 0.02
4 0.494500 0.520250 0.02 0.02
4 0.500333 0.506500 0.02 0.02
4 0.494833 0.490500 0.02 0.02
4 0.524167 0.504250 0.02 0.02
4 0.536167 0.503000 0.02 0.02
4 0.547833 0.503000 0.02 0.02
4 0.559167 0.503000 0.02 0.02
4 0.553833 0.488000 0.02 0.02
4 0.565833 0.487250 0.02 0.02
4 0.571000 0.501750 0.02 0.02
4 0.576833 0.516750 0.02 0.02
4 0.560333 0.473000 0.02 0.02
4 0.554833 0.458500 0.02 0.02
4 0.542833 0.458500 0.02 0.02
3 0.537167 0.474500 0.02 0.02
3 0.474833 0.566250 0.02 0.02
6 0.183333 0.579500 0.02 0.02
6 0.194333 0.578500 0.02 0.02
6 0.206000 0.579750 0.02 0.02
6 0.171000 0.578250 0.02 0.02
6 0.176333 0.593250 0.02 0.02
6 0.188833 0.593500 0.02 0.02
6 0.199833 0.594500 0.02 0.02
6 0.182500 0.608250 0.02 0.02
6 0.194167 0.608500 0.02 0.02
6 0.188167 0.622750 0.02 0.02
6 0.159500 0.577000 0.02 0.02
6 0.164833 0.593000 0.02 0.02
6 0.170167 0.607500 0.02 0.02
6 0.177000 0.623000 0.02 0.02
6 0.182833 0.638000 0.02 0.02
