4 0.422167 0.513250 0.02 0.02
4 0.434500 0.513500 0.02 0.02
4 0.445333 0.514000 0.02 0.02
4 0.451500 0.530500 0.02 0.02
4 0.457167 0.514250 0.02 0.02
4 0.398667 0.515000 0.02 0.02
4 0.446000 0.545000 0.02 0.02
4 0.452333 0.560500 0.02 0.02
4 0.464000 0.560750 0.02 0.02
4 0.463833 0.529250 0.02 0.02
4 0.469667 0.545000 0.02 0.02
4 0.475667 0.560500 0.02 0.02
4 0.481833 0.576000 0.02 0.02
4 0.487667 0.560500 0.02 0.02
4 0.481167 0.545000 0.02 0.02
4 0.493333 0.545500 0.02 0.02
4 0.498500 0.529750 0.02 0.02
6 0.578333 0.465750 0.02 0.02
6 0.590167 0.466750 0.02 0.02
6 0.601500 0.466250 0.02 0.02
6 0.613167 0.466000 0.02 0.02
6 0.624167 0.465750 0.02 0.02
6 0.618500 0.450750 0.02 0.02
6 0.630000 0.450750 0.02 0.02
6 0.635667 0.465250 0.02 0.02
6 0.647000 0.465000 0.02 0.02
6 0.658333 0.464750 0.02 0.02
6 0.669667 0.464500 0.02 0.02
6 0.675167 0.450500 0.02 0.02
