1 0.542167 0.476500 0.02 0.02
1 0.536833 0.457750 0.02 0.02
1 0.548667 0.459500 0.02 0.02
1 0.529833 0.474250 0.02 0.02
1 0.524333 0.458000 0.02 0.02
1 0.518500 0.441500 0.02 0.02
1 0.530500 0.441750 0.02 0.02
1 0.505167 0.440250 0.02 0.02
1 0.511500 0.456750 0.02 0.02
1 0.517667 0.474000 0.02 0.02
1 0.504500 0.471750 0.02 0.02
1 0.499667 0.455750 0.02 0.02
1 0.493333 0.439500 0.02 0.02
1 0.492333 0.472500 0.02 0.02
1 0.487000 0.455250 0.02 0.02
1 0.481500 0.439250 0.02 0.02
1 0.469333 0.438500 0.02 0.02
1 0.474167 0.455250 0.02 0.02
1 0.479833 0.471000 0.02 0.02
1 0.485333 0.486250 0.02 0.02
1 0.498000 0.487000 0.02 0.02
1 0.510500 0.488250 0.02 0.02
1 0.487500 0.423000 0.02 0.02
1 0.500000 0.424250 0.02 0.02
1 0.513000 0.424000 0.02 0.02
1 0.525500 0.425250 0.02 0.02
1 0.450000 0.453000 0.02 0.02
1 0.461833 0.453750 0.02 0.02
1 0.467667 0.470000 0.02 0.02
1 0.455167 0.469250 0.02 0.02
1 0.460833 0.485500 0.02 0.02
1 0.472667 0.486500 0.02 0.02
1 0.447833 0.483750 0.02 0.02
1 0.435500 0.484000 0.02 0.02
1 0.441667 0.498750 0.02 0.02
1 0.453833 0.500750 0.02 0.02
1 0.465500 0.500500 0.02 0.02
1 0.479000 0.502000 0.02 0.02
1 0.491167 0.501500 0.02 0.02
1 0.504000 0.503000 0.02 0.02
1 0.516000 0.504000 0.02 0.02
1 0.523333 0.490250 0.02 0.02
1 0.529500 0.504750 0.02 0.02
1 0.546833 0.519750 0.02 0.02
1 0.534167 0.518750 0.02 0.02
1 0.522167 0.519500 0.02 0.02
1 0.509667 0.519250 0.02 0.02
1 0.497000 0.517500 0.02 0.02
1 0.502500 0.534250 0.02 0.02
1 0.489667 0.533750 0.02 0.02
1 0.484833 0.518500 0.02 0.02
1 0.472167 0.518000 0.02 0.02
1 0.476667 0.533750 0.02 0.02
1 0.482500 0.549750 0.02 0.02
1 0.487667 0.564250 0.02 0.02
1 0.494167 0.582750 0.02 0.02
1 0.500500 0.566500 0.02 0.02
1 0.480833 0.580000 0.02 0.02
1 0.475167 0.565500 0.02 0.02
1 0.470333 0.549500 0.02 0.02
1 0.464000 0.534250 0.02 0.02
1 0.458500 0.516500 0.02 0.02
1 0.447000 0.514000 0.02 0.02
1 0.434333 0.513250 0.02 0.02
1 0.440333 0.529500 0.02 0.02
1 0.428167 0.529000 0.02 0.02
1 0.458500 0.548750 0.02 0.02
1 0.445500 0.547750 0.02 0.02
1 0.433500 0.545000 0.02 0.02
1 0.421833 0.544250 0.02 0.02
1 0.426333 0.561250 0.02 0.02
1 0.439167 0.562750 0.02 0.02
1 0.452833 0.565000 0.02 0.02
1 0.444833 0.579000 0.02 0.02
1 0.419167 0.575250 0.02 0.02
1 0.455000 0.609000 0.02 0.02
1 0.466500 0.609000 0.02 0.02
1 0.472333 0.592500 0.02 0.02
1 0.478333 0.609000 0.02 0.02
1 0.486000 0.595250 0.02 0.02
1 0.499333 0.598000 0.02 0.02
1 0.491667 0.612250 0.02 0.02
1 0.484333 0.627250 0.02 0.02
1 0.498000 0.628000 0.02 0.02
1 0.471667 0.626000 0.02 0.02
1 0.504667 0.613000 0.02 0.02
1 0.510333 0.628750 0.02 0.02
1 0.516667 0.615000 0.02 0.02
1 0.524500 0.598500 0.02 0.02
1 0.512000 0.598500 0.02 0.02
1 0.530000 0.614750 0.02 0.02
1 0.522500 0.629250 0.02 0.02
1 0.536000 0.631750 0.02 0.02
1 0.542667 0.617000 0.02 0.02
1 0.537500 0.600250 0.02 0.02
1 0.531333 0.583500 0.02 0.02
1 0.544167 0.584500 0.02 0.02
1 0.422333 0.512750 0.02 0.02
1 0.415667 0.497000 0.02 0.02
1 0.422667 0.482000 0.02 0.02
1 0.410667 0.480000 0.02 0.02
1 0.417167 0.465750 0.02 0.02
3 0.404167 0.465000 0.02 0.02
3 0.390667 0.463500 0.02 0.02
3 0.397833 0.448750 0.02 0.02
3 0.405167 0.433500 0.02 0.02
3 0.383333 0.480000 0.02 0.02
3 0.391000 0.496000 0.02 0.02
3 0.377333 0.462500 0.02 0.02
3 0.383833 0.447250 0.02 0.02
3 0.391500 0.432250 0.02 0.02
3 0.399167 0.417250 0.02 0.02
3 0.412000 0.418500 0.02 0.02
3 0.425167 0.419750 0.02 0.02
6 0.410833 0.449000 0.02 0.02
6 0.417667 0.434750 0.02 0.02
6 0.430667 0.435000 0.02 0.02
6 0.423333 0.450250 0.02 0.02
6 0.436833 0.451500 0.02 0.02
6 0.444000 0.437250 0.02 0.02
6 0.456167 0.436250 0.02 0.02
6 0.450833 0.420250 0.02 0.02
6 0.438833 0.420000 0.02 0.02
6 0.463167 0.421000 0.02 0.02
6 0.475167 0.422250 0.02 0.02
1 0.469000 0.437750 0.02 0.02
1 0.456667 0.405500 0.02 0.02
3 0.432500 0.405250 0.02 0.02
1 0.481500 0.406500 0.02 0.02
1 0.527667 0.535750 0.02 0.02
1 0.532833 0.551500 0.02 0.02
1 0.538667 0.568250 0.02 0.02
1 0.551000 0.568500 0.02 0.02
1 0.563833 0.569750 0.02 0.02
1 0.558000 0.553500 0.02 0.02
1 0.552000 0.536750 0.02 0.02
1 0.540167 0.536500 0.02 0.02
1 0.545667 0.552750 0.02 0.02
3 0.747833 0.443500 0.02 0.02
3 0.778333 0.384750 0.02 0.02
3 0.785500 0.369500 0.02 0.02
3 0.760000 0.368250 0.02 0.02
3 0.710000 0.364750 0.02 0.02
3 0.765167 0.384250 0.02 0.02
3 0.783500 0.401500 0.02 0.02
3 0.800667 0.304500 0.02 0.02
3 0.795167 0.287750 0.02 0.02
3 0.742667 0.284750 0.02 0.02
3 0.742500 0.317500 0.02 0.02
3 0.737667 0.268500 0.02 0.02
3 0.720500 0.220000 0.02 0.02
3 0.713833 0.234750 0.02 0.02
3 0.706667 0.250250 0.02 0.02
3 0.679833 0.281000 0.02 0.02
3 0.688333 0.232500 0.02 0.02
4 0.701167 0.232500 0.02 0.02
4 0.707833 0.217250 0.02 0.02
4 0.695500 0.215500 0.02 0.02
4 0.702667 0.201000 0.02 0.02
4 0.708333 0.185000 0.02 0.02
4 0.726833 0.202750 0.02 0.02
4 0.738833 0.203750 0.02 0.02
4 0.690167 0.198750 0.02 0.02
4 0.696000 0.182500 0.02 0.02
4 0.684167 0.213750 0.02 0.02
4 0.677667 0.196750 0.02 0.02
4 0.672167 0.180000 0.02 0.02
4 0.665333 0.194500 0.02 0.02
4 0.658833 0.212000 0.02 0.02
4 0.672000 0.212500 0.02 0.02
4 0.664167 0.229000 0.02 0.02
4 0.669333 0.245000 0.02 0.02
4 0.682500 0.247250 0.02 0.02
4 0.687833 0.263750 0.02 0.02
4 0.699500 0.265500 0.02 0.02
4 0.712833 0.266500 0.02 0.02
4 0.724833 0.266500 0.02 0.02
