4 0.174167 0.389000 0.02 0.02
4 0.197833 0.390000 0.02 0.02
4 0.210667 0.390000 0.02 0.02
4 0.185833 0.448000 0.02 0.02
4 0.157167 0.402000 0.02 0.02
4 0.156167 0.340750 0.02 0.02
4 0.191500 0.342000 0.02 0.02
4 0.179833 0.341000 0.02 0.02
3 0.186167 0.358250 0.02 0.02
3 0.204167 0.343000 0.02 0.02
3 0.216833 0.405250 0.02 0.02
3 0.215833 0.435250 0.02 0.02
3 0.251167 0.406500 0.02 0.02
3 0.264167 0.345250 0.02 0.02
3 0.304333 0.483750 0.02 0.02
0 0.316333 0.483500 0.02 0.02
0 0.327833 0.513750 0.02 0.02
1 0.322000 0.468500 0.02 0.02
1 0.327500 0.483500 0.02 0.02
1 0.345667 0.469250 0.02 0.02
1 0.352000 0.454250 0.02 0.02
1 0.370167 0.442000 0.02 0.02
2 0.375833 0.425750 0.02 0.02
2 0.405333 0.443000 0.02 0.02
2 0.446167 0.489250 0.02 0.02
2 0.453333 0.413000 0.02 0.02
1 0.351000 0.513750 0.02 0.02
3 0.338500 0.602250 0.02 0.02
3 0.315167 0.542750 0.02 0.02
3 0.287667 0.497750 0.02 0.02
4 0.257333 0.482250 0.02 0.02
2 0.553167 0.461250 0.02 0.02
2 0.530333 0.400500 0.02 0.02
3 0.728500 0.230250 0.02 0.02
3 0.727000 0.295250 0.02 0.02
3 0.750167 0.295250 0.02 0.02
3 0.738667 0.295000 0.02 0.02
4 0.739667 0.262500 0.02 0.02
4 0.745333 0.278750 0.02 0.02
4 0.758000 0.279250 0.02 0.02
4 0.763167 0.263750 0.02 0.02
4 0.781000 0.279000 0.02 0.02
1 0.714167 0.295750 0.02 0.02
0 0.679167 0.327000 0.02 0.02
0 0.673833 0.311750 0.02 0.02
3 0.672167 0.311750 0.02 0.02
1 0.650167 0.310750 0.02 0.02
1 0.655000 0.327250 0.02 0.02
1 0.666333 0.357750 0.02 0.02
0 0.679000 0.357500 0.02 0.02
1 0.702500 0.356750 0.02 0.02
2 0.696833 0.372500 0.02 0.02
4 0.203167 0.495000 0.02 0.02
4 0.180667 0.464250 0.02 0.02
4 0.215500 0.465500 0.02 0.02
4 0.173833 0.479250 0.02 0.02
3 0.209500 0.509250 0.02 0.02
3 0.221667 0.481000 0.02 0.02
3 0.227667 0.523750 0.02 0.02
3 0.268333 0.540750 0.02 0.02
3 0.315833 0.542250 0.02 0.02
0 0.321000 0.528750 0.02 0.02
0 0.322167 0.499250 0.02 0.02
1 0.327833 0.485000 0.02 0.02
1 0.345500 0.499750 0.02 0.02
1 0.345000 0.529000 0.02 0.02
1 0.369000 0.529750 0.02 0.02
1 0.386000 0.515750 0.02 0.02
0 0.386667 0.546000 0.02 0.02
1 0.393000 0.530500 0.02 0.02
1 0.410333 0.517250 0.02 0.02
2 0.434333 0.518000 0.02 0.02
0 0.451167 0.562250 0.02 0.02
1 0.469000 0.576500 0.02 0.02
2 0.475333 0.533750 0.02 0.02
2 0.498833 0.533000 0.02 0.02
2 0.510500 0.564000 0.02 0.02
2 0.517500 0.518750 0.02 0.02
2 0.517167 0.490000 0.02 0.02
2 0.595167 0.385500 0.02 0.02
3 0.626167 0.248000 0.02 0.02
3 0.632333 0.231250 0.02 0.02
3 0.639167 0.214500 0.02 0.02
4 0.650833 0.213250 0.02 0.02
4 0.663500 0.175750 0.02 0.02
4 0.747167 0.214000 0.02 0.02
3 0.728833 0.231000 0.02 0.02
