6 0.320833 0.451000 0.02 0.02
6 0.333333 0.451500 0.02 0.02
6 0.315333 0.465750 0.02 0.02
6 0.327000 0.465750 0.02 0.02
6 0.339167 0.467500 0.02 0.02
6 0.309333 0.480750 0.02 0.02
6 0.321333 0.481250 0.02 0.02
6 0.333333 0.482000 0.02 0.02
6 0.344833 0.482750 0.02 0.02
6 0.315333 0.496250 0.02 0.02
6 0.327667 0.496000 0.02 0.02
6 0.338667 0.497750 0.02 0.02
4 0.338000 0.435000 0.02 0.02
4 0.333167 0.418500 0.02 0.02
4 0.327000 0.402000 0.02 0.02
4 0.338333 0.403500 0.02 0.02
4 0.349833 0.404250 0.02 0.02
4 0.361667 0.404500 0.02 0.02
4 0.367000 0.420750 0.02 0.02
4 0.361333 0.435500 0.02 0.02
4 0.372500 0.436000 0.02 0.02
6 0.753833 0.604000 0.02 0.02
6 0.760167 0.617250 0.02 0.02
6 0.766333 0.631250 0.02 0.02
6 0.772833 0.644750 0.02 0.02
6 0.779000 0.659500 0.02 0.02
6 0.766833 0.661500 0.02 0.02
6 0.761000 0.647250 0.02 0.02
6 0.755167 0.662250 0.02 0.02
6 0.761000 0.675750 0.02 0.02
6 0.773500 0.675500 0.02 0.02
