2 0.578167 0.476250 0.02 0.02
2 0.589667 0.476750 0.02 0.02
2 0.595000 0.462500 0.02 0.02
2 0.601167 0.448000 0.02 0.02
2 0.607167 0.433250 0.02 0.02
2 0.584167 0.492750 0.02 0.02
2 0.578333 0.504750 0.02 0.02
2 0.572667 0.520000 0.02 0.02
2 0.583167 0.520500 0.02 0.02
2 0.595500 0.520750 0.02 0.02
4 0.508500 0.227750 0.02 0.02
4 0.469000 0.211500 0.02 0.02
4 0.480500 0.210250 0.02 0.02
4 0.473833 0.225250 0.02 0.02
4 0.463167 0.226000 0.02 0.02
4 0.456833 0.242250 0.02 0.02
4 0.479667 0.242000 0.02 0.02
4 0.491500 0.242000 0.02 0.02
4 0.497167 0.257000 0.02 0.02
4 0.491000 0.272500 0.02 0.02
4 0.485500 0.287500 0.02 0.02
4 0.501667 0.272500 0.02 0.02
4 0.498167 0.285250 0.02 0.02
3 0.412833 0.210500 0.02 0.02
3 0.390500 0.117750 0.02 0.02
3 0.401500 0.088500 0.02 0.02
3 0.373667 0.101750 0.02 0.02
3 0.362667 0.101000 0.02 0.02
3 0.356167 0.118750 0.02 0.02
3 0.352500 0.131750 0.02 0.02
3 0.345167 0.147750 0.02 0.02
2 0.351500 0.163000 0.02 0.02
2 0.339833 0.163250 0.02 0.02
2 0.328500 0.161250 0.02 0.02
2 0.317167 0.162000 0.02 0.02
2 0.304000 0.161500 0.02 0.02
6 0.120500 0.345250 0.02 0.02
6 0.113833 0.358750 0.02 0.02
6 0.102667 0.358250 0.02 0.02
6 0.091500 0.356000 0.02 0.02
6 0.108667 0.343250 0.02 0.02
6 0.107833 0.373000 0.02 0.02
6 0.101000 0.386750 0.02 0.02
6 0.096667 0.400750 0.02 0.02
6 0.102667 0.415000 0.02 0.02
6 0.108167 0.399500 0.02 0.02
0 0.592500 0.215500 0.02 0.02
0 0.586333 0.260500 0.02 0.02
0 0.647500 0.304250 0.02 0.02
