6 0.549500 0.282750 0.02 0.02
6 0.555333 0.298500 0.02 0.02
6 0.561500 0.313750 0.02 0.02
6 0.567500 0.329000 0.02 0.02
6 0.573000 0.346250 0.02 0.02
6 0.579500 0.362250 0.02 0.02
6 0.584833 0.378500 0.02 0.02
6 0.590667 0.394250 0.02 0.02
6 0.596500 0.410750 0.02 0.02
6 0.602333 0.425000 0.02 0.02
6 0.608333 0.440500 0.02 0.02
6 0.614000 0.456500 0.02 0.02
6 0.619333 0.471750 0.02 0.02
6 0.626167 0.487750 0.02 0.02
6 0.631333 0.502500 0.02 0.02
6 0.637500 0.518750 0.02 0.02
6 0.643167 0.533750 0.02 0.02
6 0.648667 0.549250 0.02 0.02
6 0.654667 0.565000 0.02 0.02
6 0.660333 0.579500 0.02 0.02
6 0.666000 0.595000 0.02 0.02
6 0.660167 0.609250 0.02 0.02
6 0.654167 0.624750 0.02 0.02
6 0.648500 0.639250 0.02 0.02
6 0.641500 0.654000 0.02 0.02
6 0.647667 0.669250 0.02 0.02
6 0.653333 0.684000 0.02 0.02
6 0.659500 0.699500 0.02 0.02
6 0.654000 0.714250 0.02 0.02
6 0.647333 0.729000 0.02 0.02
6 0.652833 0.744250 0.02 0.02
6 0.658500 0.759500 0.02 0.02
6 0.653167 0.773750 0.02 0.02
6 0.658833 0.788750 0.02 0.02
6 0.653167 0.803250 0.02 0.02
6 0.658000 0.817750 0.02 0.02
6 0.652667 0.832250 0.02 0.02
6 0.658000 0.846750 0.02 0.02
6 0.652000 0.861250 0.02 0.02
6 0.646167 0.876250 0.02 0.02
6 0.651667 0.892000 0.02 0.02
