4 0.455167 0.442500 0.02 0.02
4 0.477333 0.442250 0.02 0.02
4 0.427167 0.400750 0.02 0.02
4 0.433500 0.385500 0.02 0.02
4 0.428000 0.372250 0.02 0.02
4 0.399833 0.357500 0.02 0.02
4 0.405500 0.401750 0.02 0.02
4 0.416500 0.401250 0.02 0.02
4 0.404833 0.429000 0.02 0.02
4 0.416000 0.429000 0.02 0.02
4 0.399000 0.469750 0.02 0.02
4 0.410333 0.469750 0.02 0.02
4 0.432000 0.470000 0.02 0.02
4 0.438500 0.456750 0.02 0.02
6 0.483833 0.427750 0.02 0.02
6 0.472000 0.427000 0.02 0.02
6 0.460167 0.428750 0.02 0.02
3 0.460667 0.455500 0.02 0.02
3 0.471500 0.457250 0.02 0.02
3 0.483167 0.456250 0.02 0.02
3 0.516667 0.401500 0.02 0.02
3 0.454333 0.471250 0.02 0.02
3 0.465500 0.471000 0.02 0.02
3 0.449000 0.484250 0.02 0.02
3 0.460000 0.484750 0.02 0.02
3 0.477000 0.498250 0.02 0.02
3 0.489000 0.498750 0.02 0.02
3 0.472000 0.513250 0.02 0.02
3 0.483000 0.513000 0.02 0.02
3 0.488500 0.553000 0.02 0.02
3 0.420833 0.525500 0.02 0.02
3 0.404500 0.540250 0.02 0.02
6 0.310000 0.551250 0.02 0.02
6 0.299167 0.550250 0.02 0.02
6 0.304500 0.536500 0.02 0.02
6 0.315833 0.538250 0.02 0.02
6 0.326833 0.538500 0.02 0.02
6 0.320667 0.551250 0.02 0.02
6 0.315500 0.566250 0.02 0.02
6 0.326333 0.566500 0.02 0.02
6 0.332667 0.551750 0.02 0.02
6 0.337333 0.538500 0.02 0.02
3 0.835833 0.449500 0.02 0.02
3 0.825167 0.449750 0.02 0.02
3 0.814833 0.449000 0.02 0.02
3 0.813333 0.477250 0.02 0.02
3 0.826167 0.421750 0.02 0.02
