4 0.105500 0.217000 0.02 0.02
4 0.119000 0.217250 0.02 0.02
4 0.100000 0.200000 0.02 0.02
4 0.111333 0.200500 0.02 0.02
4 0.086833 0.232500 0.02 0.02
4 0.079833 0.248000 0.02 0.02
4 0.073167 0.296750 0.02 0.02
3 0.086000 0.299000 0.02 0.02
3 0.093667 0.281750 0.02 0.02
3 0.099000 0.267250 0.02 0.02
3 0.105833 0.250500 0.02 0.02
3 0.112333 0.232250 0.02 0.02
6 0.086667 0.266000 0.02 0.02
6 0.074000 0.265250 0.02 0.02
6 0.061667 0.263000 0.02 0.02
6 0.054833 0.245000 0.02 0.02
6 0.067333 0.247500 0.02 0.02
6 0.061167 0.229250 0.02 0.02
6 0.054833 0.278750 0.02 0.02
6 0.061167 0.294500 0.02 0.02
6 0.067333 0.311750 0.02 0.02
6 0.061167 0.326750 0.02 0.02
2 0.119833 0.284750 0.02 0.02
2 0.132333 0.285000 0.02 0.02
2 0.144500 0.286750 0.02 0.02
2 0.113000 0.301750 0.02 0.02
2 0.125500 0.301750 0.02 0.02
2 0.139667 0.303000 0.02 0.02
2 0.152000 0.303000 0.02 0.02
3 0.165000 0.303500 0.02 0.02
3 0.170667 0.319750 0.02 0.02
3 0.139167 0.333750 0.02 0.02
3 0.146667 0.348750 0.02 0.02
3 0.233667 0.476000 0.02 0.02
0 0.775500 0.480250 0.02 0.02
0 0.793667 0.464500 0.02 0.02
0 0.806167 0.463750 0.02 0.02
0 0.756833 0.497750 0.02 0.02
0 0.745500 0.528750 0.02 0.02
4 0.898000 0.258250 0.02 0.02
4 0.904000 0.272750 0.02 0.02
4 0.910167 0.256500 0.02 0.02
4 0.904333 0.241750 0.02 0.02
3 0.890833 0.241750 0.02 0.02
3 0.884000 0.290500 0.02 0.02
3 0.872000 0.259500 0.02 0.02
3 0.878167 0.274750 0.02 0.02
2 0.865833 0.243000 0.02 0.02
6 0.901000 0.648250 0.02 0.02
6 0.906833 0.630250 0.02 0.02
6 0.922500 0.626250 0.02 0.02
6 0.893833 0.630750 0.02 0.02
6 0.899500 0.616250 0.02 0.02
4 0.904500 0.598750 0.02 0.02
3 0.885500 0.587750 0.02 0.02
3 0.880333 0.603000 0.02 0.02
0 0.725500 0.454250 0.02 0.02
0 0.719833 0.469750 0.02 0.02
3 0.580167 0.460750 0.02 0.02
3 0.592833 0.490750 0.02 0.02
3 0.603667 0.429500 0.02 0.02
