1 0.355500 0.487750 0.02 0.02
1 0.332833 0.486750 0.02 0.02
1 0.318333 0.213750 0.02 0.02
1 0.313333 0.229750 0.02 0.02
3 0.357500 0.133500 0.02 0.02
3 0.376000 0.150500 0.02 0.02
3 0.387500 0.149000 0.02 0.02
3 0.399167 0.150750 0.02 0.02
3 0.392833 0.134500 0.02 0.02
3 0.387333 0.117500 0.02 0.02
3 0.411000 0.149000 0.02 0.02
3 0.422333 0.149000 0.02 0.02
3 0.434333 0.149250 0.02 0.02
3 0.445333 0.148750 0.02 0.02
3 0.456833 0.150000 0.02 0.02
2 0.382500 0.228750 0.02 0.02
2 0.394500 0.229500 0.02 0.02
2 0.388000 0.213250 0.02 0.02
2 0.375667 0.213000 0.02 0.02
2 0.354500 0.307000 0.02 0.02
2 0.366333 0.307750 0.02 0.02
2 0.377833 0.307000 0.02 0.02
2 0.337667 0.352500 0.02 0.02
2 0.349167 0.353250 0.02 0.02
2 0.360167 0.354000 0.02 0.02
2 0.371667 0.354000 0.02 0.02
2 0.400667 0.428750 0.02 0.02
2 0.412500 0.429500 0.02 0.02
2 0.389167 0.429000 0.02 0.02
3 0.225833 0.212750 0.02 0.02
3 0.230833 0.198000 0.02 0.02
3 0.243000 0.198000 0.02 0.02
3 0.248167 0.181250 0.02 0.02
3 0.254333 0.164250 0.02 0.02
4 0.219167 0.197250 0.02 0.02
4 0.213500 0.213500 0.02 0.02
4 0.202333 0.213750 0.02 0.02
4 0.191167 0.213750 0.02 0.02
4 0.179167 0.212750 0.02 0.02
4 0.166833 0.212000 0.02 0.02
4 0.155833 0.211250 0.02 0.02
4 0.208667 0.228750 0.02 0.02
4 0.196667 0.229250 0.02 0.02
4 0.185500 0.229250 0.02 0.02
4 0.174000 0.228500 0.02 0.02
4 0.162500 0.228750 0.02 0.02
4 0.151333 0.228000 0.02 0.02
4 0.139333 0.228000 0.02 0.02
6 0.220000 0.229000 0.02 0.02
6 0.231667 0.229000 0.02 0.02
6 0.221000 0.260750 0.02 0.02
6 0.232667 0.260750 0.02 0.02
6 0.227333 0.276000 0.02 0.02
6 0.238833 0.275000 0.02 0.02
6 0.232667 0.291250 0.02 0.02
6 0.244833 0.290000 0.02 0.02
6 0.239167 0.306500 0.02 0.02
6 0.245833 0.321000 0.02 0.02
6 0.216500 0.336250 0.02 0.02
6 0.234500 0.351250 0.02 0.02
6 0.246000 0.351250 0.02 0.02
6 0.240333 0.366500 0.02 0.02
2 0.263333 0.337000 0.02 0.02
2 0.274500 0.337500 0.02 0.02
2 0.286167 0.338000 0.02 0.02
2 0.297500 0.338750 0.02 0.02
