2 0.247333 0.415000 0.02 0.02
2 0.253167 0.429750 0.02 0.02
2 0.235667 0.444000 0.02 0.02
4 0.230000 0.399500 0.02 0.02
4 0.224333 0.414750 0.02 0.02
4 0.235500 0.414250 0.02 0.02
4 0.212667 0.414750 0.02 0.02
4 0.206667 0.398750 0.02 0.02
4 0.194500 0.397000 0.02 0.02
4 0.201000 0.415250 0.02 0.02
4 0.206333 0.428750 0.02 0.02
4 0.218167 0.430250 0.02 0.02
3 0.229667 0.429750 0.02 0.02
3 0.252833 0.457250 0.02 0.02
3 0.218333 0.399000 0.02 0.02
3 0.161000 0.337500 0.02 0.02
3 0.182333 0.308000 0.02 0.02
3 0.300500 0.459250 0.02 0.02
3 0.317500 0.473000 0.02 0.02
3 0.323500 0.459000 0.02 0.02
3 0.346167 0.488000 0.02 0.02
3 0.358667 0.430500 0.02 0.02
3 0.376500 0.415750 0.02 0.02
3 0.388833 0.415750 0.02 0.02
3 0.401000 0.415750 0.02 0.02
4 0.394500 0.431250 0.02 0.02
4 0.399667 0.445000 0.02 0.02
4 0.405000 0.461000 0.02 0.02
4 0.393000 0.460750 0.02 0.02
4 0.381833 0.459000 0.02 0.02
4 0.381333 0.489500 0.02 0.02
4 0.393333 0.489000 0.02 0.02
6 0.839667 0.625500 0.02 0.02
6 0.844500 0.638000 0.02 0.02
6 0.849833 0.623500 0.02 0.02
6 0.829500 0.627750 0.02 0.02
6 0.823167 0.642250 0.02 0.02
6 0.849167 0.650250 0.02 0.02
6 0.860333 0.650500 0.02 0.02
6 0.871833 0.650000 0.02 0.02
6 0.866167 0.664750 0.02 0.02
6 0.854667 0.665250 0.02 0.02
6 0.844167 0.665000 0.02 0.02
6 0.889167 0.634500 0.02 0.02
6 0.901167 0.635000 0.02 0.02
6 0.907333 0.620250 0.02 0.02
6 0.900833 0.606000 0.02 0.02
6 0.896000 0.593250 0.02 0.02
6 0.889500 0.607500 0.02 0.02
6 0.883667 0.622000 0.02 0.02
6 0.872667 0.621000 0.02 0.02
6 0.861500 0.623000 0.02 0.02
6 0.905500 0.674750 0.02 0.02
6 0.899333 0.689250 0.02 0.02
6 0.882167 0.704000 0.02 0.02
6 0.870333 0.705000 0.02 0.02
6 0.859167 0.706000 0.02 0.02
6 0.847667 0.707500 0.02 0.02
6 0.837333 0.707250 0.02 0.02
3 0.242000 0.632250 0.02 0.02
3 0.247833 0.645750 0.02 0.02
3 0.253500 0.660250 0.02 0.02
3 0.258833 0.674500 0.02 0.02
3 0.265167 0.690000 0.02 0.02
3 0.271000 0.703750 0.02 0.02
3 0.282500 0.704500 0.02 0.02
3 0.560833 0.535750 0.02 0.02
3 0.555500 0.550250 0.02 0.02
3 0.537500 0.565000 0.02 0.02
3 0.566833 0.579250 0.02 0.02
3 0.548667 0.593250 0.02 0.02
3 0.537333 0.594000 0.02 0.02
3 0.566333 0.608750 0.02 0.02
3 0.578000 0.609500 0.02 0.02
3 0.589667 0.609500 0.02 0.02
3 0.595833 0.595000 0.02 0.02
3 0.577667 0.638500 0.02 0.02
3 0.542500 0.637500 0.02 0.02
3 0.530667 0.636000 0.02 0.02
3 0.519333 0.664250 0.02 0.02
3 0.501833 0.678250 0.02 0.02
3 0.507667 0.693750 0.02 0.02
3 0.518833 0.693750 0.02 0.02
3 0.530333 0.694250 0.02 0.02
3 0.484500 0.693750 0.02 0.02
3 0.473000 0.694000 0.02 0.02
3 0.467167 0.679500 0.02 0.02
3 0.461833 0.665000 0.02 0.02
3 0.473833 0.665000 0.02 0.02
3 0.444667 0.679750 0.02 0.02
3 0.415500 0.635500 0.02 0.02
3 0.427000 0.636250 0.02 0.02
3 0.386333 0.679000 0.02 0.02
3 0.380667 0.693250 0.02 0.02
3 0.328333 0.618250 0.02 0.02
3 0.334667 0.603500 0.02 0.02
3 0.322833 0.633250 0.02 0.02
3 0.317000 0.647500 0.02 0.02
3 0.328500 0.648000 0.02 0.02
3 0.340333 0.647500 0.02 0.02
3 0.288000 0.632500 0.02 0.02
3 0.276667 0.631750 0.02 0.02
3 0.271333 0.617250 0.02 0.02
4 0.241333 0.603750 0.02 0.02
4 0.229833 0.602500 0.02 0.02
4 0.224167 0.588500 0.02 0.02
4 0.218667 0.602250 0.02 0.02
4 0.212833 0.588250 0.02 0.02
4 0.206667 0.601500 0.02 0.02
4 0.212500 0.616750 0.02 0.02
4 0.195667 0.602000 0.02 0.02
4 0.200833 0.587250 0.02 0.02
4 0.189500 0.586000 0.02 0.02
4 0.177333 0.585500 0.02 0.02
4 0.183167 0.572000 0.02 0.02
4 0.194000 0.572500 0.02 0.02
4 0.189000 0.557750 0.02 0.02
4 0.200667 0.558250 0.02 0.02
4 0.194667 0.544000 0.02 0.02
4 0.200500 0.529500 0.02 0.02
4 0.206833 0.515750 0.02 0.02
4 0.212000 0.501250 0.02 0.02
4 0.217667 0.487750 0.02 0.02
4 0.223667 0.473250 0.02 0.02
2 0.247000 0.415000 0.02 0.02
2 0.253333 0.430000 0.02 0.02
2 0.235333 0.444000 0.02 0.02
6 0.871333 0.677750 0.02 0.02
6 0.866167 0.664750 0.02 0.02
6 0.860667 0.650500 0.02 0.02
6 0.855333 0.636250 0.02 0.02
6 0.866167 0.636250 0.02 0.02
6 0.877833 0.634500 0.02 0.02
6 0.889333 0.634500 0.02 0.02
6 0.901000 0.634250 0.02 0.02
6 0.906167 0.619250 0.02 0.02
6 0.912333 0.605500 0.02 0.02
6 0.912667 0.633750 0.02 0.02
6 0.906667 0.647750 0.02 0.02
6 0.900333 0.662500 0.02 0.02
6 0.894500 0.676000 0.02 0.02
6 0.888167 0.690500 0.02 0.02
6 0.877000 0.690500 0.02 0.02
6 0.881667 0.703000 0.02 0.02
3 0.247333 0.530500 0.02 0.02
3 0.259167 0.531250 0.02 0.02
3 0.253667 0.544500 0.02 0.02
3 0.271333 0.558750 0.02 0.02
3 0.259167 0.588500 0.02 0.02
3 0.265167 0.602500 0.02 0.02
3 0.271333 0.587750 0.02 0.02
3 0.283000 0.587250 0.02 0.02
