4 0.073833 0.386750 0.02 0.02
4 0.066167 0.371000 0.02 0.02
0 0.092667 0.402750 0.02 0.02
0 0.098833 0.417750 0.02 0.02
0 0.093500 0.433250 0.02 0.02
0 0.117500 0.434000 0.02 0.02
0 0.129000 0.434000 0.02 0.02
0 0.135000 0.418750 0.02 0.02
0 0.123000 0.418500 0.02 0.02
0 0.140667 0.433750 0.02 0.02
0 0.146667 0.419250 0.02 0.02
1 0.250833 0.422250 0.02 0.02
1 0.261667 0.422500 0.02 0.02
1 0.273667 0.422750 0.02 0.02
1 0.267333 0.408000 0.02 0.02
1 0.261500 0.451750 0.02 0.02
1 0.279167 0.466750 0.02 0.02
1 0.331500 0.454250 0.02 0.02
1 0.320333 0.454250 0.02 0.02
1 0.326500 0.439250 0.02 0.02
1 0.332000 0.423000 0.02 0.02
1 0.413500 0.395250 0.02 0.02
1 0.372500 0.381250 0.02 0.02
1 0.418833 0.410250 0.02 0.02
1 0.424667 0.424750 0.02 0.02
1 0.408000 0.409750 0.02 0.02
1 0.384000 0.410250 0.02 0.02
3 0.854500 0.238500 0.02 0.02
3 0.844000 0.208500 0.02 0.02
3 0.831500 0.208000 0.02 0.02
3 0.820167 0.178750 0.02 0.02
3 0.808000 0.178500 0.02 0.02
3 0.874000 0.223500 0.02 0.02
3 0.878833 0.239000 0.02 0.02
3 0.895833 0.254000 0.02 0.02
4 0.881167 0.208750 0.02 0.02
4 0.875333 0.193750 0.02 0.02
4 0.869667 0.179000 0.02 0.02
4 0.857333 0.179250 0.02 0.02
4 0.823000 0.117750 0.02 0.02
4 0.828833 0.132750 0.02 0.02
4 0.829500 0.104000 0.02 0.02
4 0.835500 0.118500 0.02 0.02
3 0.778667 0.161000 0.02 0.02
3 0.760667 0.143500 0.02 0.02
3 0.737333 0.143250 0.02 0.02
3 0.732000 0.125750 0.02 0.02
3 0.655167 0.172500 0.02 0.02
3 0.673333 0.157750 0.02 0.02
3 0.679833 0.142000 0.02 0.02
3 0.668667 0.140000 0.02 0.02
6 0.823833 0.650500 0.02 0.02
6 0.813167 0.650750 0.02 0.02
6 0.801167 0.650750 0.02 0.02
6 0.807000 0.666500 0.02 0.02
6 0.795333 0.665250 0.02 0.02
6 0.830667 0.636000 0.02 0.02
6 0.835833 0.650000 0.02 0.02
6 0.783333 0.665250 0.02 0.02
4 0.109667 0.210750 0.02 0.02
4 0.115500 0.194000 0.02 0.02
4 0.127333 0.195000 0.02 0.02
4 0.138833 0.195000 0.02 0.02
4 0.150667 0.195000 0.02 0.02
0 0.186167 0.226500 0.02 0.02
0 0.191833 0.241500 0.02 0.02
0 0.186500 0.257000 0.02 0.02
0 0.180500 0.271750 0.02 0.02
3 0.145667 0.241250 0.02 0.02
3 0.174000 0.226500 0.02 0.02
3 0.168667 0.210750 0.02 0.02
