6 0.208667 0.334000 0.02 0.02
6 0.215333 0.349750 0.02 0.02
6 0.221500 0.365000 0.02 0.02
6 0.227500 0.380750 0.02 0.02
6 0.233833 0.395250 0.02 0.02
6 0.240000 0.410750 0.02 0.02
6 0.246000 0.425750 0.02 0.02
6 0.251500 0.441250 0.02 0.02
6 0.257667 0.456000 0.02 0.02
6 0.264000 0.471500 0.02 0.02
6 0.269833 0.487000 0.02 0.02
6 0.275167 0.502000 0.02 0.02
6 0.281667 0.517500 0.02 0.02
6 0.287667 0.533250 0.02 0.02
6 0.293333 0.547750 0.02 0.02
6 0.300000 0.563250 0.02 0.02
6 0.305833 0.579250 0.02 0.02
6 0.312667 0.595000 0.02 0.02
