3 0.100167 0.203000 0.02 0.02
3 0.094500 0.218250 0.02 0.02
3 0.100167 0.233000 0.02 0.02
3 0.112000 0.234500 0.02 0.02
3 0.117833 0.219750 0.02 0.02
3 0.117833 0.188500 0.02 0.02
3 0.141167 0.190750 0.02 0.02
3 0.123833 0.204750 0.02 0.02
3 0.147167 0.235000 0.02 0.02
3 0.153167 0.249250 0.02 0.02
3 0.153333 0.390250 0.02 0.02
4 0.147667 0.375750 0.02 0.02
4 0.130000 0.361500 0.02 0.02
4 0.118333 0.360750 0.02 0.02
4 0.124500 0.347000 0.02 0.02
4 0.118500 0.389000 0.02 0.02
4 0.094000 0.332000 0.02 0.02
4 0.123833 0.319500 0.02 0.02
4 0.106833 0.305750 0.02 0.02
4 0.088500 0.290500 0.02 0.02
3 0.088167 0.318250 0.02 0.02
3 0.076500 0.289750 0.02 0.02
4 0.076167 0.260000 0.02 0.02
4 0.082667 0.246500 0.02 0.02
4 0.065000 0.230750 0.02 0.02
4 0.059833 0.216000 0.02 0.02
4 0.082000 0.130000 0.02 0.02
4 0.082167 0.158250 0.02 0.02
0 0.162667 0.132500 0.02 0.02
0 0.173167 0.103250 0.02 0.02
0 0.173000 0.074750 0.02 0.02
0 0.184833 0.074750 0.02 0.02
0 0.156167 0.088500 0.02 0.02
0 0.360167 0.473750 0.02 0.02
0 0.315500 0.473500 0.02 0.02
0 0.321833 0.458250 0.02 0.02
0 0.327667 0.444500 0.02 0.02
0 0.326333 0.529250 0.02 0.02
1 0.266167 0.400500 0.02 0.02
1 0.255167 0.399750 0.02 0.02
1 0.277667 0.401500 0.02 0.02
1 0.295167 0.386250 0.02 0.02
1 0.276833 0.429250 0.02 0.02
1 0.270833 0.444250 0.02 0.02
1 0.306833 0.359250 0.02 0.02
1 0.278333 0.345000 0.02 0.02
1 0.283500 0.358750 0.02 0.02
1 0.351500 0.304750 0.02 0.02
1 0.346500 0.290750 0.02 0.02
1 0.357500 0.291250 0.02 0.02
1 0.357000 0.319000 0.02 0.02
1 0.363167 0.305250 0.02 0.02
1 0.368833 0.291250 0.02 0.02
1 0.374667 0.276750 0.02 0.02
1 0.380167 0.263000 0.02 0.02
1 0.385833 0.250000 0.02 0.02
1 0.380333 0.235500 0.02 0.02
3 0.800333 0.284000 0.02 0.02
3 0.805333 0.269000 0.02 0.02
3 0.799167 0.312000 0.02 0.02
3 0.805333 0.297500 0.02 0.02
3 0.798500 0.340250 0.02 0.02
3 0.828833 0.268750 0.02 0.02
3 0.823500 0.283000 0.02 0.02
3 0.817833 0.240500 0.02 0.02
3 0.841167 0.241000 0.02 0.02
3 0.853667 0.240500 0.02 0.02
3 0.864833 0.241250 0.02 0.02
4 0.836000 0.226500 0.02 0.02
4 0.843333 0.212250 0.02 0.02
4 0.847833 0.226250 0.02 0.02
4 0.859500 0.225500 0.02 0.02
4 0.866000 0.210750 0.02 0.02
4 0.877333 0.209750 0.02 0.02
4 0.888333 0.211000 0.02 0.02
4 0.852333 0.268250 0.02 0.02
4 0.864167 0.268500 0.02 0.02
3 0.764000 0.424000 0.02 0.02
3 0.769333 0.438000 0.02 0.02
3 0.780333 0.437750 0.02 0.02
3 0.759000 0.437500 0.02 0.02
3 0.768667 0.467750 0.02 0.02
4 0.774500 0.482500 0.02 0.02
6 0.802667 0.467250 0.02 0.02
6 0.808167 0.452500 0.02 0.02
6 0.751667 0.510750 0.02 0.02
6 0.729667 0.510750 0.02 0.02
6 0.735333 0.524250 0.02 0.02
6 0.728833 0.538750 0.02 0.02
6 0.728667 0.565500 0.02 0.02
6 0.707000 0.566500 0.02 0.02
6 0.695000 0.593000 0.02 0.02
6 0.690000 0.605500 0.02 0.02
6 0.678333 0.631750 0.02 0.02
3 0.593667 0.565250 0.02 0.02
4 0.582500 0.565500 0.02 0.02
4 0.560333 0.590250 0.02 0.02
4 0.521000 0.630000 0.02 0.02
3 0.465667 0.600500 0.02 0.02
3 0.433500 0.572750 0.02 0.02
3 0.422000 0.572750 0.02 0.02
3 0.095500 0.416750 0.02 0.02
6 0.084000 0.416250 0.02 0.02
6 0.067333 0.430750 0.02 0.02
6 0.066500 0.402250 0.02 0.02
6 0.078167 0.401750 0.02 0.02
6 0.083833 0.472750 0.02 0.02
