3 0.865167 0.321000 0.02 0.02
1 0.780333 0.498250 0.02 0.02
1 0.768833 0.497750 0.02 0.02
0 0.716167 0.542000 0.02 0.02
0 0.703833 0.541000 0.02 0.02
1 0.681500 0.540250 0.02 0.02
0 0.657500 0.570500 0.02 0.02
1 0.646833 0.540500 0.02 0.02
1 0.663833 0.526000 0.02 0.02
2 0.342667 0.417750 0.02 0.02
2 0.354667 0.417000 0.02 0.02
2 0.348500 0.403000 0.02 0.02
2 0.360500 0.402750 0.02 0.02
2 0.372167 0.401750 0.02 0.02
2 0.383000 0.403000 0.02 0.02
2 0.395000 0.402750 0.02 0.02
1 0.377333 0.417250 0.02 0.02
1 0.371667 0.431250 0.02 0.02
1 0.330667 0.445750 0.02 0.02
3 0.321000 0.174750 0.02 0.02
3 0.314167 0.160000 0.02 0.02
3 0.326500 0.129250 0.02 0.02
3 0.296667 0.113750 0.02 0.02
3 0.279667 0.128750 0.02 0.02
3 0.266833 0.129750 0.02 0.02
6 0.296833 0.144250 0.02 0.02
6 0.291167 0.129250 0.02 0.02
6 0.285667 0.144000 0.02 0.02
6 0.279667 0.158750 0.02 0.02
6 0.290500 0.158000 0.02 0.02
6 0.309000 0.144500 0.02 0.02
6 0.302500 0.160750 0.02 0.02
6 0.307667 0.206500 0.02 0.02
6 0.313833 0.221250 0.02 0.02
3 0.238500 0.143750 0.02 0.02
3 0.214667 0.175750 0.02 0.02
3 0.209833 0.190250 0.02 0.02
3 0.197333 0.191000 0.02 0.02
6 0.209333 0.159250 0.02 0.02
6 0.220500 0.190000 0.02 0.02
6 0.215000 0.206500 0.02 0.02
3 0.884167 0.247000 0.02 0.02
3 0.872500 0.216250 0.02 0.02
3 0.860500 0.215750 0.02 0.02
3 0.848833 0.216500 0.02 0.02
4 0.848500 0.246250 0.02 0.02
4 0.861000 0.246000 0.02 0.02
4 0.872500 0.246000 0.02 0.02
4 0.854000 0.261500 0.02 0.02
4 0.866667 0.261500 0.02 0.02
4 0.878500 0.261500 0.02 0.02
4 0.843167 0.261250 0.02 0.02
2 0.654667 0.378500 0.02 0.02
2 0.665667 0.379250 0.02 0.02
2 0.676500 0.378250 0.02 0.02
2 0.688833 0.379750 0.02 0.02
2 0.700333 0.379250 0.02 0.02
2 0.660000 0.363250 0.02 0.02
2 0.671667 0.363750 0.02 0.02
2 0.683500 0.363750 0.02 0.02
2 0.694500 0.365250 0.02 0.02
1 0.706667 0.453000 0.02 0.02
3 0.140167 0.457750 0.02 0.02
3 0.145167 0.443000 0.02 0.02
3 0.157333 0.443250 0.02 0.02
3 0.157333 0.473250 0.02 0.02
