6 0.523333 0.309750 0.02 0.02
6 0.536333 0.310250 0.02 0.02
6 0.549500 0.310000 0.02 0.02
6 0.562667 0.310250 0.02 0.02
6 0.510500 0.310250 0.02 0.02
6 0.497333 0.310750 0.02 0.02
6 0.503833 0.326750 0.02 0.02
6 0.517000 0.325750 0.02 0.02
6 0.529667 0.326250 0.02 0.02
6 0.542667 0.326250 0.02 0.02
6 0.555833 0.326750 0.02 0.02
6 0.510333 0.342500 0.02 0.02
6 0.523333 0.342250 0.02 0.02
6 0.536667 0.342750 0.02 0.02
6 0.549500 0.342750 0.02 0.02
6 0.503667 0.295000 0.02 0.02
6 0.517500 0.294250 0.02 0.02
6 0.531000 0.293250 0.02 0.02
6 0.543667 0.294250 0.02 0.02
6 0.556333 0.293250 0.02 0.02
6 0.550000 0.277250 0.02 0.02
6 0.537500 0.277000 0.02 0.02
6 0.524333 0.278000 0.02 0.02
6 0.511333 0.278500 0.02 0.02
6 0.518000 0.261750 0.02 0.02
6 0.531000 0.261000 0.02 0.02
6 0.544000 0.260500 0.02 0.02
6 0.537833 0.244500 0.02 0.02
6 0.524333 0.245500 0.02 0.02
6 0.531000 0.228250 0.02 0.02
6 0.490333 0.326750 0.02 0.02
6 0.483833 0.342250 0.02 0.02
6 0.497000 0.342250 0.02 0.02
6 0.562500 0.342750 0.02 0.02
6 0.576167 0.343000 0.02 0.02
6 0.568833 0.327250 0.02 0.02
