3 0.148333 0.450750 0.02 0.02
3 0.154000 0.465000 0.02 0.02
3 0.159333 0.479500 0.02 0.02
3 0.164667 0.466500 0.02 0.02
3 0.148833 0.479250 0.02 0.02
3 0.142500 0.492250 0.02 0.02
3 0.136833 0.506000 0.02 0.02
3 0.164667 0.438000 0.02 0.02
3 0.169167 0.424000 0.02 0.02
3 0.159667 0.422500 0.02 0.02
3 0.148333 0.421250 0.02 0.02
3 0.175333 0.439750 0.02 0.02
3 0.179833 0.425250 0.02 0.02
3 0.185833 0.440000 0.02 0.02
3 0.181000 0.453750 0.02 0.02
3 0.175167 0.467000 0.02 0.02
3 0.181167 0.481000 0.02 0.02
4 0.159167 0.451000 0.02 0.02
4 0.153667 0.436750 0.02 0.02
4 0.142500 0.435750 0.02 0.02
4 0.136833 0.420500 0.02 0.02
4 0.125667 0.418250 0.02 0.02
4 0.114500 0.447250 0.02 0.02
4 0.126500 0.449250 0.02 0.02
4 0.126333 0.477250 0.02 0.02
4 0.196000 0.413000 0.02 0.02
4 0.190333 0.425750 0.02 0.02
4 0.185000 0.411000 0.02 0.02
4 0.169000 0.366250 0.02 0.02
4 0.175333 0.322500 0.02 0.02
4 0.164667 0.320000 0.02 0.02
4 0.158333 0.333750 0.02 0.02
4 0.163833 0.351250 0.02 0.02
3 0.206500 0.414000 0.02 0.02
3 0.218000 0.415500 0.02 0.02
3 0.212000 0.428500 0.02 0.02
3 0.223167 0.430750 0.02 0.02
3 0.234333 0.431250 0.02 0.02
3 0.238833 0.445750 0.02 0.02
3 0.244667 0.459750 0.02 0.02
2 0.370000 0.291750 0.02 0.02
2 0.375333 0.278500 0.02 0.02
2 0.380667 0.264250 0.02 0.02
2 0.385500 0.250750 0.02 0.02
2 0.391000 0.236500 0.02 0.02
2 0.397167 0.222000 0.02 0.02
2 0.391000 0.265500 0.02 0.02
2 0.401000 0.266250 0.02 0.02
2 0.411833 0.266500 0.02 0.02
2 0.406833 0.252000 0.02 0.02
2 0.417000 0.251750 0.02 0.02
2 0.390167 0.293500 0.02 0.02
2 0.401667 0.322750 0.02 0.02
2 0.432500 0.350500 0.02 0.02
2 0.438167 0.363500 0.02 0.02
2 0.449167 0.365250 0.02 0.02
2 0.459500 0.365500 0.02 0.02
2 0.465833 0.325250 0.02 0.02
2 0.852500 0.196000 0.02 0.02
