4 0.710333 0.147250 0.02 0.02
4 0.746000 0.147250 0.02 0.02
4 0.734500 0.146500 0.02 0.02
4 0.734000 0.180250 0.02 0.02
4 0.764667 0.163500 0.02 0.02
4 0.799333 0.164500 0.02 0.02
4 0.799167 0.197000 0.02 0.02
4 0.757333 0.212000 0.02 0.02
4 0.781500 0.212250 0.02 0.02
4 0.813000 0.279500 0.02 0.02
4 0.825167 0.280000 0.02 0.02
4 0.839333 0.247750 0.02 0.02
4 0.839000 0.215250 0.02 0.02
4 0.789833 0.244500 0.02 0.02
0 0.748833 0.259750 0.02 0.02
1 0.800500 0.279250 0.02 0.02
1 0.795167 0.295500 0.02 0.02
1 0.813000 0.313500 0.02 0.02
1 0.818333 0.297250 0.02 0.02
1 0.789833 0.312250 0.02 0.02
1 0.771500 0.295500 0.02 0.02
1 0.731167 0.277500 0.02 0.02
1 0.730333 0.309000 0.02 0.02
1 0.730667 0.340750 0.02 0.02
1 0.793667 0.421250 0.02 0.02
1 0.834000 0.438000 0.02 0.02
1 0.817500 0.360500 0.02 0.02
1 0.818333 0.392750 0.02 0.02
1 0.868833 0.464750 0.02 0.02
1 0.844833 0.495000 0.02 0.02
4 0.867000 0.553000 0.02 0.02
1 0.819667 0.553000 0.02 0.02
2 0.771833 0.611500 0.02 0.02
2 0.718833 0.624000 0.02 0.02
2 0.684000 0.594500 0.02 0.02
2 0.620833 0.550500 0.02 0.02
2 0.554167 0.563250 0.02 0.02
2 0.513333 0.548500 0.02 0.02
2 0.542500 0.593000 0.02 0.02
2 0.578833 0.593250 0.02 0.02
2 0.579000 0.534250 0.02 0.02
1 0.518333 0.620000 0.02 0.02
1 0.212667 0.370500 0.02 0.02
1 0.224167 0.402250 0.02 0.02
1 0.230333 0.417500 0.02 0.02
0 0.260500 0.279000 0.02 0.02
1 0.267167 0.263250 0.02 0.02
3 0.225167 0.246250 0.02 0.02
0 0.291833 0.233000 0.02 0.02
4 0.309333 0.185750 0.02 0.02
4 0.285167 0.185500 0.02 0.02
4 0.333500 0.187250 0.02 0.02
4 0.338500 0.170250 0.02 0.02
4 0.248833 0.247750 0.02 0.02
1 0.279333 0.264250 0.02 0.02
3 0.411333 0.205000 0.02 0.02
4 0.380667 0.155000 0.02 0.02
3 0.697167 0.211250 0.02 0.02
