4 0.447333 0.625750 0.02 0.02
4 0.452833 0.610000 0.02 0.02
4 0.459167 0.594750 0.02 0.02
4 0.466000 0.579500 0.02 0.02
4 0.472667 0.563500 0.02 0.02
4 0.486667 0.530500 0.02 0.02
4 0.473167 0.529750 0.02 0.02
4 0.466667 0.547250 0.02 0.02
4 0.447000 0.563500 0.02 0.02
4 0.302333 0.725000 0.02 0.02
4 0.245667 0.737000 0.02 0.02
4 0.203333 0.720000 0.02 0.02
4 0.139000 0.675500 0.02 0.02
4 0.125833 0.675250 0.02 0.02
4 0.113667 0.674500 0.02 0.02
4 0.107167 0.658750 0.02 0.02
4 0.101833 0.646000 0.02 0.02
4 0.132333 0.720000 0.02 0.02
3 0.138333 0.648500 0.02 0.02
3 0.234167 0.649500 0.02 0.02
3 0.124833 0.556250 0.02 0.02
3 0.186333 0.590250 0.02 0.02
3 0.234500 0.591500 0.02 0.02
3 0.241000 0.545750 0.02 0.02
3 0.253667 0.545250 0.02 0.02
3 0.303167 0.545500 0.02 0.02
3 0.329167 0.485750 0.02 0.02
3 0.360333 0.532000 0.02 0.02
3 0.353667 0.608750 0.02 0.02
3 0.272500 0.438500 0.02 0.02
3 0.154667 0.417750 0.02 0.02
3 0.223500 0.374250 0.02 0.02
4 0.062500 0.413250 0.02 0.02
4 0.075500 0.413750 0.02 0.02
4 0.082500 0.429750 0.02 0.02
4 0.089167 0.445500 0.02 0.02
4 0.096500 0.461500 0.02 0.02
4 0.102500 0.476250 0.02 0.02
4 0.110667 0.461500 0.02 0.02
4 0.116000 0.446500 0.02 0.02
4 0.122167 0.431000 0.02 0.02
4 0.129500 0.416500 0.02 0.02
4 0.142333 0.417000 0.02 0.02
6 0.049000 0.412000 0.02 0.02
6 0.050000 0.441750 0.02 0.02
6 0.057000 0.457500 0.02 0.02
6 0.057833 0.487500 0.02 0.02
6 0.044667 0.516750 0.02 0.02
6 0.044667 0.548500 0.02 0.02
6 0.051500 0.564750 0.02 0.02
6 0.052000 0.595500 0.02 0.02
6 0.053500 0.627000 0.02 0.02
6 0.040333 0.625750 0.02 0.02
6 0.046500 0.672000 0.02 0.02
6 0.053500 0.687750 0.02 0.02
6 0.067500 0.718500 0.02 0.02
6 0.055333 0.746750 0.02 0.02
6 0.074833 0.763000 0.02 0.02
6 0.088667 0.734750 0.02 0.02
6 0.087667 0.702250 0.02 0.02
6 0.076500 0.351250 0.02 0.02
6 0.083500 0.336750 0.02 0.02
6 0.057000 0.364500 0.02 0.02
6 0.124000 0.239250 0.02 0.02
6 0.143167 0.222750 0.02 0.02
6 0.160667 0.205750 0.02 0.02
6 0.179667 0.186500 0.02 0.02
4 0.241833 0.223750 0.02 0.02
4 0.248500 0.242250 0.02 0.02
4 0.255167 0.259250 0.02 0.02
4 0.261333 0.277000 0.02 0.02
4 0.266667 0.294750 0.02 0.02
4 0.273000 0.311000 0.02 0.02
4 0.279167 0.327250 0.02 0.02
4 0.286000 0.343500 0.02 0.02
4 0.292000 0.359500 0.02 0.02
4 0.298333 0.376000 0.02 0.02
4 0.304333 0.392250 0.02 0.02
4 0.310500 0.408500 0.02 0.02
4 0.316833 0.424250 0.02 0.02
4 0.322833 0.439750 0.02 0.02
4 0.330000 0.455250 0.02 0.02
4 0.336667 0.471000 0.02 0.02
3 0.361667 0.408500 0.02 0.02
3 0.444167 0.455500 0.02 0.02
3 0.436000 0.532750 0.02 0.02
3 0.479333 0.547500 0.02 0.02
3 0.503167 0.579750 0.02 0.02
3 0.527500 0.612000 0.02 0.02
3 0.664667 0.615000 0.02 0.02
6 0.863500 0.319000 0.02 0.02
6 0.857833 0.302750 0.02 0.02
6 0.864333 0.285250 0.02 0.02
6 0.871333 0.267500 0.02 0.02
6 0.877333 0.251000 0.02 0.02
6 0.885000 0.234250 0.02 0.02
6 0.891667 0.218250 0.02 0.02
6 0.898333 0.202000 0.02 0.02
6 0.912667 0.200750 0.02 0.02
6 0.885167 0.202000 0.02 0.02
6 0.873167 0.199500 0.02 0.02
6 0.860667 0.198000 0.02 0.02
6 0.847833 0.199250 0.02 0.02
6 0.835000 0.198500 0.02 0.02
6 0.822667 0.198250 0.02 0.02
3 0.698000 0.506500 0.02 0.02
6 0.623667 0.411500 0.02 0.02
6 0.636167 0.411750 0.02 0.02
3 0.180000 0.323750 0.02 0.02
3 0.161500 0.339000 0.02 0.02
3 0.199000 0.340750 0.02 0.02
3 0.223000 0.341750 0.02 0.02
