4 0.400333 0.272250 0.02 0.02
4 0.412167 0.272250 0.02 0.02
4 0.424500 0.273750 0.02 0.02
4 0.393500 0.254500 0.02 0.02
4 0.405167 0.255000 0.02 0.02
4 0.418500 0.254750 0.02 0.02
4 0.430333 0.254250 0.02 0.02
4 0.442500 0.253750 0.02 0.02
4 0.456167 0.254750 0.02 0.02
4 0.449500 0.271750 0.02 0.02
4 0.461500 0.270250 0.02 0.02
4 0.468667 0.253500 0.02 0.02
4 0.474667 0.270750 0.02 0.02
4 0.394500 0.290000 0.02 0.02
4 0.406167 0.289250 0.02 0.02
4 0.419333 0.289500 0.02 0.02
4 0.430833 0.288500 0.02 0.02
4 0.443833 0.287000 0.02 0.02
4 0.456167 0.287500 0.02 0.02
4 0.468167 0.285750 0.02 0.02
3 0.437167 0.271250 0.02 0.02
3 0.486833 0.270000 0.02 0.02
3 0.511500 0.232500 0.02 0.02
3 0.493333 0.284750 0.02 0.02
3 0.487500 0.302000 0.02 0.02
3 0.481333 0.318750 0.02 0.02
3 0.493500 0.317750 0.02 0.02
3 0.524667 0.332750 0.02 0.02
3 0.530667 0.349500 0.02 0.02
3 0.543333 0.349000 0.02 0.02
3 0.549500 0.332250 0.02 0.02
3 0.561667 0.331500 0.02 0.02
3 0.555667 0.347750 0.02 0.02
6 0.635667 0.329000 0.02 0.02
6 0.642667 0.343500 0.02 0.02
6 0.648000 0.359750 0.02 0.02
6 0.654667 0.375250 0.02 0.02
6 0.660667 0.390750 0.02 0.02
6 0.667500 0.405500 0.02 0.02
6 0.674000 0.421000 0.02 0.02
6 0.679500 0.436000 0.02 0.02
6 0.685667 0.452000 0.02 0.02
6 0.692000 0.465750 0.02 0.02
6 0.698333 0.480750 0.02 0.02
6 0.704000 0.495500 0.02 0.02
6 0.710333 0.510250 0.02 0.02
6 0.717000 0.525750 0.02 0.02
6 0.698500 0.510500 0.02 0.02
6 0.686000 0.512500 0.02 0.02
6 0.722833 0.540500 0.02 0.02
6 0.729333 0.555000 0.02 0.02
6 0.736000 0.570000 0.02 0.02
6 0.742333 0.584750 0.02 0.02
