3 0.148667 0.591250 0.02 0.02
3 0.151000 0.649250 0.02 0.02
3 0.214500 0.601750 0.02 0.02
3 0.186500 0.453500 0.02 0.02
3 0.293500 0.280000 0.02 0.02
3 0.264500 0.295250 0.02 0.02
3 0.246167 0.282000 0.02 0.02
3 0.720333 0.291750 0.02 0.02
3 0.726333 0.307750 0.02 0.02
3 0.798333 0.304000 0.02 0.02
3 0.792667 0.320250 0.02 0.02
3 0.786500 0.336000 0.02 0.02
3 0.822000 0.334500 0.02 0.02
3 0.828167 0.349750 0.02 0.02
3 0.886000 0.224500 0.02 0.02
3 0.862500 0.255000 0.02 0.02
3 0.887000 0.254500 0.02 0.02
6 0.879333 0.209250 0.02 0.02
6 0.874167 0.226000 0.02 0.02
6 0.868000 0.241000 0.02 0.02
6 0.881000 0.270000 0.02 0.02
6 0.875667 0.286000 0.02 0.02
6 0.451833 0.486500 0.02 0.02
6 0.446500 0.501500 0.02 0.02
6 0.441167 0.515750 0.02 0.02
6 0.435667 0.531500 0.02 0.02
6 0.429833 0.546000 0.02 0.02
6 0.425000 0.561750 0.02 0.02
6 0.418500 0.575500 0.02 0.02
6 0.407333 0.576250 0.02 0.02
6 0.401167 0.591000 0.02 0.02
6 0.395667 0.606500 0.02 0.02
6 0.390500 0.621500 0.02 0.02
6 0.933500 0.388750 0.02 0.02
6 0.927167 0.374750 0.02 0.02
6 0.920667 0.359750 0.02 0.02
6 0.927500 0.403750 0.02 0.02
6 0.920000 0.420000 0.02 0.02
6 0.914333 0.436250 0.02 0.02
6 0.908167 0.451750 0.02 0.02
6 0.901167 0.466250 0.02 0.02
6 0.894333 0.481250 0.02 0.02
6 0.888667 0.495750 0.02 0.02
6 0.883667 0.511000 0.02 0.02
6 0.876333 0.525250 0.02 0.02
6 0.870500 0.539250 0.02 0.02
6 0.863833 0.555000 0.02 0.02
6 0.863667 0.584500 0.02 0.02
6 0.858500 0.599750 0.02 0.02
6 0.852333 0.615000 0.02 0.02
6 0.846333 0.630250 0.02 0.02
6 0.117500 0.350750 0.02 0.02
6 0.122667 0.335250 0.02 0.02
6 0.127833 0.320000 0.02 0.02
6 0.131833 0.303750 0.02 0.02
6 0.145000 0.302250 0.02 0.02
6 0.156167 0.302000 0.02 0.02
6 0.169500 0.301750 0.02 0.02
6 0.175833 0.317250 0.02 0.02
6 0.181833 0.331750 0.02 0.02
