3 0.325833 0.526500 0.02 0.02
3 0.337667 0.527250 0.02 0.02
3 0.325833 0.553500 0.02 0.02
3 0.337833 0.554500 0.02 0.02
3 0.331833 0.568250 0.02 0.02
3 0.326000 0.583000 0.02 0.02
3 0.331333 0.597500 0.02 0.02
3 0.343000 0.598250 0.02 0.02
3 0.349667 0.583750 0.02 0.02
3 0.336667 0.613000 0.02 0.02
3 0.360333 0.614250 0.02 0.02
3 0.355333 0.569000 0.02 0.02
3 0.367167 0.570000 0.02 0.02
3 0.308333 0.596500 0.02 0.02
3 0.365833 0.629500 0.02 0.02
3 0.390000 0.600500 0.02 0.02
3 0.395833 0.615500 0.02 0.02
3 0.407833 0.617000 0.02 0.02
3 0.419333 0.587500 0.02 0.02
3 0.390333 0.571000 0.02 0.02
3 0.378500 0.569750 0.02 0.02
3 0.425000 0.632750 0.02 0.02
3 0.443000 0.618500 0.02 0.02
3 0.455167 0.589750 0.02 0.02
3 0.484500 0.575750 0.02 0.02
3 0.525167 0.591250 0.02 0.02
3 0.536500 0.592000 0.02 0.02
3 0.565667 0.607500 0.02 0.02
3 0.519667 0.547500 0.02 0.02
3 0.537167 0.533750 0.02 0.02
3 0.537833 0.477000 0.02 0.02
3 0.537667 0.447000 0.02 0.02
4 0.549667 0.447500 0.02 0.02
4 0.566833 0.464250 0.02 0.02
4 0.572667 0.479000 0.02 0.02
4 0.560500 0.448250 0.02 0.02
4 0.573000 0.417250 0.02 0.02
4 0.590833 0.433500 0.02 0.02
4 0.596833 0.418250 0.02 0.02
4 0.603667 0.402750 0.02 0.02
4 0.615167 0.402000 0.02 0.02
4 0.627167 0.402000 0.02 0.02
4 0.633167 0.418500 0.02 0.02
4 0.621000 0.418000 0.02 0.02
4 0.645667 0.417000 0.02 0.02
4 0.663167 0.401500 0.02 0.02
4 0.687167 0.370250 0.02 0.02
4 0.658000 0.353750 0.02 0.02
4 0.635000 0.319750 0.02 0.02
4 0.647167 0.287500 0.02 0.02
4 0.665667 0.271750 0.02 0.02
4 0.654000 0.238000 0.02 0.02
4 0.629833 0.205250 0.02 0.02
3 0.450000 0.431250 0.02 0.02
3 0.468167 0.415250 0.02 0.02
3 0.480667 0.414250 0.02 0.02
6 0.701167 0.624250 0.02 0.02
6 0.712667 0.652000 0.02 0.02
6 0.724667 0.623750 0.02 0.02
6 0.737167 0.596250 0.02 0.02
6 0.701333 0.596000 0.02 0.02
6 0.741333 0.663750 0.02 0.02
6 0.765667 0.636750 0.02 0.02
6 0.764833 0.663500 0.02 0.02
6 0.746333 0.706000 0.02 0.02
6 0.763333 0.718750 0.02 0.02
6 0.798833 0.716250 0.02 0.02
6 0.829000 0.699500 0.02 0.02
6 0.858500 0.685000 0.02 0.02
6 0.859500 0.658000 0.02 0.02
6 0.872500 0.605000 0.02 0.02
6 0.879833 0.562500 0.02 0.02
6 0.887333 0.513750 0.02 0.02
6 0.893333 0.466500 0.02 0.02
6 0.905833 0.436250 0.02 0.02
6 0.863833 0.422750 0.02 0.02
6 0.841000 0.393250 0.02 0.02
6 0.859500 0.347000 0.02 0.02
6 0.872000 0.287500 0.02 0.02
6 0.901833 0.242750 0.02 0.02
6 0.931833 0.228000 0.02 0.02
6 0.902833 0.181000 0.02 0.02
6 0.885333 0.137000 0.02 0.02
