4 0.453833 0.429250 0.02 0.02
4 0.466167 0.429000 0.02 0.02
4 0.472000 0.445000 0.02 0.02
4 0.453333 0.460000 0.02 0.02
4 0.459333 0.476500 0.02 0.02
4 0.495000 0.475250 0.02 0.02
4 0.412333 0.506250 0.02 0.02
4 0.418167 0.459250 0.02 0.02
4 0.424167 0.444000 0.02 0.02
4 0.430333 0.428750 0.02 0.02
4 0.507333 0.475250 0.02 0.02
4 0.518833 0.475500 0.02 0.02
4 0.531667 0.475500 0.02 0.02
4 0.537333 0.491500 0.02 0.02
4 0.542667 0.507000 0.02 0.02
6 0.674833 0.505250 0.02 0.02
6 0.680167 0.520500 0.02 0.02
6 0.685667 0.536250 0.02 0.02
6 0.691167 0.550750 0.02 0.02
6 0.697000 0.565000 0.02 0.02
6 0.702000 0.579250 0.02 0.02
6 0.708833 0.594500 0.02 0.02
6 0.713833 0.609500 0.02 0.02
6 0.719000 0.625500 0.02 0.02
6 0.713833 0.640000 0.02 0.02
6 0.707667 0.656250 0.02 0.02
6 0.702167 0.672000 0.02 0.02
6 0.695333 0.687250 0.02 0.02
6 0.689167 0.702750 0.02 0.02
6 0.694667 0.716750 0.02 0.02
6 0.699833 0.732000 0.02 0.02
6 0.694500 0.747500 0.02 0.02
6 0.700833 0.762250 0.02 0.02
6 0.694167 0.777000 0.02 0.02
6 0.699500 0.791750 0.02 0.02
6 0.705333 0.806250 0.02 0.02
6 0.711500 0.821250 0.02 0.02
6 0.716500 0.835500 0.02 0.02
6 0.723333 0.849750 0.02 0.02
6 0.729000 0.865000 0.02 0.02
6 0.734000 0.878500 0.02 0.02
