3 0.119000 0.228250 0.02 0.02
3 0.105333 0.228000 0.02 0.02
3 0.097667 0.210250 0.02 0.02
3 0.111667 0.210750 0.02 0.02
3 0.125167 0.211250 0.02 0.02
3 0.137833 0.212000 0.02 0.02
3 0.145167 0.196250 0.02 0.02
3 0.131500 0.195750 0.02 0.02
3 0.118333 0.195000 0.02 0.02
3 0.103833 0.193750 0.02 0.02
3 0.090333 0.193000 0.02 0.02
3 0.098667 0.275500 0.02 0.02
3 0.105333 0.258750 0.02 0.02
3 0.098167 0.242250 0.02 0.02
3 0.085500 0.242750 0.02 0.02
3 0.091667 0.227250 0.02 0.02
3 0.084500 0.209500 0.02 0.02
3 0.077333 0.226000 0.02 0.02
3 0.070000 0.209000 0.02 0.02
3 0.076667 0.193750 0.02 0.02
3 0.082833 0.176000 0.02 0.02
3 0.068167 0.175500 0.02 0.02
3 0.063167 0.225000 0.02 0.02
3 0.070833 0.241250 0.02 0.02
3 0.092167 0.258250 0.02 0.02
3 0.112500 0.275250 0.02 0.02
3 0.085167 0.272250 0.02 0.02
3 0.071667 0.271500 0.02 0.02
3 0.064500 0.255500 0.02 0.02
3 0.056500 0.268750 0.02 0.02
3 0.056000 0.240250 0.02 0.02
3 0.049000 0.253250 0.02 0.02
3 0.042500 0.266250 0.02 0.02
3 0.037167 0.283250 0.02 0.02
3 0.051167 0.284250 0.02 0.02
3 0.064500 0.285000 0.02 0.02
3 0.078500 0.286750 0.02 0.02
3 0.092167 0.288000 0.02 0.02
3 0.105500 0.291000 0.02 0.02
3 0.085667 0.303000 0.02 0.02
3 0.072333 0.302250 0.02 0.02
3 0.044833 0.299250 0.02 0.02
3 0.052833 0.315750 0.02 0.02
3 0.078833 0.318750 0.02 0.02
3 0.093167 0.319750 0.02 0.02
3 0.100333 0.337000 0.02 0.02
3 0.087167 0.335750 0.02 0.02
3 0.073500 0.334250 0.02 0.02
4 0.046167 0.331000 0.02 0.02
4 0.060500 0.333250 0.02 0.02
4 0.065500 0.318000 0.02 0.02
4 0.058667 0.300500 0.02 0.02
4 0.078167 0.256500 0.02 0.02
1 0.125333 0.244750 0.02 0.02
3 0.164167 0.178000 0.02 0.02
3 0.170333 0.196750 0.02 0.02
3 0.163667 0.213250 0.02 0.02
3 0.177333 0.215000 0.02 0.02
3 0.191000 0.215750 0.02 0.02
3 0.204500 0.214750 0.02 0.02
3 0.218167 0.218000 0.02 0.02
3 0.223500 0.198250 0.02 0.02
3 0.209667 0.197500 0.02 0.02
3 0.197333 0.197750 0.02 0.02
3 0.183000 0.196500 0.02 0.02
3 0.197833 0.232000 0.02 0.02
3 0.210333 0.233500 0.02 0.02
3 0.157333 0.230000 0.02 0.02
3 0.189000 0.179000 0.02 0.02
3 0.216000 0.179000 0.02 0.02
4 0.184167 0.232000 0.02 0.02
1 0.272000 0.251750 0.02 0.02
1 0.304667 0.233250 0.02 0.02
1 0.303333 0.266250 0.02 0.02
1 0.309000 0.282750 0.02 0.02
3 0.266500 0.236250 0.02 0.02
3 0.259833 0.218500 0.02 0.02
3 0.245833 0.217750 0.02 0.02
3 0.274167 0.218250 0.02 0.02
3 0.286667 0.217750 0.02 0.02
3 0.298333 0.217750 0.02 0.02
3 0.311333 0.217000 0.02 0.02
3 0.304833 0.200000 0.02 0.02
3 0.292667 0.199500 0.02 0.02
3 0.280833 0.199750 0.02 0.02
3 0.268000 0.202000 0.02 0.02
3 0.280000 0.235250 0.02 0.02
3 0.292500 0.234250 0.02 0.02
3 0.316833 0.232750 0.02 0.02
3 0.323167 0.217000 0.02 0.02
3 0.329333 0.201000 0.02 0.02
3 0.323167 0.182250 0.02 0.02
4 0.311167 0.183250 0.02 0.02
1 0.353167 0.266250 0.02 0.02
1 0.384500 0.284000 0.02 0.02
1 0.385333 0.252750 0.02 0.02
1 0.391333 0.268250 0.02 0.02
1 0.404167 0.268750 0.02 0.02
1 0.424667 0.253250 0.02 0.02
1 0.444333 0.237500 0.02 0.02
1 0.450333 0.253500 0.02 0.02
1 0.444333 0.269250 0.02 0.02
1 0.457000 0.269750 0.02 0.02
1 0.437333 0.285750 0.02 0.02
1 0.450667 0.285500 0.02 0.02
1 0.463667 0.285750 0.02 0.02
1 0.470000 0.270500 0.02 0.02
1 0.483333 0.270750 0.02 0.02
1 0.476500 0.285750 0.02 0.02
1 0.470333 0.301750 0.02 0.02
1 0.464000 0.314500 0.02 0.02
1 0.483333 0.301250 0.02 0.02
1 0.489333 0.286000 0.02 0.02
1 0.495667 0.270250 0.02 0.02
1 0.489167 0.254500 0.02 0.02
1 0.495833 0.237750 0.02 0.02
1 0.508500 0.237750 0.02 0.02
1 0.513667 0.222500 0.02 0.02
1 0.520167 0.238750 0.02 0.02
1 0.501667 0.254250 0.02 0.02
1 0.515000 0.254500 0.02 0.02
1 0.527833 0.254750 0.02 0.02
1 0.508333 0.270500 0.02 0.02
1 0.521167 0.271000 0.02 0.02
1 0.534333 0.271000 0.02 0.02
1 0.547000 0.271250 0.02 0.02
1 0.546667 0.239500 0.02 0.02
1 0.559667 0.272250 0.02 0.02
1 0.566833 0.288500 0.02 0.02
1 0.598833 0.272000 0.02 0.02
1 0.605333 0.288500 0.02 0.02
1 0.572833 0.304500 0.02 0.02
1 0.553500 0.287000 0.02 0.02
1 0.540667 0.287250 0.02 0.02
1 0.528333 0.287500 0.02 0.02
1 0.514500 0.286500 0.02 0.02
1 0.501667 0.286750 0.02 0.02
1 0.546833 0.304000 0.02 0.02
1 0.534500 0.303750 0.02 0.02
1 0.553167 0.320000 0.02 0.02
1 0.559667 0.336500 0.02 0.02
1 0.572500 0.336750 0.02 0.02
1 0.540167 0.320000 0.02 0.02
1 0.527500 0.320000 0.02 0.02
1 0.520833 0.303750 0.02 0.02
1 0.508167 0.303250 0.02 0.02
1 0.496167 0.302500 0.02 0.02
1 0.585167 0.336750 0.02 0.02
1 0.598333 0.337000 0.02 0.02
1 0.591833 0.320750 0.02 0.02
1 0.552833 0.351250 0.02 0.02
1 0.566167 0.352250 0.02 0.02
1 0.578667 0.353250 0.02 0.02
1 0.572167 0.368500 0.02 0.02
1 0.584667 0.368500 0.02 0.02
1 0.610500 0.370000 0.02 0.02
1 0.540333 0.352250 0.02 0.02
1 0.533667 0.336000 0.02 0.02
1 0.547000 0.367750 0.02 0.02
1 0.578500 0.385500 0.02 0.02
1 0.603500 0.385500 0.02 0.02
1 0.597500 0.401250 0.02 0.02
1 0.545667 0.400500 0.02 0.02
1 0.540167 0.384500 0.02 0.02
1 0.533667 0.368500 0.02 0.02
1 0.527500 0.352500 0.02 0.02
1 0.520667 0.336750 0.02 0.02
1 0.514333 0.320250 0.02 0.02
1 0.490500 0.318500 0.02 0.02
1 0.502500 0.319000 0.02 0.02
1 0.507833 0.335500 0.02 0.02
1 0.492000 0.353500 0.02 0.02
1 0.502833 0.353250 0.02 0.02
1 0.515000 0.352500 0.02 0.02
1 0.496667 0.370250 0.02 0.02
1 0.508333 0.367750 0.02 0.02
1 0.521000 0.368250 0.02 0.02
1 0.526833 0.384500 0.02 0.02
1 0.533167 0.400000 0.02 0.02
1 0.539667 0.416000 0.02 0.02
1 0.521000 0.400500 0.02 0.02
1 0.526833 0.416500 0.02 0.02
1 0.533500 0.431750 0.02 0.02
1 0.508500 0.401250 0.02 0.02
1 0.514333 0.416750 0.02 0.02
1 0.491333 0.385500 0.02 0.02
3 0.484167 0.402250 0.02 0.02
3 0.452333 0.449750 0.02 0.02
3 0.464167 0.449250 0.02 0.02
3 0.470333 0.464000 0.02 0.02
3 0.482333 0.464250 0.02 0.02
3 0.445333 0.465250 0.02 0.02
3 0.463667 0.480500 0.02 0.02
3 0.469500 0.494750 0.02 0.02
3 0.457500 0.495250 0.02 0.02
3 0.462833 0.510750 0.02 0.02
3 0.451167 0.511250 0.02 0.02
3 0.456167 0.526250 0.02 0.02
3 0.444500 0.526250 0.02 0.02
3 0.436667 0.540750 0.02 0.02
1 0.518667 0.589000 0.02 0.02
1 0.545167 0.527000 0.02 0.02
1 0.557833 0.527000 0.02 0.02
1 0.507000 0.495500 0.02 0.02
1 0.539500 0.480250 0.02 0.02
1 0.565167 0.480500 0.02 0.02
1 0.583333 0.528250 0.02 0.02
0 0.506833 0.526500 0.02 0.02
0 0.519833 0.526750 0.02 0.02
0 0.513167 0.511000 0.02 0.02
1 0.472333 0.402250 0.02 0.02
1 0.465500 0.417250 0.02 0.02
1 0.477333 0.417250 0.02 0.02
1 0.489500 0.417750 0.02 0.02
1 0.502333 0.417250 0.02 0.02
1 0.483000 0.432000 0.02 0.02
1 0.495000 0.431250 0.02 0.02
1 0.508000 0.432000 0.02 0.02
1 0.513500 0.447250 0.02 0.02
1 0.507333 0.463250 0.02 0.02
3 0.533000 0.496250 0.02 0.02
3 0.558500 0.496500 0.02 0.02
3 0.571167 0.496500 0.02 0.02
3 0.564333 0.512000 0.02 0.02
3 0.615333 0.480250 0.02 0.02
3 0.578167 0.449250 0.02 0.02
3 0.583833 0.433250 0.02 0.02
1 0.559333 0.464250 0.02 0.02
0 0.597167 0.433000 0.02 0.02
0 0.603667 0.417750 0.02 0.02
1 0.603333 0.448750 0.02 0.02
1 0.597000 0.465000 0.02 0.02
1 0.628333 0.449250 0.02 0.02
1 0.622167 0.465000 0.02 0.02
1 0.596500 0.496000 0.02 0.02
2 0.629167 0.417750 0.02 0.02
2 0.641833 0.417250 0.02 0.02
2 0.654500 0.417000 0.02 0.02
2 0.668000 0.416750 0.02 0.02
2 0.648833 0.432750 0.02 0.02
2 0.661833 0.433000 0.02 0.02
2 0.642000 0.449250 0.02 0.02
2 0.654333 0.449000 0.02 0.02
2 0.635333 0.465000 0.02 0.02
2 0.648667 0.465000 0.02 0.02
2 0.641333 0.481250 0.02 0.02
2 0.654333 0.481000 0.02 0.02
2 0.667167 0.481000 0.02 0.02
4 0.629000 0.481000 0.02 0.02
4 0.621667 0.497000 0.02 0.02
4 0.615167 0.513000 0.02 0.02
3 0.620500 0.559000 0.02 0.02
3 0.633167 0.558750 0.02 0.02
3 0.660000 0.559000 0.02 0.02
3 0.667333 0.573250 0.02 0.02
3 0.680500 0.573250 0.02 0.02
3 0.674500 0.589750 0.02 0.02
3 0.686333 0.589500 0.02 0.02
3 0.692333 0.606250 0.02 0.02
3 0.698833 0.590500 0.02 0.02
3 0.704667 0.606750 0.02 0.02
3 0.705500 0.574500 0.02 0.02
3 0.699500 0.558750 0.02 0.02
3 0.712333 0.559750 0.02 0.02
3 0.718667 0.575000 0.02 0.02
2 0.693000 0.574250 0.02 0.02
2 0.711667 0.591000 0.02 0.02
2 0.646500 0.559000 0.02 0.02
2 0.652833 0.543750 0.02 0.02
2 0.640500 0.543000 0.02 0.02
2 0.627500 0.543000 0.02 0.02
2 0.614167 0.543500 0.02 0.02
3 0.582667 0.558750 0.02 0.02
3 0.581833 0.589750 0.02 0.02
3 0.569500 0.589750 0.02 0.02
3 0.556167 0.589000 0.02 0.02
1 0.588833 0.574000 0.02 0.02
4 0.637333 0.607750 0.02 0.02
3 0.631833 0.622500 0.02 0.02
3 0.644667 0.622000 0.02 0.02
3 0.624833 0.638750 0.02 0.02
3 0.618667 0.622250 0.02 0.02
3 0.624667 0.606500 0.02 0.02
3 0.606000 0.621250 0.02 0.02
3 0.605833 0.653750 0.02 0.02
3 0.600000 0.668750 0.02 0.02
3 0.612000 0.669000 0.02 0.02
3 0.625333 0.669000 0.02 0.02
3 0.631667 0.683750 0.02 0.02
3 0.839667 0.588000 0.02 0.02
3 0.839500 0.617250 0.02 0.02
3 0.871500 0.601250 0.02 0.02
3 0.878167 0.585750 0.02 0.02
3 0.612167 0.273000 0.02 0.02
3 0.618833 0.256250 0.02 0.02
3 0.632333 0.256250 0.02 0.02
3 0.625833 0.273000 0.02 0.02
3 0.618500 0.289500 0.02 0.02
3 0.611333 0.305000 0.02 0.02
3 0.624500 0.305250 0.02 0.02
3 0.618500 0.322500 0.02 0.02
3 0.678500 0.237500 0.02 0.02
