4 0.530667 0.496250 0.02 0.02
4 0.542833 0.497500 0.02 0.02
4 0.555000 0.497750 0.02 0.02
4 0.566667 0.498500 0.02 0.02
4 0.579833 0.499250 0.02 0.02
4 0.573167 0.482750 0.02 0.02
4 0.586833 0.484250 0.02 0.02
4 0.599000 0.484250 0.02 0.02
4 0.593500 0.499000 0.02 0.02
4 0.512667 0.510000 0.02 0.02
4 0.525333 0.511500 0.02 0.02
4 0.536667 0.511500 0.02 0.02
4 0.560833 0.513250 0.02 0.02
4 0.573167 0.515000 0.02 0.02
4 0.530500 0.527500 0.02 0.02
4 0.542167 0.527750 0.02 0.02
4 0.548833 0.543250 0.02 0.02
4 0.554500 0.559250 0.02 0.02
4 0.560833 0.575000 0.02 0.02
4 0.572833 0.575000 0.02 0.02
6 0.512500 0.542500 0.02 0.02
6 0.494833 0.526250 0.02 0.02
6 0.488667 0.511250 0.02 0.02
6 0.482500 0.496000 0.02 0.02
6 0.477000 0.481250 0.02 0.02
6 0.464167 0.451500 0.02 0.02
6 0.470167 0.435000 0.02 0.02
6 0.427167 0.420000 0.02 0.02
6 0.365500 0.416500 0.02 0.02
6 0.291333 0.415250 0.02 0.02
6 0.199167 0.399000 0.02 0.02
6 0.180833 0.414750 0.02 0.02
6 0.143000 0.414000 0.02 0.02
6 0.071333 0.410000 0.02 0.02
6 0.058667 0.379000 0.02 0.02
