4 0.103667 0.406750 0.02 0.02
4 0.116833 0.408250 0.02 0.02
4 0.143333 0.410500 0.02 0.02
3 0.129667 0.409750 0.02 0.02
3 0.155333 0.411500 0.02 0.02
3 0.168000 0.411500 0.02 0.02
3 0.181167 0.411000 0.02 0.02
3 0.218167 0.412750 0.02 0.02
1 0.229667 0.414000 0.02 0.02
1 0.242667 0.415000 0.02 0.02
3 0.255333 0.415500 0.02 0.02
1 0.268833 0.414250 0.02 0.02
1 0.281167 0.415500 0.02 0.02
3 0.293167 0.415250 0.02 0.02
1 0.305500 0.415250 0.02 0.02
0 0.286833 0.370500 0.02 0.02
0 0.293667 0.384250 0.02 0.02
0 0.324500 0.400000 0.02 0.02
3 0.319000 0.416250 0.02 0.02
3 0.330833 0.415000 0.02 0.02
1 0.355500 0.416250 0.02 0.02
2 0.367500 0.416000 0.02 0.02
2 0.380333 0.415250 0.02 0.02
2 0.392167 0.417250 0.02 0.02
2 0.403667 0.416750 0.02 0.02
2 0.431833 0.419500 0.02 0.02
2 0.443000 0.418500 0.02 0.02
1 0.373667 0.431500 0.02 0.02
1 0.362167 0.400000 0.02 0.02
1 0.380167 0.449000 0.02 0.02
0 0.373833 0.461750 0.02 0.02
0 0.361667 0.462000 0.02 0.02
3 0.349500 0.432000 0.02 0.02
3 0.330667 0.446000 0.02 0.02
3 0.337333 0.430750 0.02 0.02
1 0.727333 0.237500 0.02 0.02
1 0.744667 0.288500 0.02 0.02
1 0.695667 0.255750 0.02 0.02
3 0.794833 0.287750 0.02 0.02
3 0.741000 0.201500 0.02 0.02
3 0.753833 0.201000 0.02 0.02
3 0.764833 0.236500 0.02 0.02
3 0.790167 0.237000 0.02 0.02
4 0.784167 0.218500 0.02 0.02
0 0.848833 0.487500 0.02 0.02
3 0.811667 0.518500 0.02 0.02
3 0.785833 0.520500 0.02 0.02
3 0.774167 0.521000 0.02 0.02
3 0.774000 0.580000 0.02 0.02
1 0.806000 0.443750 0.02 0.02
