6 0.867167 0.165500 0.02 0.02
6 0.879333 0.165750 0.02 0.02
6 0.890333 0.165250 0.02 0.02
6 0.901500 0.165250 0.02 0.02
6 0.912500 0.164500 0.02 0.02
6 0.855167 0.167250 0.02 0.02
6 0.844167 0.166750 0.02 0.02
6 0.832333 0.166250 0.02 0.02
6 0.821667 0.165500 0.02 0.02
6 0.809167 0.165500 0.02 0.02
4 0.769000 0.366750 0.02 0.02
4 0.779667 0.367250 0.02 0.02
4 0.790833 0.367250 0.02 0.02
4 0.802500 0.366500 0.02 0.02
4 0.814333 0.366000 0.02 0.02
4 0.826667 0.365000 0.02 0.02
4 0.838000 0.365500 0.02 0.02
4 0.850000 0.364250 0.02 0.02
4 0.861167 0.364000 0.02 0.02
4 0.872500 0.363250 0.02 0.02
4 0.883167 0.364000 0.02 0.02
4 0.895000 0.364000 0.02 0.02
3 0.826167 0.538500 0.02 0.02
3 0.780167 0.511500 0.02 0.02
3 0.728167 0.498750 0.02 0.02
3 0.704667 0.553750 0.02 0.02
3 0.716167 0.582000 0.02 0.02
3 0.677000 0.485750 0.02 0.02
3 0.665500 0.456250 0.02 0.02
3 0.676333 0.456250 0.02 0.02
3 0.728000 0.441500 0.02 0.02
3 0.728333 0.412500 0.02 0.02
3 0.739833 0.413000 0.02 0.02
3 0.688333 0.399750 0.02 0.02
3 0.683500 0.384750 0.02 0.02
3 0.625667 0.415000 0.02 0.02
3 0.625333 0.356250 0.02 0.02
3 0.602333 0.356000 0.02 0.02
