0 0.780500 0.175750 0.02 0.02
0 0.786333 0.194750 0.02 0.02
0 0.797833 0.192750 0.02 0.02
0 0.804000 0.208750 0.02 0.02
0 0.809500 0.226750 0.02 0.02
0 0.821500 0.226250 0.02 0.02
0 0.815000 0.242500 0.02 0.02
0 0.826833 0.242000 0.02 0.02
0 0.820500 0.258000 0.02 0.02
0 0.763000 0.158750 0.02 0.02
0 0.881833 0.501750 0.02 0.02
0 0.876000 0.488000 0.02 0.02
0 0.877167 0.459000 0.02 0.02
3 0.872000 0.446000 0.02 0.02
3 0.883667 0.445000 0.02 0.02
3 0.894667 0.444250 0.02 0.02
3 0.907000 0.443750 0.02 0.02
3 0.888833 0.458500 0.02 0.02
3 0.882000 0.473750 0.02 0.02
3 0.894500 0.472000 0.02 0.02
3 0.906000 0.471000 0.02 0.02
3 0.911500 0.485000 0.02 0.02
3 0.918667 0.471250 0.02 0.02
3 0.913500 0.457750 0.02 0.02
3 0.930500 0.500250 0.02 0.02
3 0.924000 0.514750 0.02 0.02
3 0.911000 0.514000 0.02 0.02
3 0.904000 0.530000 0.02 0.02
3 0.892167 0.530000 0.02 0.02
3 0.880167 0.531500 0.02 0.02
3 0.886667 0.516250 0.02 0.02
1 0.859000 0.504250 0.02 0.02
1 0.847500 0.505250 0.02 0.02
1 0.835500 0.504750 0.02 0.02
1 0.840833 0.519000 0.02 0.02
1 0.852667 0.518750 0.02 0.02
1 0.853833 0.489500 0.02 0.02
1 0.864833 0.488750 0.02 0.02
1 0.846333 0.533500 0.02 0.02
1 0.851500 0.547250 0.02 0.02
1 0.857000 0.563500 0.02 0.02
1 0.851333 0.578500 0.02 0.02
1 0.839833 0.578750 0.02 0.02
1 0.828667 0.579000 0.02 0.02
1 0.823833 0.593750 0.02 0.02
1 0.851833 0.608000 0.02 0.02
2 0.795667 0.610000 0.02 0.02
2 0.789667 0.594500 0.02 0.02
2 0.784000 0.581000 0.02 0.02
2 0.777833 0.567750 0.02 0.02
2 0.790333 0.567500 0.02 0.02
2 0.795000 0.552000 0.02 0.02
2 0.806333 0.551250 0.02 0.02
2 0.812500 0.566500 0.02 0.02
2 0.783667 0.553500 0.02 0.02
2 0.772667 0.553000 0.02 0.02
3 0.778833 0.539000 0.02 0.02
3 0.767333 0.539500 0.02 0.02
1 0.739333 0.466750 0.02 0.02
1 0.721833 0.453500 0.02 0.02
1 0.715500 0.468500 0.02 0.02
1 0.703667 0.410500 0.02 0.02
1 0.715333 0.410500 0.02 0.02
1 0.727333 0.409750 0.02 0.02
1 0.738667 0.410000 0.02 0.02
1 0.639167 0.427500 0.02 0.02
1 0.633667 0.442500 0.02 0.02
1 0.598833 0.443750 0.02 0.02
1 0.581833 0.428750 0.02 0.02
1 0.541500 0.414500 0.02 0.02
1 0.535667 0.400750 0.02 0.02
3 0.389667 0.499500 0.02 0.02
3 0.384167 0.514250 0.02 0.02
3 0.378000 0.528250 0.02 0.02
3 0.383833 0.543000 0.02 0.02
3 0.395333 0.544000 0.02 0.02
3 0.418667 0.544500 0.02 0.02
3 0.390000 0.529000 0.02 0.02
3 0.395500 0.514250 0.02 0.02
3 0.372500 0.513250 0.02 0.02
3 0.367000 0.528500 0.02 0.02
3 0.349500 0.514000 0.02 0.02
3 0.355667 0.498750 0.02 0.02
3 0.343667 0.498750 0.02 0.02
3 0.338000 0.483750 0.02 0.02
3 0.332667 0.469250 0.02 0.02
3 0.343833 0.469250 0.02 0.02
4 0.886500 0.236500 0.02 0.02
4 0.891000 0.253500 0.02 0.02
4 0.885833 0.269750 0.02 0.02
4 0.921333 0.296000 0.02 0.02
4 0.946833 0.291500 0.02 0.02
4 0.941000 0.276750 0.02 0.02
4 0.934667 0.262500 0.02 0.02
4 0.927667 0.248000 0.02 0.02
4 0.935000 0.230000 0.02 0.02
4 0.929333 0.212500 0.02 0.02
4 0.940333 0.211250 0.02 0.02
4 0.952500 0.242750 0.02 0.02
