6 0.384000 0.430500 0.02 0.02
6 0.366333 0.414500 0.02 0.02
6 0.384000 0.398750 0.02 0.02
6 0.396167 0.398750 0.02 0.02
6 0.431500 0.399000 0.02 0.02
6 0.419833 0.369000 0.02 0.02
6 0.461000 0.416250 0.02 0.02
6 0.448167 0.447750 0.02 0.02
6 0.448167 0.479000 0.02 0.02
6 0.428000 0.559750 0.02 0.02
6 0.386333 0.575750 0.02 0.02
6 0.362333 0.606750 0.02 0.02
6 0.343500 0.620750 0.02 0.02
6 0.267000 0.634250 0.02 0.02
6 0.239000 0.588500 0.02 0.02
6 0.220167 0.573000 0.02 0.02
6 0.197333 0.571250 0.02 0.02
6 0.180333 0.554500 0.02 0.02
6 0.204500 0.524500 0.02 0.02
6 0.205333 0.492750 0.02 0.02
6 0.187500 0.476500 0.02 0.02
