3 0.447833 0.310750 0.02 0.02
3 0.501000 0.328250 0.02 0.02
3 0.513667 0.295250 0.02 0.02
3 0.525500 0.328500 0.02 0.02
3 0.531667 0.312000 0.02 0.02
3 0.123667 0.432000 0.02 0.02
3 0.100167 0.521250 0.02 0.02
3 0.068333 0.504500 0.02 0.02
3 0.069500 0.533750 0.02 0.02
3 0.710333 0.467250 0.02 0.02
4 0.824000 0.324000 0.02 0.02
4 0.812333 0.323000 0.02 0.02
4 0.801333 0.324000 0.02 0.02
4 0.788667 0.325250 0.02 0.02
4 0.777333 0.325000 0.02 0.02
4 0.771167 0.308250 0.02 0.02
4 0.783000 0.308250 0.02 0.02
4 0.795000 0.309250 0.02 0.02
4 0.807000 0.307750 0.02 0.02
4 0.819000 0.307000 0.02 0.02
4 0.812833 0.291500 0.02 0.02
4 0.801833 0.292500 0.02 0.02
4 0.789167 0.291250 0.02 0.02
4 0.777333 0.291250 0.02 0.02
4 0.723000 0.275000 0.02 0.02
4 0.687167 0.277000 0.02 0.02
4 0.693167 0.259750 0.02 0.02
4 0.676167 0.276250 0.02 0.02
4 0.669667 0.260250 0.02 0.02
6 0.944000 0.302500 0.02 0.02
6 0.943000 0.334500 0.02 0.02
6 0.917500 0.334500 0.02 0.02
6 0.923333 0.351000 0.02 0.02
6 0.936833 0.350250 0.02 0.02
6 0.943500 0.366000 0.02 0.02
6 0.298667 0.541500 0.02 0.02
6 0.304500 0.557000 0.02 0.02
6 0.310833 0.571250 0.02 0.02
6 0.293500 0.528000 0.02 0.02
6 0.211500 0.674750 0.02 0.02
6 0.217167 0.689750 0.02 0.02
6 0.205333 0.689250 0.02 0.02
6 0.210833 0.704500 0.02 0.02
