0 0.682000 0.527000 0.02 0.02
0 0.675500 0.543250 0.02 0.02
0 0.694833 0.465500 0.02 0.02
1 0.706833 0.435250 0.02 0.02
4 0.736667 0.451750 0.02 0.02
3 0.754333 0.464500 0.02 0.02
3 0.760833 0.390000 0.02 0.02
0 0.712833 0.420500 0.02 0.02
1 0.653000 0.389250 0.02 0.02
3 0.647167 0.344000 0.02 0.02
3 0.660167 0.281500 0.02 0.02
4 0.616500 0.390250 0.02 0.02
4 0.641000 0.328250 0.02 0.02
4 0.646833 0.311500 0.02 0.02
4 0.672500 0.280500 0.02 0.02
4 0.666167 0.265250 0.02 0.02
4 0.695667 0.343250 0.02 0.02
4 0.707500 0.344000 0.02 0.02
4 0.689500 0.359500 0.02 0.02
4 0.725167 0.357750 0.02 0.02
4 0.719833 0.313500 0.02 0.02
4 0.726167 0.297000 0.02 0.02
4 0.708500 0.281000 0.02 0.02
4 0.727000 0.264750 0.02 0.02
4 0.738500 0.264750 0.02 0.02
3 0.821833 0.358500 0.02 0.02
3 0.835000 0.358750 0.02 0.02
3 0.846333 0.358500 0.02 0.02
3 0.858667 0.358250 0.02 0.02
3 0.871167 0.357000 0.02 0.02
3 0.883667 0.358000 0.02 0.02
3 0.896000 0.357000 0.02 0.02
3 0.908333 0.357250 0.02 0.02
3 0.890167 0.280500 0.02 0.02
3 0.909000 0.263750 0.02 0.02
3 0.902500 0.248750 0.02 0.02
3 0.897333 0.233250 0.02 0.02
3 0.885167 0.233250 0.02 0.02
3 0.915167 0.248000 0.02 0.02
3 0.896667 0.295000 0.02 0.02
3 0.909333 0.295500 0.02 0.02
3 0.902500 0.310750 0.02 0.02
3 0.896500 0.326000 0.02 0.02
3 0.890333 0.342250 0.02 0.02
3 0.884500 0.327250 0.02 0.02
3 0.890333 0.311000 0.02 0.02
3 0.884167 0.296000 0.02 0.02
6 0.903167 0.279500 0.02 0.02
6 0.914667 0.280500 0.02 0.02
6 0.921167 0.265000 0.02 0.02
6 0.932333 0.264500 0.02 0.02
6 0.938167 0.247500 0.02 0.02
6 0.948500 0.247750 0.02 0.02
6 0.933000 0.295000 0.02 0.02
6 0.943500 0.295500 0.02 0.02
6 0.949000 0.310000 0.02 0.02
6 0.954000 0.324000 0.02 0.02
6 0.949500 0.339500 0.02 0.02
6 0.943667 0.355000 0.02 0.02
6 0.950000 0.370250 0.02 0.02
6 0.955000 0.384250 0.02 0.02
6 0.956167 0.415750 0.02 0.02
6 0.954833 0.446500 0.02 0.02
3 0.943167 0.447250 0.02 0.02
3 0.931000 0.447000 0.02 0.02
3 0.918833 0.447500 0.02 0.02
3 0.912333 0.432500 0.02 0.02
3 0.924167 0.462750 0.02 0.02
3 0.930667 0.477000 0.02 0.02
3 0.936167 0.493000 0.02 0.02
6 0.941667 0.508750 0.02 0.02
6 0.947667 0.525250 0.02 0.02
4 0.528000 0.312000 0.02 0.02
4 0.504000 0.279750 0.02 0.02
4 0.480333 0.280250 0.02 0.02
4 0.474333 0.264250 0.02 0.02
4 0.467500 0.280250 0.02 0.02
4 0.473500 0.296000 0.02 0.02
4 0.461667 0.295750 0.02 0.02
3 0.492667 0.279750 0.02 0.02
3 0.503667 0.344000 0.02 0.02
3 0.443667 0.342750 0.02 0.02
3 0.408000 0.342750 0.02 0.02
3 0.401667 0.358000 0.02 0.02
3 0.395667 0.372250 0.02 0.02
4 0.401333 0.389250 0.02 0.02
4 0.396167 0.342250 0.02 0.02
4 0.401667 0.327500 0.02 0.02
4 0.383667 0.342000 0.02 0.02
4 0.377833 0.326000 0.02 0.02
4 0.365833 0.326750 0.02 0.02
4 0.437833 0.296250 0.02 0.02
4 0.365500 0.295750 0.02 0.02
4 0.359667 0.279250 0.02 0.02
4 0.347833 0.372000 0.02 0.02
4 0.329667 0.387750 0.02 0.02
4 0.323500 0.403250 0.02 0.02
4 0.335833 0.403750 0.02 0.02
4 0.330000 0.418500 0.02 0.02
4 0.306000 0.417500 0.02 0.02
4 0.318000 0.447500 0.02 0.02
4 0.335833 0.433750 0.02 0.02
4 0.299833 0.462250 0.02 0.02
4 0.092333 0.335000 0.02 0.02
4 0.098667 0.319750 0.02 0.02
4 0.105667 0.305250 0.02 0.02
4 0.092667 0.305250 0.02 0.02
4 0.087167 0.290000 0.02 0.02
4 0.098333 0.289250 0.02 0.02
4 0.105667 0.274500 0.02 0.02
4 0.093667 0.275250 0.02 0.02
2 0.549167 0.676500 0.02 0.02
2 0.560833 0.677250 0.02 0.02
2 0.572667 0.678250 0.02 0.02
2 0.579000 0.664500 0.02 0.02
2 0.584833 0.677750 0.02 0.02
2 0.555833 0.691750 0.02 0.02
2 0.567000 0.691750 0.02 0.02
2 0.548833 0.706250 0.02 0.02
2 0.560500 0.707250 0.02 0.02
2 0.556000 0.720000 0.02 0.02
2 0.584667 0.706250 0.02 0.02
2 0.603000 0.692250 0.02 0.02
2 0.614000 0.693000 0.02 0.02
2 0.608167 0.705500 0.02 0.02
2 0.619667 0.705750 0.02 0.02
2 0.603833 0.663250 0.02 0.02
2 0.609000 0.649750 0.02 0.02
2 0.626667 0.664000 0.02 0.02
2 0.668500 0.678250 0.02 0.02
0 0.632167 0.678250 0.02 0.02
3 0.662000 0.692500 0.02 0.02
3 0.643500 0.706750 0.02 0.02
3 0.674000 0.721250 0.02 0.02
3 0.679333 0.707000 0.02 0.02
3 0.685667 0.721250 0.02 0.02
3 0.679500 0.736250 0.02 0.02
3 0.691000 0.735250 0.02 0.02
3 0.727333 0.736500 0.02 0.02
3 0.732833 0.721250 0.02 0.02
3 0.703500 0.706750 0.02 0.02
3 0.704167 0.677000 0.02 0.02
3 0.727667 0.677250 0.02 0.02
3 0.740000 0.677000 0.02 0.02
3 0.751167 0.677500 0.02 0.02
3 0.733833 0.691500 0.02 0.02
3 0.745167 0.691250 0.02 0.02
3 0.756833 0.691250 0.02 0.02
3 0.768833 0.692250 0.02 0.02
3 0.780500 0.692750 0.02 0.02
3 0.774333 0.677750 0.02 0.02
3 0.763000 0.706750 0.02 0.02
3 0.773833 0.707500 0.02 0.02
3 0.757000 0.720750 0.02 0.02
3 0.768500 0.722250 0.02 0.02
6 0.793000 0.692500 0.02 0.02
6 0.804833 0.692250 0.02 0.02
6 0.799167 0.678000 0.02 0.02
6 0.811000 0.678000 0.02 0.02
6 0.805000 0.662750 0.02 0.02
6 0.798833 0.708250 0.02 0.02
6 0.792667 0.721750 0.02 0.02
6 0.798833 0.736750 0.02 0.02
6 0.792333 0.751750 0.02 0.02
6 0.798333 0.766750 0.02 0.02
6 0.785833 0.766000 0.02 0.02
6 0.792333 0.781750 0.02 0.02
6 0.804833 0.782500 0.02 0.02
6 0.798167 0.797500 0.02 0.02
6 0.786000 0.797000 0.02 0.02
1 0.472833 0.419000 0.02 0.02
4 0.401667 0.295250 0.02 0.02
