2 0.486833 0.425000 0.02 0.02
2 0.491667 0.437000 0.02 0.02
2 0.480833 0.436250 0.02 0.02
2 0.544000 0.342250 0.02 0.02
2 0.555500 0.342000 0.02 0.02
2 0.566833 0.342500 0.02 0.02
2 0.532667 0.343000 0.02 0.02
2 0.538167 0.327000 0.02 0.02
2 0.544500 0.313750 0.02 0.02
2 0.555167 0.314000 0.02 0.02
2 0.566667 0.314500 0.02 0.02
2 0.572500 0.299750 0.02 0.02
3 0.411000 0.311500 0.02 0.02
3 0.427333 0.325000 0.02 0.02
3 0.438833 0.324500 0.02 0.02
3 0.450167 0.323750 0.02 0.02
3 0.432667 0.339000 0.02 0.02
3 0.439167 0.352500 0.02 0.02
4 0.457833 0.490750 0.02 0.02
4 0.463500 0.477750 0.02 0.02
4 0.475167 0.477000 0.02 0.02
4 0.491833 0.464500 0.02 0.02
4 0.473500 0.533000 0.02 0.02
2 0.496167 0.507000 0.02 0.02
2 0.501167 0.520250 0.02 0.02
3 0.435667 0.490250 0.02 0.02
3 0.429667 0.503250 0.02 0.02
3 0.441167 0.504250 0.02 0.02
3 0.541333 0.478750 0.02 0.02
4 0.917667 0.211750 0.02 0.02
4 0.913333 0.197250 0.02 0.02
4 0.906333 0.212000 0.02 0.02
4 0.911500 0.227500 0.02 0.02
4 0.899833 0.226500 0.02 0.02
3 0.905000 0.243250 0.02 0.02
3 0.858000 0.216750 0.02 0.02
3 0.847500 0.187000 0.02 0.02
3 0.863833 0.232250 0.02 0.02
4 0.878167 0.197750 0.02 0.02
4 0.871833 0.182250 0.02 0.02
4 0.860833 0.182750 0.02 0.02
6 0.854333 0.136000 0.02 0.02
6 0.866000 0.134500 0.02 0.02
6 0.879000 0.134250 0.02 0.02
6 0.892333 0.133000 0.02 0.02
2 0.191833 0.594000 0.02 0.02
2 0.208833 0.581000 0.02 0.02
2 0.236333 0.567750 0.02 0.02
2 0.231333 0.553000 0.02 0.02
2 0.229667 0.611750 0.02 0.02
0 0.450000 0.378750 0.02 0.02
0 0.465500 0.365000 0.02 0.02
0 0.471333 0.351750 0.02 0.02
4 0.583000 0.590750 0.02 0.02
2 0.622000 0.546750 0.02 0.02
2 0.632333 0.427000 0.02 0.02
2 0.649333 0.414000 0.02 0.02
3 0.673333 0.475000 0.02 0.02
3 0.650167 0.534250 0.02 0.02
3 0.844667 0.279750 0.02 0.02
3 0.850000 0.296000 0.02 0.02
3 0.855000 0.309250 0.02 0.02
