3 0.371667 0.174500 0.02 0.02
3 0.383667 0.174000 0.02 0.02
3 0.378500 0.190000 0.02 0.02
3 0.389833 0.188750 0.02 0.02
3 0.384500 0.205750 0.02 0.02
3 0.343167 0.221250 0.02 0.02
3 0.355000 0.221500 0.02 0.02
3 0.361167 0.237000 0.02 0.02
3 0.337833 0.236000 0.02 0.02
3 0.344000 0.252250 0.02 0.02
3 0.379000 0.253000 0.02 0.02
3 0.396333 0.237500 0.02 0.02
3 0.408833 0.237500 0.02 0.02
3 0.421000 0.174000 0.02 0.02
3 0.326333 0.205750 0.02 0.02
3 0.314500 0.204000 0.02 0.02
3 0.303000 0.199250 0.02 0.02
3 0.309000 0.218750 0.02 0.02
3 0.315167 0.235000 0.02 0.02
3 0.303000 0.234750 0.02 0.02
3 0.291833 0.233500 0.02 0.02
3 0.280500 0.232750 0.02 0.02
3 0.331500 0.313250 0.02 0.02
3 0.350000 0.298750 0.02 0.02
3 0.355500 0.314750 0.02 0.02
3 0.355667 0.344750 0.02 0.02
3 0.355333 0.404250 0.02 0.02
3 0.390333 0.405500 0.02 0.02
3 0.308333 0.402250 0.02 0.02
3 0.331333 0.432500 0.02 0.02
3 0.266667 0.504500 0.02 0.02
3 0.249667 0.460000 0.02 0.02
3 0.226167 0.459750 0.02 0.02
3 0.208667 0.472250 0.02 0.02
3 0.189667 0.399500 0.02 0.02
3 0.139833 0.438750 0.02 0.02
3 0.150500 0.470500 0.02 0.02
6 0.144833 0.545250 0.02 0.02
6 0.156333 0.545500 0.02 0.02
6 0.168167 0.545500 0.02 0.02
6 0.179833 0.546000 0.02 0.02
6 0.192000 0.546750 0.02 0.02
6 0.203167 0.546500 0.02 0.02
6 0.162667 0.561000 0.02 0.02
6 0.167500 0.575500 0.02 0.02
6 0.174000 0.591000 0.02 0.02
6 0.179333 0.606250 0.02 0.02
6 0.185500 0.621250 0.02 0.02
6 0.197833 0.622250 0.02 0.02
6 0.202500 0.606750 0.02 0.02
6 0.209000 0.591500 0.02 0.02
6 0.196833 0.592000 0.02 0.02
