3 0.205000 0.452000 0.02 0.02
3 0.227167 0.452250 0.02 0.02
3 0.238667 0.453250 0.02 0.02
3 0.216333 0.479750 0.02 0.02
3 0.182000 0.479750 0.02 0.02
3 0.164000 0.464500 0.02 0.02
3 0.158667 0.450500 0.02 0.02
3 0.152000 0.436250 0.02 0.02
3 0.146333 0.421500 0.02 0.02
3 0.139667 0.407000 0.02 0.02
3 0.158000 0.422000 0.02 0.02
3 0.140833 0.435000 0.02 0.02
3 0.147000 0.449750 0.02 0.02
3 0.152667 0.463500 0.02 0.02
3 0.158500 0.478500 0.02 0.02
3 0.147167 0.477500 0.02 0.02
3 0.141500 0.463000 0.02 0.02
3 0.134833 0.448250 0.02 0.02
4 0.202167 0.270750 0.02 0.02
3 0.690000 0.581250 0.02 0.02
3 0.694833 0.595250 0.02 0.02
3 0.700167 0.608750 0.02 0.02
3 0.706167 0.622750 0.02 0.02
3 0.711833 0.636750 0.02 0.02
3 0.718333 0.651500 0.02 0.02
3 0.725000 0.665500 0.02 0.02
3 0.711500 0.609500 0.02 0.02
3 0.717167 0.593500 0.02 0.02
3 0.701000 0.637000 0.02 0.02
3 0.695667 0.651750 0.02 0.02
3 0.717500 0.622500 0.02 0.02
3 0.728667 0.622750 0.02 0.02
3 0.740667 0.621750 0.02 0.02
3 0.695333 0.623250 0.02 0.02
3 0.684333 0.623500 0.02 0.02
3 0.674000 0.624750 0.02 0.02
6 0.896833 0.602500 0.02 0.02
6 0.890833 0.616000 0.02 0.02
6 0.885000 0.628750 0.02 0.02
6 0.879333 0.642000 0.02 0.02
6 0.891167 0.641250 0.02 0.02
6 0.873833 0.630500 0.02 0.02
6 0.867500 0.617250 0.02 0.02
6 0.861500 0.604750 0.02 0.02
6 0.862167 0.630500 0.02 0.02
6 0.879167 0.616000 0.02 0.02
6 0.832667 0.618500 0.02 0.02
