1 0.355167 0.410750 0.02 0.02
1 0.384833 0.394500 0.02 0.02
1 0.380000 0.441250 0.02 0.02
1 0.369000 0.471750 0.02 0.02
1 0.416833 0.501000 0.02 0.02
1 0.458833 0.516000 0.02 0.02
1 0.482500 0.514750 0.02 0.02
0 0.411667 0.516750 0.02 0.02
0 0.369167 0.502000 0.02 0.02
0 0.364500 0.546000 0.02 0.02
0 0.472167 0.574250 0.02 0.02
0 0.495833 0.544250 0.02 0.02
0 0.473333 0.633250 0.02 0.02
0 0.496833 0.604500 0.02 0.02
0 0.425000 0.604500 0.02 0.02
0 0.574833 0.674000 0.02 0.02
3 0.413333 0.603750 0.02 0.02
3 0.383000 0.618750 0.02 0.02
3 0.310500 0.561250 0.02 0.02
3 0.306500 0.410250 0.02 0.02
3 0.311500 0.364250 0.02 0.02
3 0.329667 0.347750 0.02 0.02
3 0.322833 0.299500 0.02 0.02
3 0.802333 0.348750 0.02 0.02
3 0.777167 0.318750 0.02 0.02
3 0.741500 0.321750 0.02 0.02
0 0.724500 0.337750 0.02 0.02
0 0.713000 0.339250 0.02 0.02
0 0.687500 0.308250 0.02 0.02
0 0.689167 0.371250 0.02 0.02
0 0.730333 0.413250 0.02 0.02
0 0.712167 0.431250 0.02 0.02
1 0.682167 0.416500 0.02 0.02
1 0.664500 0.402500 0.02 0.02
1 0.646667 0.419750 0.02 0.02
1 0.635167 0.419750 0.02 0.02
1 0.633500 0.327500 0.02 0.02
1 0.615333 0.312750 0.02 0.02
1 0.616000 0.375250 0.02 0.02
2 0.598500 0.360750 0.02 0.02
2 0.587333 0.392250 0.02 0.02
2 0.573500 0.361250 0.02 0.02
2 0.557167 0.439250 0.02 0.02
2 0.552500 0.484250 0.02 0.02
2 0.527667 0.424500 0.02 0.02
2 0.498333 0.439500 0.02 0.02
2 0.432833 0.424750 0.02 0.02
3 0.178667 0.334750 0.02 0.02
3 0.149333 0.351500 0.02 0.02
3 0.167000 0.367000 0.02 0.02
