4 0.459667 0.463000 0.02 0.02
4 0.472167 0.462250 0.02 0.02
4 0.465833 0.447000 0.02 0.02
4 0.471833 0.431000 0.02 0.02
4 0.478333 0.446500 0.02 0.02
4 0.484833 0.430750 0.02 0.02
4 0.478333 0.416000 0.02 0.02
4 0.472667 0.401000 0.02 0.02
6 0.862500 0.682750 0.02 0.02
6 0.875833 0.681000 0.02 0.02
6 0.868000 0.667000 0.02 0.02
6 0.855500 0.669500 0.02 0.02
6 0.856500 0.698500 0.02 0.02
6 0.844167 0.701250 0.02 0.02
6 0.850667 0.715750 0.02 0.02
4 0.592000 0.471250 0.02 0.02
4 0.579333 0.442000 0.02 0.02
4 0.598500 0.426250 0.02 0.02
4 0.616333 0.380250 0.02 0.02
4 0.603333 0.350000 0.02 0.02
6 0.755167 0.110500 0.02 0.02
6 0.779000 0.109500 0.02 0.02
6 0.823833 0.123250 0.02 0.02
6 0.818333 0.110750 0.02 0.02
