1 0.561167 0.238500 0.02 0.02
1 0.574000 0.239000 0.02 0.02
1 0.567167 0.255000 0.02 0.02
1 0.572833 0.272750 0.02 0.02
1 0.585500 0.273000 0.02 0.02
1 0.592000 0.255750 0.02 0.02
1 0.580000 0.255000 0.02 0.02
1 0.586333 0.239250 0.02 0.02
1 0.605333 0.256250 0.02 0.02
1 0.617500 0.256250 0.02 0.02
1 0.623500 0.273000 0.02 0.02
1 0.611000 0.273250 0.02 0.02
1 0.636167 0.273750 0.02 0.02
1 0.648667 0.274500 0.02 0.02
1 0.655500 0.258000 0.02 0.02
1 0.661167 0.275250 0.02 0.02
1 0.660333 0.306750 0.02 0.02
1 0.666000 0.324000 0.02 0.02
1 0.672333 0.340250 0.02 0.02
1 0.660000 0.339500 0.02 0.02
1 0.646667 0.339500 0.02 0.02
1 0.635333 0.339250 0.02 0.02
1 0.622333 0.339000 0.02 0.02
1 0.616667 0.321500 0.02 0.02
1 0.603500 0.320750 0.02 0.02
1 0.591167 0.321500 0.02 0.02
1 0.578500 0.320250 0.02 0.02
1 0.566500 0.319250 0.02 0.02
1 0.553333 0.319000 0.02 0.02
1 0.559500 0.304500 0.02 0.02
1 0.572333 0.305000 0.02 0.02
1 0.579500 0.289250 0.02 0.02
1 0.566167 0.288500 0.02 0.02
1 0.553500 0.288500 0.02 0.02
1 0.546833 0.335250 0.02 0.02
1 0.559167 0.336000 0.02 0.02
1 0.534833 0.303000 0.02 0.02
1 0.529000 0.287000 0.02 0.02
1 0.527833 0.319000 0.02 0.02
1 0.535000 0.270500 0.02 0.02
1 0.529500 0.253000 0.02 0.02
1 0.535500 0.237750 0.02 0.02
1 0.523000 0.236250 0.02 0.02
1 0.541667 0.255500 0.02 0.02
1 0.517167 0.219000 0.02 0.02
1 0.529500 0.219250 0.02 0.02
1 0.542667 0.220250 0.02 0.02
1 0.511000 0.236250 0.02 0.02
1 0.504333 0.253000 0.02 0.02
1 0.492000 0.251500 0.02 0.02
1 0.467000 0.218250 0.02 0.02
2 0.492333 0.218000 0.02 0.02
2 0.498833 0.236000 0.02 0.02
2 0.485333 0.235250 0.02 0.02
2 0.472833 0.234750 0.02 0.02
2 0.460667 0.234250 0.02 0.02
2 0.454167 0.216750 0.02 0.02
2 0.453333 0.250750 0.02 0.02
2 0.466500 0.250000 0.02 0.02
2 0.478833 0.251250 0.02 0.02
2 0.497000 0.270500 0.02 0.02
2 0.509500 0.270500 0.02 0.02
2 0.516333 0.253500 0.02 0.02
2 0.515667 0.286500 0.02 0.02
2 0.503500 0.285000 0.02 0.02
2 0.491333 0.284750 0.02 0.02
2 0.479000 0.284500 0.02 0.02
1 0.472000 0.268000 0.02 0.02
1 0.265000 0.207250 0.02 0.02
3 0.303167 0.174000 0.02 0.02
3 0.317167 0.139000 0.02 0.02
3 0.239500 0.206750 0.02 0.02
1 0.308833 0.226500 0.02 0.02
1 0.353000 0.244000 0.02 0.02
2 0.277667 0.207750 0.02 0.02
2 0.289333 0.208750 0.02 0.02
2 0.302167 0.209000 0.02 0.02
2 0.315167 0.209750 0.02 0.02
2 0.327667 0.210000 0.02 0.02
2 0.339333 0.210250 0.02 0.02
2 0.353000 0.210500 0.02 0.02
2 0.365167 0.211500 0.02 0.02
2 0.270833 0.225250 0.02 0.02
2 0.282667 0.224250 0.02 0.02
2 0.295500 0.226000 0.02 0.02
2 0.271833 0.190750 0.02 0.02
2 0.283333 0.190750 0.02 0.02
4 0.296333 0.190500 0.02 0.02
4 0.290167 0.137250 0.02 0.02
4 0.284333 0.154500 0.02 0.02
4 0.297000 0.155000 0.02 0.02
4 0.290500 0.171750 0.02 0.02
4 0.310000 0.156250 0.02 0.02
4 0.316167 0.173750 0.02 0.02
4 0.323167 0.156500 0.02 0.02
4 0.308500 0.191250 0.02 0.02
4 0.264500 0.171000 0.02 0.02
4 0.336167 0.155750 0.02 0.02
4 0.251833 0.170500 0.02 0.02
4 0.239667 0.170750 0.02 0.02
4 0.226500 0.171000 0.02 0.02
4 0.221000 0.152750 0.02 0.02
3 0.213667 0.171000 0.02 0.02
1 0.194833 0.220000 0.02 0.02
1 0.170333 0.185250 0.02 0.02
1 0.163000 0.201500 0.02 0.02
1 0.162500 0.234750 0.02 0.02
1 0.168500 0.251750 0.02 0.02
1 0.155833 0.251750 0.02 0.02
1 0.149333 0.268000 0.02 0.02
1 0.136000 0.268000 0.02 0.02
1 0.150333 0.202250 0.02 0.02
1 0.137833 0.201000 0.02 0.02
1 0.131833 0.218500 0.02 0.02
1 0.123500 0.234750 0.02 0.02
1 0.116833 0.249750 0.02 0.02
4 0.143500 0.217500 0.02 0.02
4 0.156833 0.184750 0.02 0.02
4 0.175333 0.168750 0.02 0.02
4 0.188500 0.168500 0.02 0.02
4 0.201000 0.169500 0.02 0.02
3 0.131333 0.184750 0.02 0.02
4 0.110667 0.200000 0.02 0.02
4 0.103333 0.248250 0.02 0.02
4 0.110333 0.266250 0.02 0.02
2 0.115333 0.283250 0.02 0.02
2 0.122000 0.266250 0.02 0.02
2 0.129000 0.251500 0.02 0.02
2 0.149833 0.234250 0.02 0.02
2 0.168500 0.219250 0.02 0.02
2 0.181500 0.219000 0.02 0.02
2 0.188000 0.203000 0.02 0.02
2 0.175167 0.235250 0.02 0.02
2 0.187333 0.236250 0.02 0.02
2 0.200500 0.236500 0.02 0.02
2 0.207000 0.220750 0.02 0.02
2 0.213000 0.204000 0.02 0.02
2 0.180500 0.252000 0.02 0.02
4 0.156333 0.218250 0.02 0.02
3 0.293667 0.416500 0.02 0.02
3 0.410667 0.162500 0.02 0.02
3 0.435833 0.164000 0.02 0.02
3 0.442667 0.182250 0.02 0.02
3 0.417167 0.180250 0.02 0.02
1 0.288667 0.338250 0.02 0.02
1 0.282000 0.353000 0.02 0.02
1 0.331667 0.354500 0.02 0.02
1 0.487500 0.440500 0.02 0.02
1 0.500500 0.439250 0.02 0.02
1 0.512667 0.441500 0.02 0.02
1 0.481500 0.425500 0.02 0.02
1 0.493667 0.456750 0.02 0.02
1 0.499667 0.473000 0.02 0.02
1 0.505833 0.490250 0.02 0.02
1 0.518333 0.490250 0.02 0.02
1 0.524000 0.474750 0.02 0.02
