0 0.791000 0.338500 0.02 0.02
0 0.797333 0.351750 0.02 0.02
0 0.802833 0.366500 0.02 0.02
0 0.808500 0.381750 0.02 0.02
0 0.814333 0.397250 0.02 0.02
0 0.790500 0.397000 0.02 0.02
0 0.808500 0.412250 0.02 0.02
0 0.802500 0.426250 0.02 0.02
0 0.813167 0.455250 0.02 0.02
0 0.801500 0.485750 0.02 0.02
0 0.783667 0.499750 0.02 0.02
0 0.795333 0.499750 0.02 0.02
0 0.776833 0.543750 0.02 0.02
0 0.741833 0.543000 0.02 0.02
0 0.747333 0.557000 0.02 0.02
0 0.723667 0.558250 0.02 0.02
1 0.724500 0.528500 0.02 0.02
1 0.742500 0.514000 0.02 0.02
1 0.724833 0.499500 0.02 0.02
1 0.742333 0.484500 0.02 0.02
1 0.748500 0.469750 0.02 0.02
1 0.754500 0.484500 0.02 0.02
1 0.748500 0.497750 0.02 0.02
1 0.760000 0.498750 0.02 0.02
1 0.772167 0.499500 0.02 0.02
1 0.766833 0.514000 0.02 0.02
1 0.777500 0.514000 0.02 0.02
1 0.778000 0.485000 0.02 0.02
1 0.789833 0.484750 0.02 0.02
1 0.772167 0.469750 0.02 0.02
1 0.754833 0.455500 0.02 0.02
1 0.766500 0.455000 0.02 0.02
1 0.761000 0.440250 0.02 0.02
1 0.767333 0.426000 0.02 0.02
1 0.773000 0.411000 0.02 0.02
1 0.772500 0.440750 0.02 0.02
2 0.755500 0.426250 0.02 0.02
2 0.743167 0.455250 0.02 0.02
2 0.778500 0.426500 0.02 0.02
2 0.784667 0.411750 0.02 0.02
2 0.779500 0.398250 0.02 0.02
2 0.766667 0.397000 0.02 0.02
2 0.755167 0.397250 0.02 0.02
2 0.766333 0.368000 0.02 0.02
2 0.779667 0.367250 0.02 0.02
2 0.761167 0.353750 0.02 0.02
2 0.749167 0.352750 0.02 0.02
2 0.737333 0.352500 0.02 0.02
2 0.732000 0.338000 0.02 0.02
2 0.743000 0.339500 0.02 0.02
2 0.756000 0.338750 0.02 0.02
2 0.767333 0.338500 0.02 0.02
1 0.773333 0.352750 0.02 0.02
1 0.784833 0.351750 0.02 0.02
1 0.779167 0.337750 0.02 0.02
1 0.790500 0.367250 0.02 0.02
1 0.773167 0.323750 0.02 0.02
1 0.785500 0.323000 0.02 0.02
1 0.767667 0.308000 0.02 0.02
0 0.779167 0.308250 0.02 0.02
0 0.791333 0.307750 0.02 0.02
0 0.797333 0.292250 0.02 0.02
0 0.785500 0.292500 0.02 0.02
6 0.803667 0.276750 0.02 0.02
6 0.815500 0.276500 0.02 0.02
6 0.827667 0.276000 0.02 0.02
6 0.839167 0.275000 0.02 0.02
6 0.851167 0.274500 0.02 0.02
6 0.809167 0.292500 0.02 0.02
6 0.821833 0.291250 0.02 0.02
6 0.833667 0.291250 0.02 0.02
6 0.844667 0.290500 0.02 0.02
6 0.815000 0.307000 0.02 0.02
6 0.827000 0.307000 0.02 0.02
6 0.838667 0.306750 0.02 0.02
6 0.820833 0.322000 0.02 0.02
6 0.833000 0.322000 0.02 0.02
6 0.826833 0.337000 0.02 0.02
4 0.822500 0.227500 0.02 0.02
4 0.828833 0.211250 0.02 0.02
4 0.841000 0.209750 0.02 0.02
4 0.740667 0.124000 0.02 0.02
4 0.734667 0.142000 0.02 0.02
4 0.228667 0.283000 0.02 0.02
4 0.240667 0.282500 0.02 0.02
4 0.252333 0.284500 0.02 0.02
4 0.263667 0.284500 0.02 0.02
4 0.275500 0.285000 0.02 0.02
4 0.234833 0.266250 0.02 0.02
4 0.246167 0.267750 0.02 0.02
4 0.258333 0.269250 0.02 0.02
4 0.269667 0.269000 0.02 0.02
4 0.281333 0.269500 0.02 0.02
4 0.240833 0.251750 0.02 0.02
4 0.252167 0.251250 0.02 0.02
4 0.263833 0.254000 0.02 0.02
4 0.275500 0.254000 0.02 0.02
