6 0.265667 0.652000 0.02 0.02
6 0.270833 0.638250 0.02 0.02
6 0.276333 0.623500 0.02 0.02
6 0.271000 0.609750 0.02 0.02
6 0.276333 0.594250 0.02 0.02
6 0.254167 0.596000 0.02 0.02
6 0.254000 0.624500 0.02 0.02
6 0.231167 0.625250 0.02 0.02
6 0.219833 0.597750 0.02 0.02
6 0.231000 0.567500 0.02 0.02
6 0.458000 0.596000 0.02 0.02
6 0.491833 0.596500 0.02 0.02
6 0.502500 0.567500 0.02 0.02
6 0.474167 0.553500 0.02 0.02
6 0.429333 0.554250 0.02 0.02
6 0.418500 0.612500 0.02 0.02
6 0.429833 0.640500 0.02 0.02
6 0.486167 0.638500 0.02 0.02
6 0.584833 0.682500 0.02 0.02
6 0.602000 0.665750 0.02 0.02
6 0.647167 0.662750 0.02 0.02
6 0.743167 0.705000 0.02 0.02
6 0.760167 0.690500 0.02 0.02
6 0.749000 0.661750 0.02 0.02
6 0.736667 0.633750 0.02 0.02
6 0.753333 0.619750 0.02 0.02
6 0.782667 0.605500 0.02 0.02
