6 0.319500 0.494250 0.02 0.02
6 0.331500 0.494500 0.02 0.02
6 0.343500 0.495000 0.02 0.02
6 0.355667 0.494500 0.02 0.02
6 0.325500 0.510000 0.02 0.02
6 0.331667 0.526250 0.02 0.02
6 0.338000 0.541750 0.02 0.02
6 0.344000 0.557500 0.02 0.02
6 0.350000 0.572000 0.02 0.02
6 0.356500 0.585500 0.02 0.02
6 0.362000 0.600500 0.02 0.02
6 0.367667 0.615250 0.02 0.02
6 0.374167 0.632000 0.02 0.02
6 0.406000 0.707000 0.02 0.02
6 0.412333 0.720750 0.02 0.02
6 0.418167 0.734500 0.02 0.02
6 0.424333 0.748250 0.02 0.02
6 0.430333 0.763000 0.02 0.02
6 0.425333 0.779500 0.02 0.02
