3 0.441000 0.633250 0.02 0.02
3 0.452167 0.605000 0.02 0.02
3 0.447333 0.590500 0.02 0.02
3 0.442167 0.577000 0.02 0.02
3 0.436667 0.563000 0.02 0.02
3 0.424333 0.562500 0.02 0.02
3 0.418500 0.576250 0.02 0.02
3 0.437000 0.532750 0.02 0.02
3 0.419000 0.519500 0.02 0.02
3 0.407833 0.519500 0.02 0.02
3 0.402333 0.504500 0.02 0.02
3 0.396500 0.490750 0.02 0.02
3 0.385667 0.490750 0.02 0.02
3 0.380000 0.478000 0.02 0.02
3 0.363000 0.490750 0.02 0.02
3 0.368000 0.504500 0.02 0.02
3 0.351500 0.517500 0.02 0.02
3 0.340167 0.517750 0.02 0.02
3 0.356667 0.560250 0.02 0.02
6 0.390333 0.533500 0.02 0.02
6 0.396333 0.547500 0.02 0.02
6 0.407000 0.548000 0.02 0.02
6 0.379167 0.532750 0.02 0.02
6 0.367833 0.532250 0.02 0.02
6 0.340167 0.545000 0.02 0.02
6 0.328000 0.544750 0.02 0.02
6 0.317000 0.544750 0.02 0.02
6 0.305667 0.544500 0.02 0.02
6 0.294667 0.544750 0.02 0.02
6 0.237667 0.628000 0.02 0.02
6 0.226667 0.627500 0.02 0.02
6 0.215167 0.627750 0.02 0.02
6 0.192833 0.626500 0.02 0.02
6 0.181333 0.625500 0.02 0.02
6 0.113333 0.622000 0.02 0.02
6 0.101500 0.621250 0.02 0.02
6 0.089833 0.620750 0.02 0.02
6 0.077333 0.620250 0.02 0.02
6 0.136167 0.623250 0.02 0.02
6 0.135333 0.651750 0.02 0.02
6 0.146667 0.652250 0.02 0.02
6 0.158000 0.653000 0.02 0.02
6 0.781000 0.435000 0.02 0.02
6 0.797500 0.420500 0.02 0.02
6 0.809000 0.420000 0.02 0.02
6 0.820333 0.419000 0.02 0.02
6 0.837500 0.404000 0.02 0.02
6 0.848833 0.404000 0.02 0.02
6 0.854000 0.389750 0.02 0.02
6 0.866833 0.362250 0.02 0.02
6 0.879000 0.362000 0.02 0.02
6 0.890833 0.361250 0.02 0.02
6 0.903000 0.331750 0.02 0.02
6 0.915667 0.330500 0.02 0.02
6 0.909500 0.346250 0.02 0.02
