4 0.507000 0.646000 0.02 0.02
4 0.512333 0.661000 0.02 0.02
4 0.517833 0.675750 0.02 0.02
4 0.523333 0.690000 0.02 0.02
4 0.535000 0.689750 0.02 0.02
4 0.546667 0.689750 0.02 0.02
4 0.558000 0.690250 0.02 0.02
4 0.552500 0.675000 0.02 0.02
4 0.557833 0.660750 0.02 0.02
4 0.546667 0.660000 0.02 0.02
4 0.535000 0.660750 0.02 0.02
4 0.523833 0.658750 0.02 0.02
4 0.548333 0.632250 0.02 0.02
4 0.558167 0.631250 0.02 0.02
3 0.500000 0.660250 0.02 0.02
3 0.184667 0.648250 0.02 0.02
3 0.195833 0.649500 0.02 0.02
3 0.208000 0.649250 0.02 0.02
3 0.231167 0.651000 0.02 0.02
3 0.178167 0.632500 0.02 0.02
