4 0.537167 0.570000 0.02 0.02
4 0.531333 0.586250 0.02 0.02
4 0.525333 0.600500 0.02 0.02
4 0.518833 0.616250 0.02 0.02
4 0.513333 0.632000 0.02 0.02
4 0.548667 0.569000 0.02 0.02
4 0.560833 0.570000 0.02 0.02
4 0.572500 0.570750 0.02 0.02
4 0.584000 0.569000 0.02 0.02
4 0.590333 0.584750 0.02 0.02
3 0.814167 0.650000 0.02 0.02
3 0.303333 0.703750 0.02 0.02
3 0.308500 0.718750 0.02 0.02
6 0.172000 0.742000 0.02 0.02
6 0.166500 0.729000 0.02 0.02
6 0.161333 0.713750 0.02 0.02
6 0.172667 0.714500 0.02 0.02
6 0.183500 0.713250 0.02 0.02
6 0.177500 0.728000 0.02 0.02
6 0.189500 0.728000 0.02 0.02
6 0.194833 0.713750 0.02 0.02
6 0.183500 0.743500 0.02 0.02
6 0.200167 0.728250 0.02 0.02
6 0.205333 0.714750 0.02 0.02
