6 0.464333 0.046750 0.02 0.02
6 0.457500 0.063500 0.02 0.02
6 0.452000 0.080500 0.02 0.02
6 0.445667 0.097250 0.02 0.02
6 0.452667 0.113000 0.02 0.02
6 0.458833 0.130750 0.02 0.02
6 0.453167 0.149000 0.02 0.02
6 0.441000 0.149750 0.02 0.02
6 0.435000 0.168000 0.02 0.02
6 0.429500 0.184500 0.02 0.02
6 0.441833 0.184500 0.02 0.02
6 0.453833 0.184000 0.02 0.02
6 0.466167 0.182000 0.02 0.02
6 0.460167 0.200500 0.02 0.02
6 0.453667 0.217500 0.02 0.02
6 0.448000 0.233500 0.02 0.02
6 0.442667 0.251500 0.02 0.02
6 0.436000 0.267750 0.02 0.02
6 0.429667 0.285500 0.02 0.02
6 0.424000 0.301000 0.02 0.02
6 0.417667 0.316750 0.02 0.02
6 0.411667 0.333500 0.02 0.02
6 0.406500 0.349750 0.02 0.02
6 0.400167 0.366000 0.02 0.02
6 0.394333 0.383000 0.02 0.02
6 0.388833 0.398500 0.02 0.02
6 0.382833 0.415250 0.02 0.02
6 0.376833 0.430000 0.02 0.02
6 0.370667 0.445250 0.02 0.02
6 0.364667 0.461000 0.02 0.02
6 0.358667 0.476000 0.02 0.02
6 0.352333 0.492000 0.02 0.02
6 0.345833 0.507750 0.02 0.02
6 0.340500 0.523250 0.02 0.02
6 0.334167 0.537500 0.02 0.02
6 0.328167 0.552500 0.02 0.02
6 0.322167 0.567750 0.02 0.02
