2 0.334167 0.573500 0.02 0.02
2 0.339167 0.560750 0.02 0.02
2 0.334000 0.547500 0.02 0.02
2 0.328667 0.532750 0.02 0.02
2 0.323333 0.518500 0.02 0.02
2 0.317500 0.505000 0.02 0.02
2 0.312000 0.519000 0.02 0.02
2 0.306333 0.530500 0.02 0.02
2 0.301333 0.545750 0.02 0.02
0 0.317167 0.617250 0.02 0.02
0 0.327667 0.618500 0.02 0.02
0 0.339333 0.618000 0.02 0.02
0 0.366167 0.632500 0.02 0.02
0 0.459833 0.620000 0.02 0.02
6 0.787167 0.520250 0.02 0.02
6 0.798500 0.519750 0.02 0.02
6 0.792667 0.532750 0.02 0.02
6 0.787167 0.548500 0.02 0.02
6 0.793000 0.506000 0.02 0.02
4 0.820000 0.518250 0.02 0.02
4 0.831333 0.518250 0.02 0.02
4 0.825333 0.533000 0.02 0.02
4 0.819667 0.546500 0.02 0.02
4 0.814667 0.560750 0.02 0.02
4 0.824833 0.561500 0.02 0.02
4 0.820333 0.575000 0.02 0.02
4 0.808833 0.605500 0.02 0.02
4 0.820333 0.605250 0.02 0.02
4 0.852833 0.576250 0.02 0.02
3 0.876333 0.576500 0.02 0.02
3 0.883167 0.591250 0.02 0.02
3 0.877333 0.605000 0.02 0.02
3 0.865667 0.379000 0.02 0.02
3 0.871000 0.363250 0.02 0.02
3 0.882667 0.392000 0.02 0.02
3 0.849500 0.335750 0.02 0.02
3 0.867500 0.321250 0.02 0.02
3 0.862167 0.306250 0.02 0.02
3 0.833500 0.322000 0.02 0.02
3 0.823167 0.292250 0.02 0.02
3 0.806333 0.307750 0.02 0.02
