1 0.337833 0.267500 0.02 0.02
1 0.362667 0.267750 0.02 0.02
1 0.361833 0.202000 0.02 0.02
1 0.393167 0.251250 0.02 0.02
1 0.387167 0.267750 0.02 0.02
1 0.393333 0.282750 0.02 0.02
1 0.405167 0.285500 0.02 0.02
1 0.417833 0.283500 0.02 0.02
1 0.436833 0.268000 0.02 0.02
1 0.442333 0.252750 0.02 0.02
1 0.448000 0.234750 0.02 0.02
1 0.454833 0.251750 0.02 0.02
1 0.479333 0.216500 0.02 0.02
1 0.480500 0.249750 0.02 0.02
1 0.480167 0.282250 0.02 0.02
1 0.474500 0.297500 0.02 0.02
1 0.469500 0.314250 0.02 0.02
1 0.456500 0.345000 0.02 0.02
1 0.430833 0.347250 0.02 0.02
1 0.419333 0.346750 0.02 0.02
1 0.430667 0.314500 0.02 0.02
2 0.424667 0.330000 0.02 0.02
2 0.436333 0.330250 0.02 0.02
2 0.443500 0.345500 0.02 0.02
2 0.463333 0.330000 0.02 0.02
2 0.463500 0.360500 0.02 0.02
2 0.444000 0.377750 0.02 0.02
2 0.431833 0.377750 0.02 0.02
2 0.425167 0.362750 0.02 0.02
2 0.419667 0.377000 0.02 0.02
2 0.407500 0.378500 0.02 0.02
2 0.394667 0.377750 0.02 0.02
2 0.412667 0.363000 0.02 0.02
2 0.406667 0.346750 0.02 0.02
1 0.382500 0.377250 0.02 0.02
0 0.389000 0.393500 0.02 0.02
0 0.395000 0.408750 0.02 0.02
0 0.383000 0.409750 0.02 0.02
0 0.364833 0.424250 0.02 0.02
0 0.370333 0.376500 0.02 0.02
0 0.357500 0.377250 0.02 0.02
0 0.351500 0.362500 0.02 0.02
0 0.357167 0.345750 0.02 0.02
0 0.338833 0.330250 0.02 0.02
0 0.332667 0.346750 0.02 0.02
0 0.344500 0.315500 0.02 0.02
0 0.350667 0.299000 0.02 0.02
0 0.325667 0.299000 0.02 0.02
0 0.332167 0.283000 0.02 0.02
0 0.325667 0.267500 0.02 0.02
0 0.331667 0.251750 0.02 0.02
0 0.325500 0.234250 0.02 0.02
0 0.349500 0.233750 0.02 0.02
0 0.306833 0.219250 0.02 0.02
0 0.325167 0.202500 0.02 0.02
0 0.289000 0.298500 0.02 0.02
2 0.283000 0.314750 0.02 0.02
2 0.295000 0.314750 0.02 0.02
2 0.300833 0.299250 0.02 0.02
2 0.295000 0.283500 0.02 0.02
2 0.288333 0.268000 0.02 0.02
2 0.301167 0.268250 0.02 0.02
2 0.294667 0.251500 0.02 0.02
2 0.300333 0.235000 0.02 0.02
6 0.294167 0.218500 0.02 0.02
6 0.288333 0.235250 0.02 0.02
6 0.282833 0.250750 0.02 0.02
6 0.276833 0.266500 0.02 0.02
6 0.271167 0.248750 0.02 0.02
6 0.276167 0.233000 0.02 0.02
6 0.281833 0.217500 0.02 0.02
6 0.288000 0.202000 0.02 0.02
6 0.293833 0.185500 0.02 0.02
6 0.299500 0.167750 0.02 0.02
6 0.305333 0.151250 0.02 0.02
6 0.317333 0.151000 0.02 0.02
6 0.329833 0.150250 0.02 0.02
6 0.298667 0.134500 0.02 0.02
6 0.310667 0.134000 0.02 0.02
6 0.323000 0.133500 0.02 0.02
6 0.335500 0.133750 0.02 0.02
6 0.348000 0.133500 0.02 0.02
6 0.341167 0.116750 0.02 0.02
6 0.329000 0.115750 0.02 0.02
6 0.316500 0.117000 0.02 0.02
6 0.322333 0.099000 0.02 0.02
6 0.334500 0.099500 0.02 0.02
6 0.346833 0.098500 0.02 0.02
6 0.359833 0.099000 0.02 0.02
6 0.366167 0.116000 0.02 0.02
6 0.372000 0.098500 0.02 0.02
6 0.360833 0.133750 0.02 0.02
0 0.354167 0.117000 0.02 0.02
0 0.354667 0.184750 0.02 0.02
0 0.349000 0.168250 0.02 0.02
0 0.336167 0.167750 0.02 0.02
2 0.341833 0.151000 0.02 0.02
2 0.353833 0.151000 0.02 0.02
2 0.366500 0.150750 0.02 0.02
2 0.379000 0.151000 0.02 0.02
2 0.311333 0.168250 0.02 0.02
2 0.323833 0.168000 0.02 0.02
2 0.330167 0.185750 0.02 0.02
2 0.342333 0.184500 0.02 0.02
2 0.312167 0.201250 0.02 0.02
2 0.318167 0.218750 0.02 0.02
0 0.304833 0.184250 0.02 0.02
6 0.318833 0.185000 0.02 0.02
