3 0.183333 0.438250 0.02 0.02
3 0.195500 0.438750 0.02 0.02
3 0.207667 0.440000 0.02 0.02
3 0.189500 0.453500 0.02 0.02
3 0.207333 0.410000 0.02 0.02
3 0.212667 0.395500 0.02 0.02
3 0.225167 0.397500 0.02 0.02
3 0.231833 0.382000 0.02 0.02
3 0.237667 0.368500 0.02 0.02
3 0.243500 0.352000 0.02 0.02
3 0.256167 0.354250 0.02 0.02
3 0.268167 0.355000 0.02 0.02
3 0.286500 0.339500 0.02 0.02
3 0.298333 0.340000 0.02 0.02
3 0.292167 0.324750 0.02 0.02
3 0.310333 0.341500 0.02 0.02
3 0.334167 0.341500 0.02 0.02
3 0.345833 0.341750 0.02 0.02
3 0.357833 0.342500 0.02 0.02
4 0.369500 0.342750 0.02 0.02
4 0.381500 0.342750 0.02 0.02
4 0.363500 0.357750 0.02 0.02
3 0.364000 0.326500 0.02 0.02
3 0.387333 0.359000 0.02 0.02
3 0.399167 0.328250 0.02 0.02
4 0.393333 0.343000 0.02 0.02
4 0.404500 0.343750 0.02 0.02
4 0.411333 0.328750 0.02 0.02
4 0.422833 0.328750 0.02 0.02
4 0.429000 0.313500 0.02 0.02
3 0.416500 0.313500 0.02 0.02
4 0.518167 0.330250 0.02 0.02
4 0.524500 0.345500 0.02 0.02
3 0.512500 0.346000 0.02 0.02
