1 0.186833 0.454750 0.02 0.02
1 0.197833 0.454500 0.02 0.02
1 0.186500 0.483000 0.02 0.02
1 0.193333 0.498250 0.02 0.02
1 0.182000 0.526000 0.02 0.02
1 0.170500 0.525750 0.02 0.02
1 0.204500 0.556000 0.02 0.02
1 0.215667 0.555500 0.02 0.02
1 0.221833 0.570500 0.02 0.02
1 0.204833 0.585000 0.02 0.02
1 0.216333 0.585750 0.02 0.02
1 0.227500 0.586000 0.02 0.02
1 0.244833 0.571250 0.02 0.02
1 0.255833 0.572250 0.02 0.02
1 0.267833 0.572750 0.02 0.02
3 0.199167 0.570250 0.02 0.02
3 0.188000 0.569750 0.02 0.02
3 0.176333 0.569250 0.02 0.02
3 0.170500 0.554000 0.02 0.02
3 0.182000 0.555250 0.02 0.02
3 0.159000 0.554000 0.02 0.02
3 0.147333 0.553750 0.02 0.02
3 0.153500 0.538500 0.02 0.02
3 0.164667 0.539750 0.02 0.02
3 0.176833 0.540250 0.02 0.02
3 0.141500 0.538250 0.02 0.02
3 0.135333 0.553000 0.02 0.02
0 0.147333 0.523750 0.02 0.02
0 0.158667 0.524500 0.02 0.02
0 0.164667 0.510000 0.02 0.02
0 0.152667 0.481000 0.02 0.02
0 0.158167 0.466750 0.02 0.02
0 0.164333 0.482500 0.02 0.02
0 0.170167 0.468250 0.02 0.02
0 0.152000 0.452500 0.02 0.02
0 0.140167 0.423250 0.02 0.02
0 0.249667 0.498500 0.02 0.02
0 0.255500 0.513000 0.02 0.02
0 0.244000 0.512750 0.02 0.02
0 0.301667 0.513000 0.02 0.02
0 0.313167 0.513250 0.02 0.02
0 0.284000 0.528500 0.02 0.02
0 0.295667 0.528750 0.02 0.02
3 0.307167 0.528000 0.02 0.02
3 0.318833 0.527750 0.02 0.02
3 0.290000 0.513250 0.02 0.02
3 0.278333 0.513000 0.02 0.02
4 0.172833 0.273000 0.02 0.02
4 0.161333 0.274000 0.02 0.02
4 0.167833 0.289500 0.02 0.02
4 0.156167 0.290250 0.02 0.02
4 0.162333 0.305000 0.02 0.02
4 0.156333 0.319750 0.02 0.02
4 0.143833 0.257000 0.02 0.02
4 0.131667 0.257000 0.02 0.02
4 0.138500 0.273250 0.02 0.02
4 0.114333 0.271000 0.02 0.02
4 0.108833 0.254250 0.02 0.02
4 0.121000 0.288500 0.02 0.02
4 0.127667 0.303750 0.02 0.02
4 0.132500 0.319250 0.02 0.02
3 0.155667 0.257750 0.02 0.02
4 0.207667 0.242000 0.02 0.02
3 0.196500 0.275000 0.02 0.02
4 0.096667 0.254750 0.02 0.02
4 0.083833 0.253500 0.02 0.02
4 0.071667 0.254250 0.02 0.02
3 0.064333 0.238500 0.02 0.02
0 0.157333 0.350250 0.02 0.02
0 0.180333 0.350750 0.02 0.02
0 0.180167 0.381000 0.02 0.02
1 0.208667 0.426250 0.02 0.02
1 0.278833 0.543000 0.02 0.02
1 0.490667 0.468000 0.02 0.02
1 0.496833 0.482000 0.02 0.02
1 0.485167 0.482250 0.02 0.02
1 0.467667 0.468250 0.02 0.02
0 0.519500 0.482500 0.02 0.02
6 0.789833 0.635500 0.02 0.02
6 0.800667 0.661500 0.02 0.02
6 0.823333 0.659750 0.02 0.02
6 0.841000 0.644750 0.02 0.02
6 0.846000 0.630000 0.02 0.02
6 0.852500 0.616750 0.02 0.02
6 0.829667 0.619000 0.02 0.02
6 0.824000 0.633000 0.02 0.02
6 0.818167 0.646750 0.02 0.02
6 0.857667 0.603000 0.02 0.02
