6 0.477167 0.495500 0.02 0.02
6 0.488667 0.495250 0.02 0.02
6 0.500000 0.495500 0.02 0.02
6 0.510833 0.495500 0.02 0.02
6 0.522667 0.495500 0.02 0.02
6 0.516333 0.480000 0.02 0.02
6 0.505500 0.481000 0.02 0.02
6 0.494000 0.511250 0.02 0.02
6 0.483000 0.510500 0.02 0.02
6 0.471667 0.511250 0.02 0.02
4 0.521333 0.434250 0.02 0.02
4 0.533500 0.433750 0.02 0.02
4 0.545167 0.433250 0.02 0.02
4 0.556833 0.433250 0.02 0.02
4 0.540667 0.418000 0.02 0.02
4 0.550500 0.417750 0.02 0.02
4 0.561500 0.417500 0.02 0.02
4 0.574500 0.417500 0.02 0.02
4 0.528500 0.449750 0.02 0.02
4 0.539500 0.450500 0.02 0.02
4 0.551667 0.450000 0.02 0.02
4 0.573667 0.449750 0.02 0.02
4 0.597000 0.448250 0.02 0.02
4 0.568167 0.432500 0.02 0.02
4 0.580000 0.434250 0.02 0.02
4 0.585500 0.417250 0.02 0.02
4 0.590833 0.433500 0.02 0.02
3 0.562167 0.450000 0.02 0.02
3 0.585167 0.449500 0.02 0.02
3 0.579000 0.465250 0.02 0.02
3 0.579167 0.402000 0.02 0.02
3 0.613833 0.465500 0.02 0.02
3 0.631500 0.447250 0.02 0.02
3 0.642833 0.447750 0.02 0.02
3 0.655333 0.448250 0.02 0.02
3 0.659667 0.463000 0.02 0.02
3 0.647500 0.432000 0.02 0.02
3 0.629500 0.480500 0.02 0.02
3 0.601667 0.526500 0.02 0.02
