1 0.448333 0.384250 0.02 0.02
1 0.459333 0.383250 0.02 0.02
1 0.442667 0.397750 0.02 0.02
1 0.431167 0.398000 0.02 0.02
1 0.448167 0.413250 0.02 0.02
1 0.430833 0.369500 0.02 0.02
1 0.442167 0.341000 0.02 0.02
1 0.424500 0.326000 0.02 0.02
1 0.430333 0.281750 0.02 0.02
1 0.436167 0.266500 0.02 0.02
1 0.424667 0.265500 0.02 0.02
1 0.418833 0.281250 0.02 0.02
1 0.407333 0.280750 0.02 0.02
1 0.413000 0.266000 0.02 0.02
1 0.401000 0.265750 0.02 0.02
1 0.418833 0.251500 0.02 0.02
1 0.424333 0.235500 0.02 0.02
1 0.418333 0.221500 0.02 0.02
1 0.412167 0.205000 0.02 0.02
1 0.395500 0.220750 0.02 0.02
1 0.400500 0.236500 0.02 0.02
3 0.434500 0.172500 0.02 0.02
3 0.393833 0.156500 0.02 0.02
3 0.382667 0.156250 0.02 0.02
3 0.389000 0.173500 0.02 0.02
3 0.284667 0.141750 0.02 0.02
3 0.290500 0.157500 0.02 0.02
3 0.285333 0.173250 0.02 0.02
3 0.290167 0.188500 0.02 0.02
3 0.296167 0.204000 0.02 0.02
3 0.290833 0.220000 0.02 0.02
3 0.279167 0.219500 0.02 0.02
3 0.273167 0.204500 0.02 0.02
3 0.284833 0.204750 0.02 0.02
6 0.267167 0.189250 0.02 0.02
6 0.256167 0.188500 0.02 0.02
6 0.261667 0.203750 0.02 0.02
6 0.267167 0.220000 0.02 0.02
6 0.266833 0.157000 0.02 0.02
6 0.261000 0.139500 0.02 0.02
6 0.237833 0.171500 0.02 0.02
6 0.230833 0.123250 0.02 0.02
6 0.266167 0.124000 0.02 0.02
2 0.308500 0.235750 0.02 0.02
2 0.314667 0.250500 0.02 0.02
2 0.319667 0.235750 0.02 0.02
2 0.331167 0.235750 0.02 0.02
2 0.325833 0.250500 0.02 0.02
2 0.337000 0.251250 0.02 0.02
2 0.348500 0.251500 0.02 0.02
2 0.354333 0.235750 0.02 0.02
2 0.366167 0.235250 0.02 0.02
2 0.372000 0.220250 0.02 0.02
2 0.372500 0.250750 0.02 0.02
2 0.378833 0.265500 0.02 0.02
2 0.384333 0.280500 0.02 0.02
2 0.390500 0.296500 0.02 0.02
2 0.396000 0.311500 0.02 0.02
2 0.401333 0.325500 0.02 0.02
2 0.407667 0.340250 0.02 0.02
2 0.413333 0.354500 0.02 0.02
2 0.419000 0.369250 0.02 0.02
2 0.425167 0.383250 0.02 0.02
2 0.436500 0.412750 0.02 0.02
2 0.442167 0.427750 0.02 0.02
2 0.459667 0.442750 0.02 0.02
2 0.465833 0.457250 0.02 0.02
2 0.471667 0.472750 0.02 0.02
2 0.477500 0.487500 0.02 0.02
2 0.483500 0.501500 0.02 0.02
2 0.489167 0.515500 0.02 0.02
2 0.494833 0.529250 0.02 0.02
2 0.500500 0.543750 0.02 0.02
1 0.506000 0.643250 0.02 0.02
1 0.466000 0.657250 0.02 0.02
1 0.477500 0.657750 0.02 0.02
3 0.517500 0.672500 0.02 0.02
3 0.535333 0.686500 0.02 0.02
3 0.563667 0.671000 0.02 0.02
3 0.575000 0.672250 0.02 0.02
3 0.581000 0.688500 0.02 0.02
3 0.615500 0.687500 0.02 0.02
3 0.626833 0.688000 0.02 0.02
3 0.620833 0.671750 0.02 0.02
3 0.632167 0.672250 0.02 0.02
3 0.644000 0.671750 0.02 0.02
3 0.649833 0.657000 0.02 0.02
3 0.661333 0.657000 0.02 0.02
3 0.671667 0.656250 0.02 0.02
3 0.684333 0.656250 0.02 0.02
3 0.678500 0.642500 0.02 0.02
3 0.690167 0.641500 0.02 0.02
3 0.701333 0.642000 0.02 0.02
3 0.713000 0.641500 0.02 0.02
3 0.724667 0.641250 0.02 0.02
3 0.718333 0.627000 0.02 0.02
3 0.729500 0.626500 0.02 0.02
3 0.753167 0.626500 0.02 0.02
3 0.758667 0.640500 0.02 0.02
3 0.770500 0.640000 0.02 0.02
3 0.770167 0.612000 0.02 0.02
3 0.804333 0.611500 0.02 0.02
3 0.810167 0.569250 0.02 0.02
3 0.816167 0.583250 0.02 0.02
3 0.827167 0.583750 0.02 0.02
1 0.741667 0.542750 0.02 0.02
1 0.765000 0.513250 0.02 0.02
3 0.765833 0.220250 0.02 0.02
3 0.754167 0.190250 0.02 0.02
3 0.765833 0.189250 0.02 0.02
6 0.881167 0.484500 0.02 0.02
6 0.886167 0.498000 0.02 0.02
6 0.891500 0.510750 0.02 0.02
6 0.896500 0.527750 0.02 0.02
6 0.902333 0.542750 0.02 0.02
6 0.891167 0.543250 0.02 0.02
6 0.885833 0.555500 0.02 0.02
6 0.902333 0.512250 0.02 0.02
6 0.908833 0.498000 0.02 0.02
6 0.914500 0.484000 0.02 0.02
6 0.891833 0.482500 0.02 0.02
6 0.876667 0.468500 0.02 0.02
6 0.882500 0.454250 0.02 0.02
6 0.870167 0.483500 0.02 0.02
6 0.857833 0.483000 0.02 0.02
