4 0.246333 0.263000 0.02 0.02
4 0.269167 0.264500 0.02 0.02
4 0.263333 0.279500 0.02 0.02
4 0.257167 0.292000 0.02 0.02
4 0.251667 0.306500 0.02 0.02
4 0.240167 0.306500 0.02 0.02
4 0.229333 0.277000 0.02 0.02
4 0.281000 0.264250 0.02 0.02
4 0.268833 0.293000 0.02 0.02
4 0.263333 0.307000 0.02 0.02
3 0.246333 0.292250 0.02 0.02
3 0.241167 0.277750 0.02 0.02
3 0.235000 0.292000 0.02 0.02
3 0.245833 0.320750 0.02 0.02
3 0.274667 0.308250 0.02 0.02
3 0.279167 0.292750 0.02 0.02
3 0.274333 0.278500 0.02 0.02
3 0.285333 0.278750 0.02 0.02
3 0.297167 0.278500 0.02 0.02
3 0.235667 0.263750 0.02 0.02
6 0.074167 0.369000 0.02 0.02
6 0.078667 0.385000 0.02 0.02
6 0.074000 0.398250 0.02 0.02
6 0.079667 0.413250 0.02 0.02
6 0.069667 0.410250 0.02 0.02
