0 0.482833 0.175750 0.02 0.02
0 0.494833 0.175500 0.02 0.02
0 0.506000 0.176500 0.02 0.02
0 0.512167 0.192250 0.02 0.02
0 0.500500 0.192500 0.02 0.02
0 0.489000 0.192250 0.02 0.02
0 0.477167 0.191750 0.02 0.02
0 0.471333 0.174250 0.02 0.02
0 0.476833 0.157750 0.02 0.02
0 0.489167 0.158250 0.02 0.02
0 0.465333 0.191750 0.02 0.02
0 0.460000 0.208250 0.02 0.02
0 0.453833 0.224500 0.02 0.02
0 0.436667 0.208000 0.02 0.02
0 0.471167 0.272750 0.02 0.02
0 0.483000 0.302500 0.02 0.02
0 0.504333 0.511000 0.02 0.02
0 0.533000 0.525500 0.02 0.02
0 0.549167 0.601250 0.02 0.02
0 0.572167 0.631500 0.02 0.02
0 0.560667 0.631000 0.02 0.02
0 0.549000 0.631000 0.02 0.02
0 0.554833 0.616000 0.02 0.02
6 0.688000 0.601500 0.02 0.02
6 0.699167 0.600750 0.02 0.02
6 0.710500 0.601250 0.02 0.02
6 0.722000 0.600750 0.02 0.02
6 0.734167 0.600750 0.02 0.02
6 0.728000 0.616000 0.02 0.02
6 0.716000 0.616500 0.02 0.02
6 0.705167 0.616500 0.02 0.02
6 0.740000 0.616000 0.02 0.02
6 0.751167 0.615500 0.02 0.02
2 0.775167 0.554500 0.02 0.02
2 0.851333 0.509250 0.02 0.02
0 0.827667 0.509250 0.02 0.02
0 0.822167 0.494250 0.02 0.02
0 0.840000 0.479000 0.02 0.02
0 0.828333 0.479750 0.02 0.02
0 0.822500 0.464500 0.02 0.02
0 0.805167 0.450500 0.02 0.02
0 0.823333 0.436000 0.02 0.02
0 0.834500 0.464750 0.02 0.02
0 0.846333 0.463750 0.02 0.02
0 0.799000 0.465250 0.02 0.02
