3 0.426500 0.536000 0.02 0.02
3 0.451000 0.536500 0.02 0.02
3 0.468667 0.521750 0.02 0.02
3 0.451000 0.566500 0.02 0.02
3 0.415167 0.565750 0.02 0.02
3 0.397333 0.489000 0.02 0.02
3 0.391667 0.503750 0.02 0.02
3 0.439167 0.505000 0.02 0.02
3 0.481167 0.491250 0.02 0.02
3 0.505167 0.492000 0.02 0.02
3 0.511333 0.476750 0.02 0.02
3 0.518000 0.461500 0.02 0.02
3 0.499167 0.536750 0.02 0.02
3 0.534667 0.568250 0.02 0.02
3 0.458500 0.431000 0.02 0.02
3 0.536167 0.447750 0.02 0.02
3 0.464667 0.386000 0.02 0.02
3 0.476500 0.385250 0.02 0.02
3 0.452500 0.385250 0.02 0.02
3 0.440833 0.355000 0.02 0.02
3 0.465000 0.354750 0.02 0.02
6 0.441167 0.230750 0.02 0.02
6 0.454000 0.231500 0.02 0.02
6 0.447833 0.215000 0.02 0.02
6 0.441667 0.199250 0.02 0.02
6 0.436333 0.183500 0.02 0.02
6 0.423833 0.182750 0.02 0.02
6 0.429500 0.167500 0.02 0.02
6 0.442167 0.167250 0.02 0.02
6 0.423833 0.149750 0.02 0.02
6 0.436167 0.150750 0.02 0.02
6 0.429500 0.134250 0.02 0.02
6 0.442000 0.133250 0.02 0.02
4 0.448667 0.183500 0.02 0.02
4 0.429500 0.199000 0.02 0.02
4 0.424000 0.214000 0.02 0.02
4 0.417667 0.230000 0.02 0.02
4 0.429500 0.230000 0.02 0.02
4 0.423333 0.246000 0.02 0.02
4 0.435167 0.245750 0.02 0.02
4 0.441167 0.262250 0.02 0.02
4 0.429333 0.261500 0.02 0.02
4 0.417500 0.260750 0.02 0.02
4 0.404833 0.260500 0.02 0.02
4 0.398833 0.276250 0.02 0.02
4 0.422667 0.277250 0.02 0.02
4 0.417000 0.292000 0.02 0.02
4 0.428833 0.293500 0.02 0.02
3 0.434833 0.278000 0.02 0.02
4 0.410667 0.307500 0.02 0.02
4 0.422333 0.308250 0.02 0.02
3 0.429000 0.324750 0.02 0.02
4 0.422667 0.338250 0.02 0.02
4 0.434333 0.340500 0.02 0.02
4 0.441000 0.324500 0.02 0.02
