6 0.070500 0.310000 0.02 0.02
6 0.082500 0.309250 0.02 0.02
4 0.107333 0.310750 0.02 0.02
4 0.120500 0.311750 0.02 0.02
4 0.114500 0.325500 0.02 0.02
4 0.127167 0.326000 0.02 0.02
4 0.121000 0.341250 0.02 0.02
4 0.133333 0.340750 0.02 0.02
3 0.114500 0.356000 0.02 0.02
3 0.102000 0.354250 0.02 0.02
3 0.090333 0.355000 0.02 0.02
3 0.091000 0.381500 0.02 0.02
3 0.110500 0.370250 0.02 0.02
3 0.109667 0.399500 0.02 0.02
3 0.097333 0.398000 0.02 0.02
4 0.121000 0.400000 0.02 0.02
3 0.133500 0.400750 0.02 0.02
4 0.139833 0.386250 0.02 0.02
4 0.145167 0.371250 0.02 0.02
4 0.151333 0.355500 0.02 0.02
4 0.169000 0.313500 0.02 0.02
3 0.175333 0.356750 0.02 0.02
3 0.314167 0.390250 0.02 0.02
4 0.302833 0.390750 0.02 0.02
0 0.371333 0.390500 0.02 0.02
0 0.383333 0.391500 0.02 0.02
0 0.395167 0.391750 0.02 0.02
0 0.424667 0.318500 0.02 0.02
0 0.441667 0.304000 0.02 0.02
0 0.447833 0.289500 0.02 0.02
0 0.435667 0.289250 0.02 0.02
1 0.447500 0.348750 0.02 0.02
1 0.458833 0.348500 0.02 0.02
1 0.469500 0.377500 0.02 0.02
1 0.486833 0.364250 0.02 0.02
1 0.498500 0.364500 0.02 0.02
1 0.556167 0.338000 0.02 0.02
1 0.574333 0.323500 0.02 0.02
0 0.586167 0.323500 0.02 0.02
3 0.508167 0.539750 0.02 0.02
4 0.525500 0.554750 0.02 0.02
4 0.548833 0.555250 0.02 0.02
3 0.490833 0.552250 0.02 0.02
3 0.657333 0.627500 0.02 0.02
3 0.686667 0.615250 0.02 0.02
4 0.720833 0.559750 0.02 0.02
0 0.573333 0.412000 0.02 0.02
0 0.585667 0.413000 0.02 0.02
0 0.596333 0.412250 0.02 0.02
0 0.602167 0.426500 0.02 0.02
0 0.579167 0.427000 0.02 0.02
0 0.572000 0.441750 0.02 0.02
0 0.585167 0.441750 0.02 0.02
0 0.619667 0.414000 0.02 0.02
0 0.631500 0.413500 0.02 0.02
4 0.146833 0.660000 0.02 0.02
4 0.153667 0.647750 0.02 0.02
3 0.157667 0.631250 0.02 0.02
3 0.141167 0.616500 0.02 0.02
