6 0.165167 0.227250 0.02 0.02
6 0.159000 0.210750 0.02 0.02
6 0.152667 0.195250 0.02 0.02
6 0.145667 0.178250 0.02 0.02
6 0.138667 0.161250 0.02 0.02
6 0.132667 0.143500 0.02 0.02
6 0.126333 0.127000 0.02 0.02
6 0.119000 0.108750 0.02 0.02
6 0.112167 0.090500 0.02 0.02
6 0.105167 0.073750 0.02 0.02
6 0.098500 0.056750 0.02 0.02
6 0.172000 0.243500 0.02 0.02
6 0.179000 0.259750 0.02 0.02
6 0.186167 0.275500 0.02 0.02
6 0.192333 0.291000 0.02 0.02
6 0.198500 0.307750 0.02 0.02
6 0.205167 0.323250 0.02 0.02
6 0.211333 0.338500 0.02 0.02
6 0.217667 0.354000 0.02 0.02
6 0.223667 0.369000 0.02 0.02
6 0.230500 0.385000 0.02 0.02
6 0.236667 0.399250 0.02 0.02
6 0.242500 0.415250 0.02 0.02
6 0.249000 0.430250 0.02 0.02
6 0.255167 0.445250 0.02 0.02
6 0.262000 0.460000 0.02 0.02
6 0.267833 0.475750 0.02 0.02
6 0.274667 0.490500 0.02 0.02
6 0.438000 0.284500 0.02 0.02
6 0.431000 0.300500 0.02 0.02
6 0.425833 0.315500 0.02 0.02
6 0.419833 0.330750 0.02 0.02
6 0.413000 0.346750 0.02 0.02
6 0.407667 0.362000 0.02 0.02
6 0.444000 0.268000 0.02 0.02
6 0.450000 0.252500 0.02 0.02
6 0.456000 0.237000 0.02 0.02
6 0.461500 0.220750 0.02 0.02
6 0.467500 0.205250 0.02 0.02
6 0.473500 0.188000 0.02 0.02
6 0.486333 0.188000 0.02 0.02
