6 0.067833 0.388500 0.02 0.02
6 0.079500 0.390750 0.02 0.02
6 0.089500 0.392750 0.02 0.02
6 0.095667 0.379000 0.02 0.02
6 0.101500 0.364000 0.02 0.02
6 0.107000 0.350000 0.02 0.02
6 0.119000 0.350250 0.02 0.02
6 0.130500 0.351750 0.02 0.02
6 0.136667 0.337000 0.02 0.02
6 0.148167 0.336750 0.02 0.02
6 0.154500 0.321000 0.02 0.02
6 0.160167 0.306250 0.02 0.02
6 0.183667 0.306750 0.02 0.02
6 0.195833 0.307750 0.02 0.02
6 0.207167 0.308750 0.02 0.02
6 0.224500 0.293750 0.02 0.02
6 0.230500 0.278750 0.02 0.02
6 0.242000 0.280250 0.02 0.02
6 0.253000 0.280500 0.02 0.02
6 0.265000 0.280750 0.02 0.02
6 0.287833 0.280750 0.02 0.02
6 0.299500 0.280750 0.02 0.02
6 0.311667 0.282000 0.02 0.02
6 0.316667 0.266500 0.02 0.02
6 0.328500 0.267000 0.02 0.02
6 0.335167 0.251000 0.02 0.02
6 0.341000 0.235500 0.02 0.02
6 0.352500 0.236250 0.02 0.02
6 0.370167 0.222250 0.02 0.02
6 0.376333 0.207250 0.02 0.02
6 0.382333 0.191750 0.02 0.02
6 0.388500 0.177250 0.02 0.02
6 0.394333 0.161500 0.02 0.02
