6 0.395833 0.611750 0.02 0.02
6 0.384333 0.611000 0.02 0.02
6 0.390000 0.625250 0.02 0.02
6 0.373000 0.609250 0.02 0.02
6 0.391000 0.595750 0.02 0.02
6 0.402333 0.595000 0.02 0.02
6 0.455333 0.610250 0.02 0.02
6 0.461667 0.625750 0.02 0.02
6 0.475833 0.565500 0.02 0.02
6 0.899833 0.762750 0.02 0.02
6 0.905167 0.748000 0.02 0.02
6 0.888333 0.733500 0.02 0.02
6 0.876667 0.733250 0.02 0.02
6 0.882667 0.718750 0.02 0.02
6 0.895000 0.718500 0.02 0.02
6 0.905167 0.718750 0.02 0.02
6 0.911000 0.732250 0.02 0.02
6 0.877333 0.763000 0.02 0.02
3 0.859000 0.750250 0.02 0.02
3 0.841333 0.764750 0.02 0.02
3 0.818000 0.735250 0.02 0.02
3 0.835667 0.721000 0.02 0.02
3 0.847500 0.721250 0.02 0.02
3 0.841500 0.677250 0.02 0.02
3 0.854000 0.646000 0.02 0.02
3 0.831000 0.648500 0.02 0.02
3 0.836000 0.663500 0.02 0.02
3 0.811833 0.636250 0.02 0.02
3 0.806667 0.621500 0.02 0.02
3 0.794167 0.622500 0.02 0.02
3 0.800333 0.636000 0.02 0.02
4 0.164333 0.428000 0.02 0.02
4 0.176167 0.427500 0.02 0.02
4 0.169333 0.444500 0.02 0.02
4 0.181000 0.444500 0.02 0.02
4 0.153333 0.458250 0.02 0.02
4 0.163500 0.460000 0.02 0.02
4 0.174167 0.463000 0.02 0.02
4 0.154167 0.485500 0.02 0.02
4 0.148500 0.501000 0.02 0.02
4 0.143500 0.515500 0.02 0.02
4 0.200500 0.463500 0.02 0.02
4 0.194167 0.484250 0.02 0.02
4 0.187000 0.500250 0.02 0.02
4 0.174333 0.500500 0.02 0.02
4 0.161000 0.499500 0.02 0.02
