0 0.386833 0.303750 0.02 0.02
0 0.380000 0.289000 0.02 0.02
0 0.368167 0.288750 0.02 0.02
0 0.369000 0.320000 0.02 0.02
0 0.374000 0.305000 0.02 0.02
0 0.362667 0.305750 0.02 0.02
0 0.355833 0.290250 0.02 0.02
0 0.357000 0.321000 0.02 0.02
0 0.343333 0.290750 0.02 0.02
0 0.338000 0.305500 0.02 0.02
0 0.332000 0.322000 0.02 0.02
0 0.325833 0.306500 0.02 0.02
0 0.336333 0.275500 0.02 0.02
0 0.331000 0.291250 0.02 0.02
3 0.348667 0.274000 0.02 0.02
3 0.293500 0.292250 0.02 0.02
3 0.298833 0.276000 0.02 0.02
3 0.303833 0.259250 0.02 0.02
3 0.273167 0.277250 0.02 0.02
3 0.279667 0.260500 0.02 0.02
3 0.284833 0.245250 0.02 0.02
3 0.260667 0.277500 0.02 0.02
3 0.248667 0.277500 0.02 0.02
3 0.242833 0.294250 0.02 0.02
3 0.237333 0.310250 0.02 0.02
3 0.232167 0.325250 0.02 0.02
3 0.244667 0.325000 0.02 0.02
3 0.256500 0.325250 0.02 0.02
3 0.226833 0.340750 0.02 0.02
3 0.221667 0.356000 0.02 0.02
3 0.215333 0.371250 0.02 0.02
3 0.222167 0.387000 0.02 0.02
3 0.203333 0.371750 0.02 0.02
3 0.191167 0.371750 0.02 0.02
3 0.197500 0.386500 0.02 0.02
3 0.191667 0.402500 0.02 0.02
3 0.185000 0.387000 0.02 0.02
3 0.186333 0.416750 0.02 0.02
3 0.173000 0.417500 0.02 0.02
3 0.179167 0.402000 0.02 0.02
3 0.172333 0.386500 0.02 0.02
3 0.160833 0.417250 0.02 0.02
3 0.154167 0.402000 0.02 0.02
3 0.147667 0.387250 0.02 0.02
3 0.141667 0.402750 0.02 0.02
3 0.148167 0.417500 0.02 0.02
3 0.143167 0.433250 0.02 0.02
3 0.155167 0.432750 0.02 0.02
3 0.167333 0.432000 0.02 0.02
4 0.130167 0.433500 0.02 0.02
4 0.124333 0.448500 0.02 0.02
4 0.117500 0.434000 0.02 0.02
4 0.111333 0.419250 0.02 0.02
4 0.105167 0.433500 0.02 0.02
4 0.098500 0.448500 0.02 0.02
4 0.105833 0.463000 0.02 0.02
4 0.093500 0.463750 0.02 0.02
4 0.087333 0.478750 0.02 0.02
6 0.100000 0.478500 0.02 0.02
6 0.107000 0.493250 0.02 0.02
4 0.094167 0.493000 0.02 0.02
4 0.100833 0.507250 0.02 0.02
4 0.088167 0.507750 0.02 0.02
4 0.083167 0.523000 0.02 0.02
4 0.081000 0.463750 0.02 0.02
4 0.080000 0.434500 0.02 0.02
4 0.097833 0.418500 0.02 0.02
4 0.092333 0.433250 0.02 0.02
4 0.079000 0.404000 0.02 0.02
4 0.066833 0.404000 0.02 0.02
4 0.074000 0.419250 0.02 0.02
4 0.062000 0.419750 0.02 0.02
0 0.734500 0.407500 0.02 0.02
0 0.721667 0.407250 0.02 0.02
0 0.709833 0.409250 0.02 0.02
0 0.697500 0.410250 0.02 0.02
0 0.685333 0.411000 0.02 0.02
0 0.678833 0.396250 0.02 0.02
0 0.690833 0.395000 0.02 0.02
0 0.684167 0.381500 0.02 0.02
