4 0.455500 0.557250 0.02 0.02
4 0.449667 0.571250 0.02 0.02
4 0.444333 0.556250 0.02 0.02
4 0.432833 0.556500 0.02 0.02
4 0.439167 0.541500 0.02 0.02
4 0.450000 0.541500 0.02 0.02
4 0.444500 0.526250 0.02 0.02
4 0.427167 0.571250 0.02 0.02
4 0.438500 0.571500 0.02 0.02
4 0.443833 0.586250 0.02 0.02
4 0.432833 0.587250 0.02 0.02
4 0.416167 0.570750 0.02 0.02
4 0.421167 0.556750 0.02 0.02
4 0.427000 0.541500 0.02 0.02
6 0.404167 0.570750 0.02 0.02
6 0.392333 0.570000 0.02 0.02
6 0.381167 0.569750 0.02 0.02
6 0.369167 0.569500 0.02 0.02
6 0.358167 0.568500 0.02 0.02
6 0.347167 0.569000 0.02 0.02
6 0.336167 0.568500 0.02 0.02
6 0.325000 0.568500 0.02 0.02
6 0.313667 0.568500 0.02 0.02
6 0.301833 0.568500 0.02 0.02
6 0.289833 0.568250 0.02 0.02
6 0.278833 0.567750 0.02 0.02
6 0.267667 0.567250 0.02 0.02
6 0.256667 0.566750 0.02 0.02
6 0.246000 0.566250 0.02 0.02
6 0.235000 0.565250 0.02 0.02
6 0.223500 0.564750 0.02 0.02
6 0.212833 0.564750 0.02 0.02
6 0.201167 0.563500 0.02 0.02
6 0.189833 0.563750 0.02 0.02
6 0.178667 0.563000 0.02 0.02
6 0.167667 0.562500 0.02 0.02
6 0.156667 0.562250 0.02 0.02
6 0.145167 0.561750 0.02 0.02
6 0.133667 0.561250 0.02 0.02
6 0.122167 0.560000 0.02 0.02
6 0.110833 0.559500 0.02 0.02
6 0.111167 0.474000 0.02 0.02
6 0.122333 0.474750 0.02 0.02
6 0.116667 0.459500 0.02 0.02
6 0.116667 0.489500 0.02 0.02
