3 0.335167 0.456500 0.02 0.02
3 0.351500 0.441250 0.02 0.02
3 0.347333 0.514250 0.02 0.02
3 0.594833 0.482750 0.02 0.02
3 0.606167 0.483000 0.02 0.02
3 0.214667 0.411000 0.02 0.02
3 0.317167 0.350750 0.02 0.02
6 0.306000 0.382000 0.02 0.02
6 0.288833 0.397500 0.02 0.02
6 0.276333 0.367500 0.02 0.02
6 0.306333 0.413000 0.02 0.02
6 0.289000 0.427750 0.02 0.02
6 0.306500 0.442500 0.02 0.02
6 0.289333 0.457250 0.02 0.02
6 0.272167 0.442500 0.02 0.02
6 0.259833 0.411750 0.02 0.02
6 0.248667 0.381750 0.02 0.02
6 0.242000 0.335750 0.02 0.02
6 0.259167 0.320750 0.02 0.02
6 0.270333 0.290750 0.02 0.02
6 0.288000 0.278000 0.02 0.02
6 0.293833 0.321250 0.02 0.02
6 0.282833 0.351000 0.02 0.02
3 0.696833 0.539750 0.02 0.02
6 0.680500 0.554750 0.02 0.02
6 0.663167 0.540500 0.02 0.02
6 0.651500 0.571750 0.02 0.02
6 0.669167 0.586250 0.02 0.02
6 0.697333 0.569250 0.02 0.02
3 0.651333 0.602500 0.02 0.02
