4 0.638500 0.342000 0.02 0.02
4 0.645667 0.329000 0.02 0.02
4 0.657000 0.298250 0.02 0.02
4 0.669667 0.297750 0.02 0.02
4 0.681667 0.297750 0.02 0.02
4 0.694000 0.299000 0.02 0.02
4 0.785167 0.218500 0.02 0.02
4 0.768500 0.203000 0.02 0.02
4 0.779667 0.203000 0.02 0.02
6 0.870833 0.217250 0.02 0.02
6 0.863167 0.232750 0.02 0.02
6 0.856833 0.247750 0.02 0.02
6 0.844833 0.247750 0.02 0.02
6 0.850333 0.264000 0.02 0.02
6 0.840000 0.264000 0.02 0.02
6 0.882500 0.216750 0.02 0.02
6 0.895167 0.217750 0.02 0.02
6 0.907667 0.217750 0.02 0.02
6 0.920833 0.215500 0.02 0.02
6 0.932500 0.216250 0.02 0.02
6 0.946333 0.217250 0.02 0.02
4 0.846000 0.216250 0.02 0.02
4 0.834000 0.217750 0.02 0.02
4 0.840000 0.232250 0.02 0.02
4 0.377000 0.293750 0.02 0.02
4 0.389500 0.295000 0.02 0.02
6 0.401667 0.294750 0.02 0.02
6 0.412833 0.295500 0.02 0.02
6 0.425667 0.295000 0.02 0.02
6 0.437833 0.296750 0.02 0.02
6 0.449833 0.297000 0.02 0.02
6 0.461167 0.296750 0.02 0.02
6 0.474000 0.296250 0.02 0.02
6 0.486500 0.297000 0.02 0.02
6 0.266000 0.104000 0.02 0.02
6 0.279667 0.104500 0.02 0.02
6 0.291500 0.104500 0.02 0.02
