0 0.756833 0.394250 0.02 0.02
0 0.768167 0.393750 0.02 0.02
0 0.762500 0.378000 0.02 0.02
0 0.762000 0.409750 0.02 0.02
0 0.750500 0.408500 0.02 0.02
3 0.768167 0.424000 0.02 0.02
3 0.779333 0.424000 0.02 0.02
0 0.773333 0.439000 0.02 0.02
1 0.744667 0.423250 0.02 0.02
1 0.732667 0.422500 0.02 0.02
3 0.738333 0.438250 0.02 0.02
3 0.727000 0.437500 0.02 0.02
1 0.715833 0.438250 0.02 0.02
1 0.721500 0.422250 0.02 0.02
1 0.727667 0.407250 0.02 0.02
1 0.739333 0.408250 0.02 0.02
3 0.709667 0.423000 0.02 0.02
1 0.716333 0.407500 0.02 0.02
1 0.698500 0.422750 0.02 0.02
1 0.687000 0.422750 0.02 0.02
1 0.675667 0.422250 0.02 0.02
1 0.664167 0.422250 0.02 0.02
1 0.658333 0.407500 0.02 0.02
1 0.669667 0.407500 0.02 0.02
1 0.681333 0.407500 0.02 0.02
1 0.693000 0.407750 0.02 0.02
1 0.704500 0.408250 0.02 0.02
3 0.547333 0.422250 0.02 0.02
3 0.535667 0.422000 0.02 0.02
3 0.529500 0.436000 0.02 0.02
3 0.542000 0.437000 0.02 0.02
3 0.535333 0.451500 0.02 0.02
1 0.554000 0.436750 0.02 0.02
1 0.524000 0.421250 0.02 0.02
3 0.495833 0.405750 0.02 0.02
3 0.501500 0.391000 0.02 0.02
3 0.506833 0.376750 0.02 0.02
3 0.513667 0.361000 0.02 0.02
1 0.501500 0.362250 0.02 0.02
1 0.490000 0.362250 0.02 0.02
1 0.484000 0.346250 0.02 0.02
3 0.349833 0.270250 0.02 0.02
3 0.356167 0.286500 0.02 0.02
3 0.362000 0.300250 0.02 0.02
4 0.125000 0.139750 0.02 0.02
4 0.131500 0.125250 0.02 0.02
4 0.117333 0.124750 0.02 0.02
4 0.086167 0.139500 0.02 0.02
4 0.072667 0.140250 0.02 0.02
4 0.078667 0.124750 0.02 0.02
4 0.086167 0.107250 0.02 0.02
4 0.099333 0.108750 0.02 0.02
4 0.111167 0.108250 0.02 0.02
3 0.178667 0.158750 0.02 0.02
3 0.174000 0.174000 0.02 0.02
3 0.168333 0.190000 0.02 0.02
3 0.162167 0.204750 0.02 0.02
4 0.155833 0.156500 0.02 0.02
4 0.137667 0.172000 0.02 0.02
4 0.149500 0.140000 0.02 0.02
6 0.069667 0.323250 0.02 0.02
6 0.076500 0.339250 0.02 0.02
6 0.082833 0.354250 0.02 0.02
6 0.070333 0.353250 0.02 0.02
6 0.088000 0.398250 0.02 0.02
6 0.093833 0.413000 0.02 0.02
6 0.082167 0.412750 0.02 0.02
6 0.088167 0.427250 0.02 0.02
6 0.087167 0.456500 0.02 0.02
3 0.094000 0.442000 0.02 0.02
3 0.099667 0.427250 0.02 0.02
6 0.106000 0.413000 0.02 0.02
3 0.112500 0.428750 0.02 0.02
