1 0.395333 0.325750 0.02 0.02
1 0.402167 0.345000 0.02 0.02
1 0.388500 0.344500 0.02 0.02
1 0.375167 0.343500 0.02 0.02
1 0.361667 0.343000 0.02 0.02
1 0.355667 0.360000 0.02 0.02
1 0.368333 0.360750 0.02 0.02
1 0.381500 0.361000 0.02 0.02
1 0.395333 0.362500 0.02 0.02
1 0.409000 0.364250 0.02 0.02
1 0.422333 0.364250 0.02 0.02
1 0.449000 0.364500 0.02 0.02
1 0.456833 0.382750 0.02 0.02
1 0.429333 0.382250 0.02 0.02
1 0.415833 0.380750 0.02 0.02
1 0.422500 0.399000 0.02 0.02
1 0.394500 0.395750 0.02 0.02
1 0.381500 0.395750 0.02 0.02
1 0.375000 0.378000 0.02 0.02
1 0.334333 0.377000 0.02 0.02
1 0.312333 0.358750 0.02 0.02
1 0.306500 0.374750 0.02 0.02
1 0.300000 0.390750 0.02 0.02
1 0.313500 0.392750 0.02 0.02
1 0.292667 0.374000 0.02 0.02
1 0.286000 0.356000 0.02 0.02
1 0.278167 0.337750 0.02 0.02
1 0.271333 0.354000 0.02 0.02
1 0.258167 0.388000 0.02 0.02
1 0.189000 0.447500 0.02 0.02
1 0.181333 0.462750 0.02 0.02
1 0.174667 0.477250 0.02 0.02
1 0.188333 0.478500 0.02 0.02
1 0.180833 0.494000 0.02 0.02
1 0.167333 0.491250 0.02 0.02
1 0.173833 0.509250 0.02 0.02
1 0.180833 0.524500 0.02 0.02
1 0.187833 0.542500 0.02 0.02
1 0.201667 0.542750 0.02 0.02
1 0.208833 0.558500 0.02 0.02
1 0.187833 0.573250 0.02 0.02
1 0.201667 0.574500 0.02 0.02
1 0.214833 0.575250 0.02 0.02
1 0.207333 0.590750 0.02 0.02
1 0.194167 0.590500 0.02 0.02
1 0.181000 0.588750 0.02 0.02
1 0.166833 0.587000 0.02 0.02
1 0.159333 0.603250 0.02 0.02
1 0.145833 0.601000 0.02 0.02
1 0.138500 0.616500 0.02 0.02
1 0.152167 0.618250 0.02 0.02
1 0.145500 0.632750 0.02 0.02
1 0.111500 0.644000 0.02 0.02
1 0.104500 0.628500 0.02 0.02
1 0.091833 0.626750 0.02 0.02
1 0.078333 0.655750 0.02 0.02
1 0.118000 0.630250 0.02 0.02
1 0.125667 0.645000 0.02 0.02
1 0.138667 0.647000 0.02 0.02
1 0.131667 0.601250 0.02 0.02
1 0.125667 0.584000 0.02 0.02
1 0.166500 0.619250 0.02 0.02
1 0.179667 0.620500 0.02 0.02
1 0.172667 0.634750 0.02 0.02
1 0.159667 0.634000 0.02 0.02
1 0.152000 0.648500 0.02 0.02
1 0.165667 0.650750 0.02 0.02
1 0.179167 0.650500 0.02 0.02
1 0.185500 0.665500 0.02 0.02
1 0.193333 0.681000 0.02 0.02
1 0.199667 0.666500 0.02 0.02
1 0.207500 0.651750 0.02 0.02
1 0.214667 0.637000 0.02 0.02
1 0.200167 0.636500 0.02 0.02
1 0.207500 0.623000 0.02 0.02
1 0.194833 0.620250 0.02 0.02
1 0.202000 0.605250 0.02 0.02
1 0.215500 0.606000 0.02 0.02
1 0.229500 0.637000 0.02 0.02
1 0.235333 0.653000 0.02 0.02
1 0.221500 0.652250 0.02 0.02
1 0.228333 0.667500 0.02 0.02
1 0.242000 0.668250 0.02 0.02
1 0.214500 0.666000 0.02 0.02
1 0.270000 0.611000 0.02 0.02
1 0.296833 0.612000 0.02 0.02
3 0.277333 0.594750 0.02 0.02
3 0.290500 0.595000 0.02 0.02
3 0.303500 0.597500 0.02 0.02
3 0.316833 0.628250 0.02 0.02
3 0.296000 0.642250 0.02 0.02
3 0.302667 0.658250 0.02 0.02
3 0.132167 0.408500 0.02 0.02
3 0.147500 0.411000 0.02 0.02
3 0.126333 0.424000 0.02 0.02
3 0.132667 0.441000 0.02 0.02
3 0.147167 0.443000 0.02 0.02
3 0.168000 0.461750 0.02 0.02
3 0.180333 0.429500 0.02 0.02
3 0.153000 0.459000 0.02 0.02
3 0.139167 0.457500 0.02 0.02
3 0.124833 0.455750 0.02 0.02
3 0.153667 0.490750 0.02 0.02
3 0.159667 0.508500 0.02 0.02
3 0.153167 0.523000 0.02 0.02
3 0.166833 0.523750 0.02 0.02
3 0.139000 0.522500 0.02 0.02
3 0.132667 0.505000 0.02 0.02
3 0.125500 0.519500 0.02 0.02
4 0.147000 0.505250 0.02 0.02
4 0.140667 0.489750 0.02 0.02
4 0.146667 0.472750 0.02 0.02
4 0.132500 0.472250 0.02 0.02
4 0.124667 0.487250 0.02 0.02
4 0.118000 0.502000 0.02 0.02
4 0.111000 0.486750 0.02 0.02
4 0.118333 0.470750 0.02 0.02
4 0.110667 0.454500 0.02 0.02
4 0.104500 0.470250 0.02 0.02
4 0.097000 0.452750 0.02 0.02
4 0.116833 0.438750 0.02 0.02
4 0.104167 0.437250 0.02 0.02
4 0.110167 0.420750 0.02 0.02
4 0.116667 0.405750 0.02 0.02
4 0.123333 0.388250 0.02 0.02
4 0.140667 0.394000 0.02 0.02
4 0.155000 0.394250 0.02 0.02
4 0.168167 0.394750 0.02 0.02
4 0.182500 0.398500 0.02 0.02
4 0.174333 0.412500 0.02 0.02
4 0.160833 0.410250 0.02 0.02
4 0.168167 0.427500 0.02 0.02
4 0.161333 0.443000 0.02 0.02
3 0.176000 0.381750 0.02 0.02
3 0.189667 0.381750 0.02 0.02
3 0.197000 0.400000 0.02 0.02
3 0.189167 0.416000 0.02 0.02
3 0.196167 0.433000 0.02 0.02
3 0.223833 0.368250 0.02 0.02
3 0.203333 0.417250 0.02 0.02
6 0.216667 0.384250 0.02 0.02
6 0.231167 0.385750 0.02 0.02
6 0.245167 0.387500 0.02 0.02
6 0.251333 0.404750 0.02 0.02
4 0.230500 0.419750 0.02 0.02
2 0.223333 0.401500 0.02 0.02
2 0.237500 0.402250 0.02 0.02
2 0.216833 0.417500 0.02 0.02
2 0.244667 0.420500 0.02 0.02
2 0.257333 0.420750 0.02 0.02
2 0.209500 0.432750 0.02 0.02
2 0.202500 0.449000 0.02 0.02
2 0.194500 0.464000 0.02 0.02
2 0.201667 0.481500 0.02 0.02
2 0.195000 0.495750 0.02 0.02
2 0.186833 0.510000 0.02 0.02
2 0.193333 0.527250 0.02 0.02
1 0.159833 0.474500 0.02 0.02
4 0.263000 0.469500 0.02 0.02
1 0.310833 0.490500 0.02 0.02
1 0.290333 0.535000 0.02 0.02
1 0.297167 0.550000 0.02 0.02
1 0.311167 0.551500 0.02 0.02
1 0.310333 0.582000 0.02 0.02
1 0.317333 0.598250 0.02 0.02
1 0.331000 0.599000 0.02 0.02
1 0.337833 0.614250 0.02 0.02
1 0.330667 0.629000 0.02 0.02
1 0.336500 0.646750 0.02 0.02
1 0.343833 0.631000 0.02 0.02
2 0.323333 0.614250 0.02 0.02
4 0.323000 0.643750 0.02 0.02
6 0.309500 0.643750 0.02 0.02
3 0.440833 0.573250 0.02 0.02
3 0.392000 0.586500 0.02 0.02
3 0.378000 0.617000 0.02 0.02
1 0.385000 0.600250 0.02 0.02
1 0.398500 0.632500 0.02 0.02
1 0.383667 0.662750 0.02 0.02
1 0.378167 0.648250 0.02 0.02
1 0.370667 0.662250 0.02 0.02
1 0.390500 0.679250 0.02 0.02
6 0.371000 0.632750 0.02 0.02
6 0.385000 0.633000 0.02 0.02
6 0.390833 0.648500 0.02 0.02
4 0.397167 0.664500 0.02 0.02
4 0.376833 0.678250 0.02 0.02
6 0.832333 0.667500 0.02 0.02
6 0.839667 0.652500 0.02 0.02
6 0.848000 0.666500 0.02 0.02
6 0.854167 0.678750 0.02 0.02
6 0.860167 0.690250 0.02 0.02
6 0.867000 0.706250 0.02 0.02
6 0.874167 0.720250 0.02 0.02
6 0.860500 0.721500 0.02 0.02
6 0.846333 0.722500 0.02 0.02
6 0.825833 0.710500 0.02 0.02
4 0.764167 0.639250 0.02 0.02
3 0.777333 0.668500 0.02 0.02
3 0.771000 0.652500 0.02 0.02
3 0.791667 0.638250 0.02 0.02
3 0.798333 0.621750 0.02 0.02
3 0.805167 0.606500 0.02 0.02
3 0.792500 0.607000 0.02 0.02
3 0.819500 0.606000 0.02 0.02
3 0.833000 0.606250 0.02 0.02
3 0.826167 0.589750 0.02 0.02
3 0.833000 0.574250 0.02 0.02
3 0.827167 0.559250 0.02 0.02
1 0.848000 0.573500 0.02 0.02
1 0.819500 0.573750 0.02 0.02
1 0.806500 0.575000 0.02 0.02
1 0.792667 0.576000 0.02 0.02
1 0.799667 0.559500 0.02 0.02
1 0.779167 0.576250 0.02 0.02
6 0.765667 0.577250 0.02 0.02
6 0.772333 0.592000 0.02 0.02
6 0.785500 0.591000 0.02 0.02
3 0.751667 0.609000 0.02 0.02
