4 0.351667 0.348000 0.02 0.02
4 0.346167 0.332500 0.02 0.02
4 0.358167 0.333000 0.02 0.02
4 0.334333 0.332500 0.02 0.02
4 0.287500 0.389750 0.02 0.02
4 0.269833 0.344500 0.02 0.02
4 0.264000 0.359500 0.02 0.02
4 0.257500 0.374250 0.02 0.02
4 0.246667 0.345000 0.02 0.02
3 0.292500 0.404250 0.02 0.02
3 0.316833 0.346750 0.02 0.02
3 0.322833 0.390500 0.02 0.02
3 0.444167 0.437750 0.02 0.02
3 0.449833 0.452750 0.02 0.02
3 0.402667 0.568250 0.02 0.02
3 0.408000 0.583250 0.02 0.02
3 0.419167 0.583250 0.02 0.02
3 0.460000 0.569750 0.02 0.02
3 0.483500 0.598750 0.02 0.02
3 0.489167 0.584250 0.02 0.02
3 0.494500 0.599000 0.02 0.02
3 0.627500 0.615000 0.02 0.02
3 0.621500 0.629750 0.02 0.02
3 0.622167 0.600750 0.02 0.02
6 0.639167 0.613500 0.02 0.02
6 0.650500 0.613000 0.02 0.02
6 0.656833 0.598250 0.02 0.02
6 0.667333 0.597500 0.02 0.02
6 0.679333 0.597000 0.02 0.02
6 0.684500 0.611250 0.02 0.02
6 0.679500 0.626500 0.02 0.02
6 0.673167 0.641000 0.02 0.02
6 0.667000 0.656000 0.02 0.02
6 0.656333 0.656250 0.02 0.02
4 0.826667 0.246750 0.02 0.02
4 0.821000 0.232750 0.02 0.02
4 0.827000 0.216750 0.02 0.02
4 0.814833 0.216500 0.02 0.02
4 0.809500 0.201500 0.02 0.02
4 0.804667 0.185750 0.02 0.02
4 0.799167 0.170750 0.02 0.02
6 0.744500 0.186750 0.02 0.02
