4 0.444000 0.431000 0.02 0.02
4 0.434500 0.430250 0.02 0.02
4 0.439333 0.444000 0.02 0.02
4 0.450000 0.444500 0.02 0.02
3 0.433333 0.403000 0.02 0.02
3 0.427667 0.416500 0.02 0.02
3 0.423167 0.430750 0.02 0.02
3 0.417000 0.444750 0.02 0.02
3 0.428000 0.444500 0.02 0.02
3 0.412333 0.403500 0.02 0.02
3 0.400333 0.403500 0.02 0.02
3 0.389500 0.403750 0.02 0.02
3 0.383333 0.389000 0.02 0.02
3 0.444333 0.458750 0.02 0.02
3 0.444167 0.486250 0.02 0.02
3 0.428000 0.472250 0.02 0.02
3 0.422500 0.485500 0.02 0.02
3 0.418000 0.472500 0.02 0.02
3 0.406500 0.472250 0.02 0.02
3 0.400500 0.486000 0.02 0.02
3 0.383667 0.473250 0.02 0.02
3 0.394167 0.471750 0.02 0.02
3 0.465667 0.487250 0.02 0.02
4 0.482333 0.501250 0.02 0.02
4 0.499000 0.514500 0.02 0.02
4 0.504833 0.501250 0.02 0.02
4 0.504667 0.529000 0.02 0.02
4 0.493667 0.501250 0.02 0.02
3 0.560833 0.474500 0.02 0.02
3 0.566500 0.487250 0.02 0.02
3 0.571833 0.502250 0.02 0.02
3 0.576500 0.515750 0.02 0.02
3 0.588333 0.516250 0.02 0.02
3 0.627500 0.475750 0.02 0.02
6 0.692500 0.615500 0.02 0.02
6 0.703000 0.615500 0.02 0.02
6 0.686667 0.629750 0.02 0.02
6 0.697167 0.629000 0.02 0.02
6 0.708000 0.629750 0.02 0.02
6 0.718833 0.630000 0.02 0.02
6 0.681000 0.643250 0.02 0.02
6 0.691833 0.643000 0.02 0.02
6 0.702833 0.643500 0.02 0.02
6 0.713667 0.643500 0.02 0.02
6 0.719333 0.656500 0.02 0.02
6 0.707833 0.657750 0.02 0.02
6 0.697333 0.657250 0.02 0.02
6 0.686500 0.657000 0.02 0.02
6 0.691667 0.670500 0.02 0.02
6 0.701833 0.671000 0.02 0.02
6 0.713333 0.671750 0.02 0.02
4 0.160500 0.632750 0.02 0.02
