4 0.554000 0.308500 0.02 0.02
4 0.566167 0.308250 0.02 0.02
4 0.578500 0.309000 0.02 0.02
4 0.555000 0.276500 0.02 0.02
4 0.560500 0.260500 0.02 0.02
4 0.573167 0.260500 0.02 0.02
4 0.585500 0.262000 0.02 0.02
4 0.536833 0.260000 0.02 0.02
4 0.524833 0.259750 0.02 0.02
4 0.512333 0.259500 0.02 0.02
4 0.501833 0.259500 0.02 0.02
4 0.524500 0.195000 0.02 0.02
4 0.537000 0.196500 0.02 0.02
4 0.549167 0.195250 0.02 0.02
4 0.561500 0.196250 0.02 0.02
6 0.405000 0.159750 0.02 0.02
6 0.417000 0.158750 0.02 0.02
6 0.429000 0.159500 0.02 0.02
6 0.411000 0.143000 0.02 0.02
6 0.399167 0.145000 0.02 0.02
6 0.393167 0.160500 0.02 0.02
6 0.399167 0.175750 0.02 0.02
6 0.387000 0.176250 0.02 0.02
6 0.380833 0.159750 0.02 0.02
6 0.374833 0.143750 0.02 0.02
6 0.386833 0.143250 0.02 0.02
6 0.368833 0.158500 0.02 0.02
6 0.363000 0.143750 0.02 0.02
