3 0.637833 0.331500 0.02 0.02
3 0.666500 0.317250 0.02 0.02
3 0.683667 0.331750 0.02 0.02
3 0.695500 0.332000 0.02 0.02
3 0.718000 0.333250 0.02 0.02
3 0.688500 0.375250 0.02 0.02
3 0.683167 0.362250 0.02 0.02
3 0.677500 0.346250 0.02 0.02
3 0.710667 0.406000 0.02 0.02
3 0.692833 0.392250 0.02 0.02
3 0.751500 0.420000 0.02 0.02
3 0.745667 0.405250 0.02 0.02
3 0.739000 0.420500 0.02 0.02
6 0.759333 0.562000 0.02 0.02
6 0.787500 0.576250 0.02 0.02
6 0.799000 0.576000 0.02 0.02
6 0.811833 0.576250 0.02 0.02
6 0.753000 0.577000 0.02 0.02
6 0.758167 0.591000 0.02 0.02
6 0.770000 0.591500 0.02 0.02
6 0.781667 0.590500 0.02 0.02
6 0.775167 0.605500 0.02 0.02
6 0.735667 0.591500 0.02 0.02
3 0.679500 0.534500 0.02 0.02
3 0.668500 0.534000 0.02 0.02
4 0.725833 0.506500 0.02 0.02
4 0.733000 0.462500 0.02 0.02
4 0.715000 0.478750 0.02 0.02
4 0.726500 0.478250 0.02 0.02
4 0.704333 0.448750 0.02 0.02
4 0.698500 0.464000 0.02 0.02
4 0.715500 0.448750 0.02 0.02
4 0.710667 0.434750 0.02 0.02
4 0.721667 0.434250 0.02 0.02
4 0.699167 0.434750 0.02 0.02
4 0.745500 0.435250 0.02 0.02
4 0.757167 0.433750 0.02 0.02
4 0.762833 0.447250 0.02 0.02
4 0.775167 0.446500 0.02 0.02
4 0.780667 0.432500 0.02 0.02
4 0.776167 0.417250 0.02 0.02
4 0.769500 0.403000 0.02 0.02
4 0.763667 0.391250 0.02 0.02
4 0.776167 0.389500 0.02 0.02
4 0.787167 0.390000 0.02 0.02
4 0.757500 0.405000 0.02 0.02
4 0.489500 0.388250 0.02 0.02
4 0.478167 0.387000 0.02 0.02
4 0.490667 0.358250 0.02 0.02
4 0.502500 0.359750 0.02 0.02
4 0.507167 0.374750 0.02 0.02
4 0.512167 0.389500 0.02 0.02
4 0.518167 0.404000 0.02 0.02
4 0.518167 0.374250 0.02 0.02
4 0.524333 0.359000 0.02 0.02
4 0.529667 0.343500 0.02 0.02
