6 0.528500 0.547500 0.02 0.02
6 0.493500 0.515250 0.02 0.02
6 0.474333 0.528500 0.02 0.02
6 0.565333 0.517500 0.02 0.02
6 0.545667 0.595000 0.02 0.02
6 0.484833 0.592250 0.02 0.02
6 0.535667 0.501750 0.02 0.02
6 0.570333 0.565000 0.02 0.02
6 0.498167 0.560750 0.02 0.02
6 0.517167 0.516250 0.02 0.02
6 0.122167 0.585250 0.02 0.02
6 0.152500 0.545500 0.02 0.02
6 0.193000 0.534500 0.02 0.02
6 0.123167 0.498750 0.02 0.02
6 0.062333 0.550000 0.02 0.02
6 0.062833 0.492250 0.02 0.02
6 0.075333 0.435000 0.02 0.02
