6 0.529000 0.559000 0.02 0.02
6 0.522500 0.544500 0.02 0.02
6 0.516667 0.530250 0.02 0.02
6 0.528667 0.529500 0.02 0.02
6 0.540500 0.530000 0.02 0.02
6 0.551333 0.529250 0.02 0.02
6 0.563500 0.529000 0.02 0.02
6 0.574833 0.529000 0.02 0.02
6 0.586500 0.528250 0.02 0.02
6 0.593000 0.542500 0.02 0.02
6 0.598333 0.557000 0.02 0.02
6 0.604833 0.572500 0.02 0.02
6 0.534500 0.573750 0.02 0.02
6 0.540833 0.588750 0.02 0.02
6 0.610333 0.587250 0.02 0.02
6 0.598667 0.587250 0.02 0.02
6 0.587000 0.587250 0.02 0.02
6 0.575167 0.588000 0.02 0.02
6 0.563833 0.588250 0.02 0.02
6 0.552333 0.588000 0.02 0.02
6 0.569667 0.573250 0.02 0.02
6 0.563500 0.558750 0.02 0.02
6 0.557833 0.544000 0.02 0.02
6 0.552500 0.558750 0.02 0.02
6 0.540167 0.559000 0.02 0.02
6 0.575333 0.558000 0.02 0.02
6 0.586667 0.558500 0.02 0.02
6 0.162333 0.672000 0.02 0.02
6 0.173500 0.672000 0.02 0.02
6 0.185500 0.672500 0.02 0.02
6 0.196667 0.673250 0.02 0.02
6 0.151167 0.671500 0.02 0.02
6 0.139167 0.672000 0.02 0.02
6 0.127833 0.671750 0.02 0.02
6 0.116500 0.671000 0.02 0.02
6 0.104833 0.671250 0.02 0.02
6 0.093000 0.670750 0.02 0.02
6 0.082167 0.670250 0.02 0.02
6 0.070167 0.670250 0.02 0.02
