4 0.476833 0.453250 0.02 0.02
4 0.470667 0.469000 0.02 0.02
4 0.482500 0.468750 0.02 0.02
4 0.495167 0.468500 0.02 0.02
4 0.501333 0.483750 0.02 0.02
4 0.489333 0.483750 0.02 0.02
4 0.477167 0.484500 0.02 0.02
4 0.483500 0.499250 0.02 0.02
4 0.495333 0.498500 0.02 0.02
4 0.489167 0.514250 0.02 0.02
4 0.477333 0.515750 0.02 0.02
4 0.464833 0.515750 0.02 0.02
4 0.452833 0.516500 0.02 0.02
4 0.453667 0.548000 0.02 0.02
4 0.465333 0.547500 0.02 0.02
4 0.441333 0.546750 0.02 0.02
4 0.428667 0.548000 0.02 0.02
4 0.416667 0.548750 0.02 0.02
4 0.404000 0.548250 0.02 0.02
4 0.409667 0.532750 0.02 0.02
4 0.403333 0.518000 0.02 0.02
4 0.397167 0.502500 0.02 0.02
4 0.409500 0.502250 0.02 0.02
4 0.416500 0.517500 0.02 0.02
4 0.428000 0.516250 0.02 0.02
4 0.441000 0.516000 0.02 0.02
6 0.334667 0.438500 0.02 0.02
6 0.346333 0.438750 0.02 0.02
6 0.353000 0.424000 0.02 0.02
6 0.364833 0.424000 0.02 0.02
6 0.358500 0.440000 0.02 0.02
6 0.340667 0.424500 0.02 0.02
6 0.328667 0.423750 0.02 0.02
6 0.322000 0.408750 0.02 0.02
6 0.328833 0.454250 0.02 0.02
6 0.335000 0.470500 0.02 0.02
6 0.322833 0.437750 0.02 0.02
6 0.316000 0.423000 0.02 0.02
6 0.309833 0.408000 0.02 0.02
