6 0.510333 0.584500 0.02 0.02
6 0.487833 0.556000 0.02 0.02
6 0.464833 0.556000 0.02 0.02
6 0.476333 0.498500 0.02 0.02
6 0.493500 0.484000 0.02 0.02
6 0.505000 0.454750 0.02 0.02
6 0.521500 0.439750 0.02 0.02
6 0.493167 0.425000 0.02 0.02
6 0.487500 0.441250 0.02 0.02
6 0.481833 0.456000 0.02 0.02
6 0.499333 0.470000 0.02 0.02
6 0.493167 0.395500 0.02 0.02
6 0.498333 0.380000 0.02 0.02
6 0.504833 0.365000 0.02 0.02
6 0.509833 0.349250 0.02 0.02
6 0.515333 0.333750 0.02 0.02
6 0.521167 0.318250 0.02 0.02
6 0.526833 0.303500 0.02 0.02
