6 0.134000 0.675750 0.02 0.02
6 0.128333 0.689000 0.02 0.02
6 0.123167 0.703250 0.02 0.02
6 0.111667 0.703500 0.02 0.02
6 0.099167 0.703250 0.02 0.02
6 0.104833 0.688750 0.02 0.02
6 0.110667 0.675250 0.02 0.02
6 0.127333 0.661500 0.02 0.02
6 0.129000 0.717750 0.02 0.02
6 0.145167 0.731000 0.02 0.02
4 0.564000 0.447000 0.02 0.02
4 0.575833 0.446500 0.02 0.02
4 0.569667 0.461250 0.02 0.02
4 0.581000 0.460750 0.02 0.02
4 0.547333 0.461750 0.02 0.02
4 0.598667 0.476000 0.02 0.02
4 0.592333 0.490500 0.02 0.02
4 0.603500 0.490000 0.02 0.02
4 0.530833 0.359000 0.02 0.02
