2 0.613500 0.456250 0.02 0.02
2 0.613667 0.486250 0.02 0.02
2 0.541833 0.457250 0.02 0.02
2 0.482167 0.458000 0.02 0.02
2 0.500333 0.412000 0.02 0.02
2 0.524167 0.502750 0.02 0.02
2 0.535000 0.256000 0.02 0.02
2 0.547333 0.256000 0.02 0.02
2 0.552500 0.241000 0.02 0.02
2 0.564333 0.240750 0.02 0.02
2 0.576667 0.239250 0.02 0.02
2 0.558667 0.256000 0.02 0.02
2 0.571500 0.255750 0.02 0.02
2 0.578333 0.271750 0.02 0.02
2 0.589333 0.270750 0.02 0.02
2 0.601167 0.271750 0.02 0.02
2 0.582833 0.286500 0.02 0.02
2 0.571500 0.286500 0.02 0.02
6 0.488000 0.319000 0.02 0.02
6 0.482167 0.302750 0.02 0.02
6 0.470000 0.302750 0.02 0.02
6 0.463667 0.286500 0.02 0.02
6 0.457833 0.271250 0.02 0.02
6 0.452167 0.255250 0.02 0.02
6 0.446333 0.239250 0.02 0.02
6 0.439833 0.223250 0.02 0.02
6 0.434167 0.206750 0.02 0.02
6 0.427667 0.189250 0.02 0.02
6 0.421500 0.171500 0.02 0.02
6 0.415167 0.153500 0.02 0.02
6 0.408833 0.136500 0.02 0.02
6 0.402167 0.119500 0.02 0.02
6 0.071000 0.202250 0.02 0.02
6 0.065667 0.186250 0.02 0.02
6 0.077667 0.219250 0.02 0.02
6 0.084167 0.236000 0.02 0.02
6 0.089667 0.251750 0.02 0.02
6 0.096500 0.268750 0.02 0.02
6 0.102000 0.283000 0.02 0.02
6 0.107500 0.298250 0.02 0.02
6 0.113667 0.314000 0.02 0.02
6 0.119833 0.330500 0.02 0.02
6 0.126333 0.346250 0.02 0.02
6 0.132667 0.360500 0.02 0.02
6 0.139000 0.376250 0.02 0.02
6 0.145667 0.391250 0.02 0.02
6 0.151500 0.408500 0.02 0.02
6 0.157500 0.423000 0.02 0.02
