3 0.420333 0.509000 0.02 0.02
3 0.408333 0.509500 0.02 0.02
3 0.389667 0.494750 0.02 0.02
3 0.384167 0.509750 0.02 0.02
3 0.372333 0.511500 0.02 0.02
3 0.668667 0.544000 0.02 0.02
3 0.693000 0.542000 0.02 0.02
3 0.705167 0.541250 0.02 0.02
3 0.716500 0.541000 0.02 0.02
3 0.728000 0.540000 0.02 0.02
3 0.722500 0.524750 0.02 0.02
3 0.697333 0.526000 0.02 0.02
3 0.691333 0.511250 0.02 0.02
3 0.689000 0.586500 0.02 0.02
3 0.707000 0.600250 0.02 0.02
3 0.670833 0.602250 0.02 0.02
6 0.360333 0.512000 0.02 0.02
6 0.348333 0.512250 0.02 0.02
6 0.335833 0.512500 0.02 0.02
6 0.324167 0.513000 0.02 0.02
6 0.312333 0.513250 0.02 0.02
6 0.300667 0.513750 0.02 0.02
6 0.288667 0.514750 0.02 0.02
6 0.263167 0.485000 0.02 0.02
6 0.256667 0.469750 0.02 0.02
6 0.250000 0.454750 0.02 0.02
6 0.244500 0.440000 0.02 0.02
6 0.238833 0.424750 0.02 0.02
6 0.232333 0.410000 0.02 0.02
6 0.226167 0.394500 0.02 0.02
6 0.220333 0.380500 0.02 0.02
6 0.213833 0.365500 0.02 0.02
6 0.159167 0.350000 0.02 0.02
6 0.153333 0.334250 0.02 0.02
6 0.146167 0.318750 0.02 0.02
6 0.139667 0.302000 0.02 0.02
6 0.133500 0.286250 0.02 0.02
6 0.129333 0.270250 0.02 0.02
6 0.115667 0.269500 0.02 0.02
6 0.103000 0.270750 0.02 0.02
6 0.090667 0.270500 0.02 0.02
6 0.070333 0.286750 0.02 0.02
6 0.053167 0.304000 0.02 0.02
6 0.042000 0.305000 0.02 0.02
6 0.036000 0.289250 0.02 0.02
6 0.042500 0.335500 0.02 0.02
6 0.055333 0.366500 0.02 0.02
6 0.091500 0.366000 0.02 0.02
6 0.105000 0.397500 0.02 0.02
6 0.124167 0.412750 0.02 0.02
