2 0.296000 0.445250 0.02 0.02
2 0.302500 0.430500 0.02 0.02
2 0.307833 0.415750 0.02 0.02
2 0.314167 0.402000 0.02 0.02
2 0.320000 0.387000 0.02 0.02
2 0.332167 0.388250 0.02 0.02
2 0.344000 0.388500 0.02 0.02
2 0.356333 0.389500 0.02 0.02
2 0.368500 0.389750 0.02 0.02
0 0.362000 0.521500 0.02 0.02
0 0.350167 0.521250 0.02 0.02
0 0.373167 0.521750 0.02 0.02
0 0.392167 0.479250 0.02 0.02
0 0.398167 0.463750 0.02 0.02
0 0.451000 0.543250 0.02 0.02
0 0.433500 0.556500 0.02 0.02
0 0.421667 0.556500 0.02 0.02
0 0.415667 0.570500 0.02 0.02
3 0.468500 0.614500 0.02 0.02
3 0.479833 0.614250 0.02 0.02
3 0.491000 0.616000 0.02 0.02
3 0.458500 0.628750 0.02 0.02
3 0.452000 0.644250 0.02 0.02
3 0.445000 0.657250 0.02 0.02
3 0.468000 0.657750 0.02 0.02
3 0.485833 0.645500 0.02 0.02
4 0.193333 0.330000 0.02 0.02
4 0.181333 0.328750 0.02 0.02
4 0.169333 0.328000 0.02 0.02
4 0.156333 0.325250 0.02 0.02
4 0.144667 0.326000 0.02 0.02
3 0.133167 0.323500 0.02 0.02
3 0.133500 0.294500 0.02 0.02
3 0.126500 0.307750 0.02 0.02
1 0.187333 0.344500 0.02 0.02
1 0.199167 0.345250 0.02 0.02
1 0.211333 0.347250 0.02 0.02
1 0.223000 0.347750 0.02 0.02
1 0.236667 0.348500 0.02 0.02
1 0.218333 0.394000 0.02 0.02
1 0.174833 0.405250 0.02 0.02
1 0.186500 0.406750 0.02 0.02
1 0.180667 0.418750 0.02 0.02
1 0.194833 0.422250 0.02 0.02
2 0.198667 0.406750 0.02 0.02
6 0.606833 0.677750 0.02 0.02
6 0.568833 0.678500 0.02 0.02
6 0.546333 0.676750 0.02 0.02
6 0.630333 0.677250 0.02 0.02
6 0.510167 0.674000 0.02 0.02
6 0.485667 0.675250 0.02 0.02
6 0.415500 0.669000 0.02 0.02
1 0.217000 0.544500 0.02 0.02
1 0.222833 0.529500 0.02 0.02
1 0.210667 0.528000 0.02 0.02
2 0.203500 0.545000 0.02 0.02
1 0.381167 0.329250 0.02 0.02
1 0.338667 0.311500 0.02 0.02
1 0.332667 0.295750 0.02 0.02
4 0.320333 0.295000 0.02 0.02
1 0.307667 0.294750 0.02 0.02
4 0.302167 0.278250 0.02 0.02
1 0.289833 0.277500 0.02 0.02
3 0.301500 0.246250 0.02 0.02
3 0.314167 0.247250 0.02 0.02
3 0.326500 0.248500 0.02 0.02
3 0.308500 0.231750 0.02 0.02
3 0.356500 0.233000 0.02 0.02
1 0.362500 0.282000 0.02 0.02
1 0.356333 0.297000 0.02 0.02
1 0.344167 0.296250 0.02 0.02
2 0.363333 0.313750 0.02 0.02
2 0.375167 0.314250 0.02 0.02
2 0.368333 0.329750 0.02 0.02
2 0.355833 0.327500 0.02 0.02
2 0.350333 0.312000 0.02 0.02
1 0.362500 0.344000 0.02 0.02
0 0.457500 0.497750 0.02 0.02
0 0.451167 0.511500 0.02 0.02
0 0.475167 0.544250 0.02 0.02
3 0.807333 0.581250 0.02 0.02
3 0.818500 0.580500 0.02 0.02
3 0.831000 0.580250 0.02 0.02
3 0.837500 0.566250 0.02 0.02
3 0.775500 0.596250 0.02 0.02
3 0.769500 0.611250 0.02 0.02
3 0.775333 0.626000 0.02 0.02
3 0.788333 0.624000 0.02 0.02
3 0.800000 0.623250 0.02 0.02
3 0.806667 0.608250 0.02 0.02
4 0.796000 0.553500 0.02 0.02
4 0.789167 0.568500 0.02 0.02
2 0.753167 0.483000 0.02 0.02
2 0.740333 0.482000 0.02 0.02
2 0.727833 0.482000 0.02 0.02
2 0.765500 0.481000 0.02 0.02
1 0.777000 0.452250 0.02 0.02
0 0.740500 0.542250 0.02 0.02
