4 0.106167 0.262750 0.02 0.02
4 0.113000 0.277500 0.02 0.02
4 0.129500 0.263500 0.02 0.02
4 0.140833 0.263000 0.02 0.02
4 0.129333 0.292500 0.02 0.02
6 0.107000 0.291000 0.02 0.02
6 0.088667 0.302750 0.02 0.02
6 0.122667 0.526750 0.02 0.02
6 0.129000 0.540750 0.02 0.02
6 0.116167 0.540750 0.02 0.02
6 0.122000 0.552500 0.02 0.02
6 0.127833 0.567750 0.02 0.02
6 0.151333 0.569500 0.02 0.02
3 0.145500 0.555000 0.02 0.02
3 0.156833 0.555000 0.02 0.02
3 0.162167 0.514500 0.02 0.02
3 0.145833 0.500250 0.02 0.02
3 0.133500 0.500250 0.02 0.02
3 0.122833 0.501250 0.02 0.02
3 0.111000 0.499750 0.02 0.02
4 0.133833 0.526250 0.02 0.02
4 0.139500 0.541250 0.02 0.02
4 0.134333 0.554250 0.02 0.02
3 0.173500 0.515250 0.02 0.02
3 0.145667 0.473250 0.02 0.02
3 0.157500 0.474000 0.02 0.02
3 0.140167 0.459750 0.02 0.02
3 0.111333 0.472000 0.02 0.02
3 0.129000 0.459000 0.02 0.02
3 0.134833 0.446000 0.02 0.02
3 0.123167 0.416750 0.02 0.02
3 0.117833 0.402250 0.02 0.02
3 0.129167 0.404500 0.02 0.02
3 0.134833 0.416750 0.02 0.02
3 0.145000 0.417750 0.02 0.02
3 0.151833 0.432250 0.02 0.02
3 0.162333 0.432500 0.02 0.02
3 0.168500 0.418000 0.02 0.02
3 0.111833 0.389500 0.02 0.02
3 0.106667 0.373750 0.02 0.02
3 0.112833 0.360750 0.02 0.02
3 0.124000 0.362250 0.02 0.02
3 0.135000 0.361750 0.02 0.02
3 0.141500 0.349750 0.02 0.02
3 0.152000 0.377250 0.02 0.02
3 0.146167 0.389500 0.02 0.02
3 0.163500 0.376250 0.02 0.02
3 0.430667 0.399500 0.02 0.02
3 0.387000 0.398000 0.02 0.02
3 0.382000 0.412500 0.02 0.02
3 0.403000 0.440750 0.02 0.02
3 0.408333 0.426500 0.02 0.02
3 0.462500 0.456000 0.02 0.02
3 0.468333 0.442500 0.02 0.02
3 0.479333 0.415750 0.02 0.02
2 0.474167 0.374000 0.02 0.02
2 0.463167 0.373500 0.02 0.02
2 0.469500 0.359250 0.02 0.02
2 0.431500 0.371500 0.02 0.02
3 0.128833 0.234000 0.02 0.02
3 0.151500 0.235750 0.02 0.02
3 0.162333 0.236750 0.02 0.02
3 0.146000 0.278750 0.02 0.02
3 0.151333 0.293250 0.02 0.02
3 0.157500 0.309000 0.02 0.02
3 0.157167 0.251000 0.02 0.02
2 0.496167 0.374250 0.02 0.02
2 0.496667 0.345500 0.02 0.02
2 0.502000 0.332250 0.02 0.02
2 0.512833 0.332750 0.02 0.02
2 0.518500 0.345500 0.02 0.02
2 0.530000 0.318250 0.02 0.02
2 0.486000 0.317750 0.02 0.02
2 0.475167 0.316250 0.02 0.02
3 0.534667 0.416750 0.02 0.02
