4 0.562500 0.451000 0.02 0.02
6 0.579333 0.436250 0.02 0.02
6 0.568333 0.437000 0.02 0.02
6 0.557167 0.436500 0.02 0.02
6 0.545833 0.436750 0.02 0.02
6 0.533667 0.436500 0.02 0.02
6 0.522167 0.437250 0.02 0.02
6 0.511167 0.437000 0.02 0.02
6 0.500167 0.436500 0.02 0.02
6 0.488833 0.437250 0.02 0.02
6 0.477333 0.436250 0.02 0.02
6 0.466000 0.436750 0.02 0.02
6 0.454500 0.436250 0.02 0.02
6 0.443333 0.436000 0.02 0.02
4 0.437000 0.420750 0.02 0.02
6 0.425333 0.421250 0.02 0.02
6 0.415000 0.422000 0.02 0.02
6 0.403000 0.421750 0.02 0.02
6 0.391667 0.421000 0.02 0.02
6 0.380333 0.422000 0.02 0.02
6 0.369500 0.421250 0.02 0.02
6 0.358833 0.422250 0.02 0.02
6 0.346333 0.422000 0.02 0.02
6 0.334833 0.421250 0.02 0.02
6 0.323333 0.421750 0.02 0.02
6 0.312000 0.422250 0.02 0.02
6 0.301500 0.421750 0.02 0.02
6 0.290667 0.421750 0.02 0.02
6 0.278833 0.421500 0.02 0.02
6 0.267500 0.422000 0.02 0.02
6 0.255833 0.421500 0.02 0.02
6 0.260833 0.406750 0.02 0.02
6 0.267000 0.390750 0.02 0.02
6 0.254833 0.390750 0.02 0.02
6 0.249333 0.376000 0.02 0.02
6 0.243833 0.361000 0.02 0.02
6 0.237667 0.345000 0.02 0.02
6 0.231833 0.331250 0.02 0.02
6 0.226333 0.314500 0.02 0.02
6 0.219667 0.299000 0.02 0.02
6 0.214500 0.315250 0.02 0.02
6 0.208667 0.330500 0.02 0.02
6 0.204000 0.345250 0.02 0.02
6 0.197500 0.361000 0.02 0.02
6 0.192500 0.375500 0.02 0.02
6 0.187000 0.390000 0.02 0.02
6 0.175167 0.391500 0.02 0.02
6 0.170333 0.406000 0.02 0.02
6 0.164167 0.421500 0.02 0.02
6 0.152500 0.421750 0.02 0.02
6 0.141000 0.421000 0.02 0.02
6 0.130167 0.421500 0.02 0.02
6 0.119000 0.422000 0.02 0.02
6 0.107833 0.421500 0.02 0.02
6 0.096333 0.419750 0.02 0.02
6 0.086167 0.420000 0.02 0.02
6 0.075000 0.419500 0.02 0.02
6 0.069333 0.434250 0.02 0.02
6 0.064500 0.448750 0.02 0.02
6 0.058000 0.462000 0.02 0.02
3 0.778667 0.511000 0.02 0.02
6 0.773667 0.495250 0.02 0.02
6 0.642500 0.421250 0.02 0.02
