3 0.088500 0.367250 0.02 0.02
3 0.100833 0.367500 0.02 0.02
3 0.112167 0.368750 0.02 0.02
3 0.123500 0.369750 0.02 0.02
3 0.118000 0.355250 0.02 0.02
3 0.106333 0.382750 0.02 0.02
3 0.094833 0.410250 0.02 0.02
3 0.129833 0.325750 0.02 0.02
3 0.101000 0.311250 0.02 0.02
3 0.071500 0.409250 0.02 0.02
3 0.083333 0.438250 0.02 0.02
3 0.095000 0.439000 0.02 0.02
3 0.152000 0.469250 0.02 0.02
3 0.186333 0.498500 0.02 0.02
3 0.135333 0.537250 0.02 0.02
3 0.197167 0.554250 0.02 0.02
3 0.102167 0.564250 0.02 0.02
3 0.107500 0.522500 0.02 0.02
3 0.141667 0.580250 0.02 0.02
3 0.072167 0.521750 0.02 0.02
4 0.096000 0.522000 0.02 0.02
4 0.101667 0.536250 0.02 0.02
4 0.113167 0.537500 0.02 0.02
4 0.108000 0.550500 0.02 0.02
4 0.096667 0.550500 0.02 0.02
4 0.091000 0.564000 0.02 0.02
4 0.107667 0.578250 0.02 0.02
4 0.135667 0.594500 0.02 0.02
4 0.135167 0.566250 0.02 0.02
4 0.090333 0.508000 0.02 0.02
4 0.083833 0.493000 0.02 0.02
4 0.078000 0.479000 0.02 0.02
4 0.089833 0.480250 0.02 0.02
4 0.101333 0.481250 0.02 0.02
4 0.095333 0.493250 0.02 0.02
4 0.071333 0.465250 0.02 0.02
4 0.066000 0.478250 0.02 0.02
4 0.072167 0.492750 0.02 0.02
4 0.065000 0.507750 0.02 0.02
4 0.112167 0.482000 0.02 0.02
4 0.129833 0.523500 0.02 0.02
4 0.141333 0.523500 0.02 0.02
4 0.112667 0.509750 0.02 0.02
4 0.101667 0.507250 0.02 0.02
4 0.185833 0.581750 0.02 0.02
4 0.203167 0.568750 0.02 0.02
4 0.213833 0.597000 0.02 0.02
4 0.225500 0.569500 0.02 0.02
4 0.191333 0.540250 0.02 0.02
4 0.191333 0.513250 0.02 0.02
4 0.169500 0.512250 0.02 0.02
4 0.174667 0.525000 0.02 0.02
4 0.157667 0.483250 0.02 0.02
4 0.169000 0.484250 0.02 0.02
2 0.203000 0.458250 0.02 0.02
2 0.208333 0.444500 0.02 0.02
2 0.214000 0.460000 0.02 0.02
2 0.225500 0.460250 0.02 0.02
2 0.229833 0.474250 0.02 0.02
2 0.230667 0.501250 0.02 0.02
2 0.241833 0.501250 0.02 0.02
2 0.242333 0.361000 0.02 0.02
2 0.253500 0.361750 0.02 0.02
2 0.248167 0.347250 0.02 0.02
2 0.253667 0.332250 0.02 0.02
2 0.248000 0.318500 0.02 0.02
2 0.237333 0.317750 0.02 0.02
2 0.242833 0.304250 0.02 0.02
2 0.248500 0.289500 0.02 0.02
2 0.259500 0.290250 0.02 0.02
2 0.271000 0.290000 0.02 0.02
2 0.265500 0.304250 0.02 0.02
2 0.259833 0.319000 0.02 0.02
3 0.265333 0.187750 0.02 0.02
3 0.299500 0.159250 0.02 0.02
4 0.276833 0.158000 0.02 0.02
4 0.266500 0.157750 0.02 0.02
4 0.260333 0.143750 0.02 0.02
4 0.248000 0.143250 0.02 0.02
4 0.253833 0.157000 0.02 0.02
4 0.259333 0.171500 0.02 0.02
4 0.236833 0.141250 0.02 0.02
4 0.242500 0.157750 0.02 0.02
4 0.237333 0.171750 0.02 0.02
4 0.242500 0.128500 0.02 0.02
4 0.231167 0.128000 0.02 0.02
4 0.225333 0.141500 0.02 0.02
4 0.220333 0.155500 0.02 0.02
3 0.231333 0.157500 0.02 0.02
4 0.214667 0.170000 0.02 0.02
3 0.175833 0.183000 0.02 0.02
2 0.169833 0.197750 0.02 0.02
2 0.175500 0.214000 0.02 0.02
2 0.186167 0.214000 0.02 0.02
2 0.196833 0.214500 0.02 0.02
2 0.208500 0.215250 0.02 0.02
2 0.180667 0.228250 0.02 0.02
2 0.191667 0.228500 0.02 0.02
2 0.203333 0.229500 0.02 0.02
2 0.186167 0.243500 0.02 0.02
2 0.197667 0.244750 0.02 0.02
2 0.192167 0.258250 0.02 0.02
2 0.197833 0.273500 0.02 0.02
2 0.203333 0.288250 0.02 0.02
2 0.208333 0.302500 0.02 0.02
2 0.213833 0.317250 0.02 0.02
2 0.225333 0.318250 0.02 0.02
2 0.219667 0.331250 0.02 0.02
2 0.231333 0.332250 0.02 0.02
2 0.242167 0.333250 0.02 0.02
2 0.225333 0.345500 0.02 0.02
2 0.236000 0.347000 0.02 0.02
2 0.230667 0.360750 0.02 0.02
2 0.236667 0.373750 0.02 0.02
2 0.247500 0.376000 0.02 0.02
2 0.241500 0.388250 0.02 0.02
3 0.112167 0.165750 0.02 0.02
3 0.088833 0.166000 0.02 0.02
4 0.124000 0.166500 0.02 0.02
4 0.135500 0.166500 0.02 0.02
4 0.117667 0.180500 0.02 0.02
4 0.105667 0.181000 0.02 0.02
4 0.100500 0.165250 0.02 0.02
4 0.093667 0.180750 0.02 0.02
3 0.343833 0.130500 0.02 0.02
3 0.384667 0.146250 0.02 0.02
3 0.456833 0.134500 0.02 0.02
3 0.450667 0.149750 0.02 0.02
3 0.473833 0.148750 0.02 0.02
3 0.666167 0.152500 0.02 0.02
3 0.733333 0.183000 0.02 0.02
4 0.721333 0.213000 0.02 0.02
4 0.732333 0.213500 0.02 0.02
4 0.709500 0.242250 0.02 0.02
4 0.714667 0.256500 0.02 0.02
4 0.761333 0.198000 0.02 0.02
4 0.766333 0.213000 0.02 0.02
4 0.778500 0.213000 0.02 0.02
4 0.789000 0.212000 0.02 0.02
4 0.800833 0.212750 0.02 0.02
6 0.808167 0.441500 0.02 0.02
6 0.819667 0.440750 0.02 0.02
6 0.829833 0.440500 0.02 0.02
6 0.841833 0.440250 0.02 0.02
6 0.853333 0.440000 0.02 0.02
6 0.847333 0.453750 0.02 0.02
6 0.835833 0.454500 0.02 0.02
6 0.836667 0.425750 0.02 0.02
6 0.848167 0.425750 0.02 0.02
6 0.853833 0.410750 0.02 0.02
6 0.866167 0.410250 0.02 0.02
6 0.830833 0.411000 0.02 0.02
6 0.826000 0.397750 0.02 0.02
6 0.837000 0.396750 0.02 0.02
6 0.814667 0.397000 0.02 0.02
6 0.809167 0.412000 0.02 0.02
6 0.813667 0.426750 0.02 0.02
3 0.848333 0.397250 0.02 0.02
3 0.872667 0.397250 0.02 0.02
3 0.860167 0.397000 0.02 0.02
3 0.850333 0.525250 0.02 0.02
2 0.772500 0.581750 0.02 0.02
2 0.783333 0.582250 0.02 0.02
2 0.778333 0.595250 0.02 0.02
2 0.788500 0.595250 0.02 0.02
2 0.767000 0.595000 0.02 0.02
2 0.760667 0.581750 0.02 0.02
3 0.815667 0.258000 0.02 0.02
