3 0.444333 0.469750 0.02 0.02
3 0.449667 0.483750 0.02 0.02
3 0.420500 0.498000 0.02 0.02
3 0.415000 0.513250 0.02 0.02
3 0.391833 0.512750 0.02 0.02
3 0.543167 0.511250 0.02 0.02
3 0.548000 0.525500 0.02 0.02
3 0.553833 0.542250 0.02 0.02
3 0.565833 0.542750 0.02 0.02
3 0.589000 0.542750 0.02 0.02
3 0.600500 0.571500 0.02 0.02
3 0.588500 0.571500 0.02 0.02
3 0.594833 0.556750 0.02 0.02
3 0.606667 0.557750 0.02 0.02
3 0.612333 0.571500 0.02 0.02
3 0.606500 0.586750 0.02 0.02
3 0.600500 0.600750 0.02 0.02
3 0.594167 0.615750 0.02 0.02
3 0.606167 0.615000 0.02 0.02
3 0.617667 0.614250 0.02 0.02
3 0.624167 0.601000 0.02 0.02
4 0.685000 0.245750 0.02 0.02
4 0.695833 0.277000 0.02 0.02
4 0.702167 0.291000 0.02 0.02
4 0.649833 0.276500 0.02 0.02
4 0.644000 0.261500 0.02 0.02
4 0.632167 0.262500 0.02 0.02
4 0.620000 0.262500 0.02 0.02
4 0.638667 0.245750 0.02 0.02
4 0.649000 0.245750 0.02 0.02
4 0.632333 0.293750 0.02 0.02
4 0.638667 0.277000 0.02 0.02
4 0.626000 0.277250 0.02 0.02
6 0.644667 0.166500 0.02 0.02
6 0.632667 0.166000 0.02 0.02
6 0.620833 0.165500 0.02 0.02
6 0.633333 0.132500 0.02 0.02
6 0.621500 0.131000 0.02 0.02
6 0.609667 0.128750 0.02 0.02
6 0.616000 0.148750 0.02 0.02
6 0.628000 0.147250 0.02 0.02
6 0.639500 0.148000 0.02 0.02
6 0.650167 0.149750 0.02 0.02
4 0.680000 0.166000 0.02 0.02
4 0.692167 0.167750 0.02 0.02
4 0.727500 0.164750 0.02 0.02
3 0.188500 0.494750 0.02 0.02
4 0.171167 0.480250 0.02 0.02
4 0.159667 0.478250 0.02 0.02
4 0.159000 0.509000 0.02 0.02
4 0.148000 0.508000 0.02 0.02
6 0.142000 0.522750 0.02 0.02
6 0.135500 0.536500 0.02 0.02
6 0.129833 0.552250 0.02 0.02
6 0.124667 0.565750 0.02 0.02
6 0.119167 0.581750 0.02 0.02
6 0.113333 0.595000 0.02 0.02
6 0.107833 0.609000 0.02 0.02
6 0.102500 0.624250 0.02 0.02
