6 0.602833 0.485250 0.02 0.02
6 0.609167 0.501000 0.02 0.02
6 0.603500 0.517500 0.02 0.02
6 0.592167 0.517250 0.02 0.02
6 0.580667 0.517500 0.02 0.02
6 0.568333 0.518500 0.02 0.02
6 0.575333 0.533750 0.02 0.02
6 0.580333 0.550000 0.02 0.02
6 0.615333 0.516750 0.02 0.02
6 0.621500 0.532500 0.02 0.02
6 0.627167 0.548000 0.02 0.02
6 0.562667 0.502750 0.02 0.02
6 0.555833 0.486250 0.02 0.02
6 0.586500 0.565250 0.02 0.02
6 0.598833 0.565750 0.02 0.02
6 0.610000 0.565000 0.02 0.02
6 0.621500 0.564250 0.02 0.02
6 0.633333 0.563000 0.02 0.02
6 0.549000 0.469250 0.02 0.02
6 0.597500 0.470500 0.02 0.02
6 0.573667 0.470000 0.02 0.02
6 0.585167 0.469500 0.02 0.02
6 0.561833 0.470250 0.02 0.02
