0 0.558667 0.443000 0.02 0.02
0 0.564500 0.428500 0.02 0.02
0 0.577500 0.427500 0.02 0.02
0 0.589500 0.427750 0.02 0.02
0 0.601000 0.427500 0.02 0.02
0 0.571333 0.443000 0.02 0.02
0 0.583333 0.443000 0.02 0.02
0 0.595500 0.442750 0.02 0.02
0 0.565000 0.458500 0.02 0.02
0 0.577500 0.458000 0.02 0.02
0 0.590000 0.458500 0.02 0.02
0 0.601833 0.457750 0.02 0.02
0 0.559167 0.473500 0.02 0.02
0 0.571833 0.473500 0.02 0.02
0 0.613333 0.426000 0.02 0.02
0 0.619333 0.410750 0.02 0.02
0 0.612833 0.396250 0.02 0.02
0 0.600333 0.396000 0.02 0.02
0 0.606833 0.411000 0.02 0.02
0 0.595167 0.411750 0.02 0.02
0 0.582667 0.412000 0.02 0.02
0 0.588500 0.396500 0.02 0.02
0 0.570500 0.412250 0.02 0.02
0 0.576167 0.397000 0.02 0.02
0 0.594000 0.381250 0.02 0.02
0 0.582167 0.381250 0.02 0.02
0 0.570333 0.381500 0.02 0.02
0 0.576167 0.366000 0.02 0.02
0 0.588000 0.365500 0.02 0.02
0 0.599833 0.365500 0.02 0.02
0 0.618833 0.379750 0.02 0.02
0 0.631333 0.379250 0.02 0.02
0 0.624833 0.395250 0.02 0.02
0 0.636833 0.394250 0.02 0.02
0 0.631333 0.410500 0.02 0.02
0 0.643500 0.410000 0.02 0.02
0 0.649333 0.393500 0.02 0.02
0 0.619667 0.441500 0.02 0.02
0 0.632167 0.441500 0.02 0.02
0 0.644167 0.440750 0.02 0.02
0 0.637667 0.425750 0.02 0.02
0 0.650167 0.425500 0.02 0.02
3 0.655167 0.409750 0.02 0.02
3 0.674167 0.423500 0.02 0.02
3 0.648500 0.363000 0.02 0.02
3 0.654500 0.347250 0.02 0.02
3 0.648667 0.331250 0.02 0.02
3 0.654667 0.313750 0.02 0.02
3 0.672833 0.329250 0.02 0.02
3 0.611667 0.333000 0.02 0.02
3 0.599833 0.333500 0.02 0.02
3 0.594000 0.349500 0.02 0.02
3 0.691000 0.313000 0.02 0.02
3 0.697667 0.328250 0.02 0.02
6 0.618667 0.348500 0.02 0.02
6 0.630667 0.347750 0.02 0.02
6 0.642667 0.347250 0.02 0.02
6 0.636333 0.331500 0.02 0.02
6 0.624333 0.332000 0.02 0.02
6 0.630333 0.316000 0.02 0.02
6 0.642833 0.315250 0.02 0.02
6 0.666833 0.313750 0.02 0.02
6 0.679167 0.313750 0.02 0.02
6 0.660833 0.298000 0.02 0.02
6 0.648500 0.299000 0.02 0.02
6 0.654167 0.281500 0.02 0.02
6 0.660000 0.264500 0.02 0.02
6 0.647500 0.265000 0.02 0.02
6 0.641500 0.249000 0.02 0.02
6 0.653833 0.247750 0.02 0.02
6 0.665500 0.247750 0.02 0.02
6 0.671667 0.231000 0.02 0.02
6 0.659833 0.230750 0.02 0.02
6 0.646833 0.230750 0.02 0.02
6 0.634833 0.231000 0.02 0.02
6 0.640833 0.214250 0.02 0.02
3 0.715500 0.312000 0.02 0.02
3 0.721833 0.326500 0.02 0.02
3 0.728000 0.342000 0.02 0.02
3 0.740000 0.311250 0.02 0.02
3 0.721000 0.295000 0.02 0.02
3 0.714500 0.279250 0.02 0.02
3 0.738833 0.278750 0.02 0.02
3 0.746000 0.294000 0.02 0.02
3 0.751667 0.277250 0.02 0.02
1 0.473167 0.414750 0.02 0.02
1 0.460667 0.414750 0.02 0.02
1 0.454500 0.430750 0.02 0.02
1 0.448833 0.446000 0.02 0.02
1 0.443000 0.461250 0.02 0.02
1 0.437000 0.476250 0.02 0.02
1 0.425167 0.476500 0.02 0.02
1 0.411833 0.476250 0.02 0.02
1 0.399500 0.475750 0.02 0.02
1 0.386833 0.476250 0.02 0.02
1 0.374333 0.475750 0.02 0.02
1 0.368667 0.491250 0.02 0.02
1 0.368333 0.460500 0.02 0.02
1 0.355833 0.460500 0.02 0.02
1 0.349333 0.445500 0.02 0.02
1 0.342833 0.460500 0.02 0.02
1 0.336667 0.445500 0.02 0.02
1 0.342167 0.430750 0.02 0.02
1 0.336167 0.414500 0.02 0.02
1 0.342167 0.400250 0.02 0.02
1 0.348500 0.385500 0.02 0.02
1 0.354833 0.369250 0.02 0.02
1 0.341667 0.369750 0.02 0.02
1 0.329833 0.370000 0.02 0.02
1 0.323167 0.415500 0.02 0.02
1 0.311333 0.416000 0.02 0.02
1 0.299333 0.414750 0.02 0.02
1 0.304833 0.400250 0.02 0.02
1 0.311000 0.385000 0.02 0.02
1 0.298333 0.384750 0.02 0.02
1 0.292500 0.399500 0.02 0.02
1 0.279667 0.399750 0.02 0.02
1 0.285667 0.385250 0.02 0.02
1 0.292667 0.431000 0.02 0.02
1 0.305333 0.430750 0.02 0.02
1 0.299500 0.445500 0.02 0.02
1 0.287167 0.446500 0.02 0.02
1 0.293333 0.461500 0.02 0.02
1 0.280667 0.461500 0.02 0.02
1 0.274333 0.446250 0.02 0.02
1 0.280333 0.430500 0.02 0.02
1 0.268333 0.430750 0.02 0.02
1 0.312167 0.475750 0.02 0.02
1 0.324167 0.475750 0.02 0.02
1 0.318667 0.461250 0.02 0.02
1 0.318000 0.490750 0.02 0.02
1 0.330833 0.490750 0.02 0.02
1 0.293667 0.492000 0.02 0.02
1 0.243000 0.430500 0.02 0.02
1 0.249000 0.445250 0.02 0.02
1 0.255500 0.431500 0.02 0.02
1 0.261500 0.445750 0.02 0.02
1 0.267333 0.399750 0.02 0.02
1 0.285500 0.353750 0.02 0.02
1 0.304833 0.369000 0.02 0.02
1 0.310333 0.354000 0.02 0.02
1 0.323500 0.353500 0.02 0.02
1 0.367167 0.367750 0.02 0.02
1 0.373333 0.353500 0.02 0.02
1 0.379167 0.368750 0.02 0.02
1 0.385833 0.353750 0.02 0.02
1 0.374000 0.384000 0.02 0.02
1 0.398000 0.353500 0.02 0.02
1 0.410167 0.354750 0.02 0.02
1 0.404333 0.369000 0.02 0.02
1 0.398833 0.384500 0.02 0.02
1 0.411167 0.384750 0.02 0.02
1 0.423167 0.384250 0.02 0.02
1 0.435500 0.385000 0.02 0.02
1 0.429500 0.399000 0.02 0.02
1 0.442167 0.400000 0.02 0.02
1 0.436000 0.415500 0.02 0.02
1 0.442167 0.430000 0.02 0.02
1 0.430167 0.429750 0.02 0.02
1 0.417333 0.431250 0.02 0.02
1 0.405833 0.431000 0.02 0.02
1 0.393167 0.430500 0.02 0.02
1 0.399167 0.415250 0.02 0.02
1 0.386167 0.415500 0.02 0.02
1 0.374167 0.415250 0.02 0.02
1 0.367500 0.400250 0.02 0.02
1 0.387000 0.446000 0.02 0.02
1 0.367833 0.430500 0.02 0.02
1 0.411833 0.445500 0.02 0.02
1 0.424333 0.446750 0.02 0.02
1 0.430833 0.460500 0.02 0.02
1 0.406167 0.460750 0.02 0.02
1 0.393500 0.460750 0.02 0.02
1 0.380833 0.461000 0.02 0.02
2 0.361333 0.415250 0.02 0.02
2 0.354667 0.400000 0.02 0.02
2 0.361000 0.384250 0.02 0.02
2 0.386167 0.383750 0.02 0.02
2 0.323500 0.384750 0.02 0.02
1 0.335667 0.385250 0.02 0.02
0 0.240333 0.274750 0.02 0.02
0 0.247333 0.292000 0.02 0.02
0 0.252500 0.275000 0.02 0.02
0 0.266000 0.274500 0.02 0.02
0 0.278167 0.275250 0.02 0.02
0 0.271000 0.258000 0.02 0.02
0 0.234500 0.291250 0.02 0.02
0 0.221500 0.291000 0.02 0.02
0 0.228500 0.306000 0.02 0.02
0 0.241000 0.306250 0.02 0.02
0 0.253667 0.307250 0.02 0.02
0 0.266167 0.306500 0.02 0.02
0 0.272667 0.288750 0.02 0.02
0 0.278333 0.306500 0.02 0.02
0 0.284833 0.322750 0.02 0.02
0 0.279333 0.337500 0.02 0.02
0 0.266167 0.338250 0.02 0.02
0 0.259667 0.322000 0.02 0.02
0 0.254000 0.337250 0.02 0.02
0 0.247000 0.323250 0.02 0.02
1 0.260500 0.353750 0.02 0.02
3 0.259500 0.290500 0.02 0.02
6 0.209667 0.290000 0.02 0.02
6 0.215333 0.274500 0.02 0.02
6 0.227000 0.274500 0.02 0.02
6 0.233333 0.257000 0.02 0.02
6 0.246667 0.257250 0.02 0.02
6 0.259167 0.257250 0.02 0.02
0 0.503500 0.428750 0.02 0.02
0 0.522000 0.442500 0.02 0.02
6 0.516000 0.428000 0.02 0.02
6 0.503167 0.397750 0.02 0.02
6 0.528333 0.427750 0.02 0.02
6 0.534167 0.443500 0.02 0.02
6 0.528167 0.458750 0.02 0.02
6 0.540833 0.458500 0.02 0.02
6 0.553167 0.458000 0.02 0.02
0 0.516333 0.458000 0.02 0.02
0 0.504500 0.459000 0.02 0.02
1 0.492500 0.459250 0.02 0.02
1 0.485667 0.444500 0.02 0.02
1 0.473833 0.445500 0.02 0.02
1 0.467500 0.459750 0.02 0.02
1 0.461000 0.445250 0.02 0.02
1 0.455167 0.460250 0.02 0.02
1 0.461500 0.475750 0.02 0.02
1 0.449000 0.477250 0.02 0.02
0 0.236167 0.445750 0.02 0.02
0 0.236333 0.415250 0.02 0.02
0 0.210667 0.446500 0.02 0.02
0 0.204167 0.429500 0.02 0.02
0 0.192000 0.430000 0.02 0.02
0 0.197833 0.414750 0.02 0.02
0 0.204333 0.398750 0.02 0.02
3 0.185833 0.415000 0.02 0.02
3 0.179333 0.431000 0.02 0.02
3 0.185667 0.446250 0.02 0.02
0 0.173000 0.446250 0.02 0.02
0 0.173000 0.414500 0.02 0.02
3 0.192000 0.399250 0.02 0.02
3 0.197500 0.383250 0.02 0.02
3 0.210167 0.383500 0.02 0.02
3 0.203833 0.367750 0.02 0.02
3 0.191000 0.367750 0.02 0.02
3 0.178500 0.367750 0.02 0.02
3 0.172333 0.382250 0.02 0.02
3 0.166500 0.399250 0.02 0.02
3 0.160500 0.415000 0.02 0.02
3 0.147667 0.415000 0.02 0.02
