0 0.162000 0.567750 0.02 0.02
6 0.132667 0.524250 0.02 0.02
6 0.121167 0.524250 0.02 0.02
6 0.110000 0.525250 0.02 0.02
6 0.097667 0.524500 0.02 0.02
6 0.103667 0.510500 0.02 0.02
6 0.097333 0.495000 0.02 0.02
6 0.109167 0.495750 0.02 0.02
6 0.120500 0.496000 0.02 0.02
6 0.091167 0.481500 0.02 0.02
6 0.079167 0.481000 0.02 0.02
6 0.066500 0.480250 0.02 0.02
6 0.059833 0.465750 0.02 0.02
6 0.073000 0.466000 0.02 0.02
6 0.053500 0.450750 0.02 0.02
6 0.066000 0.451250 0.02 0.02
6 0.054667 0.480500 0.02 0.02
6 0.060833 0.494750 0.02 0.02
6 0.048000 0.494750 0.02 0.02
6 0.054667 0.510500 0.02 0.02
3 0.072000 0.437000 0.02 0.02
3 0.084500 0.436750 0.02 0.02
3 0.096500 0.438750 0.02 0.02
3 0.083333 0.408000 0.02 0.02
3 0.095167 0.379000 0.02 0.02
3 0.101167 0.366000 0.02 0.02
3 0.119000 0.321500 0.02 0.02
3 0.101500 0.305500 0.02 0.02
3 0.095667 0.290000 0.02 0.02
3 0.089500 0.275750 0.02 0.02
3 0.084000 0.260750 0.02 0.02
3 0.070167 0.261750 0.02 0.02
3 0.057667 0.261250 0.02 0.02
4 0.611667 0.190500 0.02 0.02
4 0.623000 0.190750 0.02 0.02
4 0.634667 0.191250 0.02 0.02
4 0.640667 0.175250 0.02 0.02
4 0.653000 0.176000 0.02 0.02
4 0.664167 0.174500 0.02 0.02
4 0.675667 0.175250 0.02 0.02
4 0.687167 0.174750 0.02 0.02
4 0.693167 0.159250 0.02 0.02
4 0.681500 0.159500 0.02 0.02
4 0.669000 0.159250 0.02 0.02
4 0.693167 0.190500 0.02 0.02
4 0.704833 0.190250 0.02 0.02
4 0.716333 0.189500 0.02 0.02
4 0.728000 0.189500 0.02 0.02
4 0.722167 0.174750 0.02 0.02
4 0.734167 0.174500 0.02 0.02
4 0.728500 0.159000 0.02 0.02
4 0.739167 0.190500 0.02 0.02
4 0.751000 0.189000 0.02 0.02
4 0.745167 0.173750 0.02 0.02
4 0.756000 0.204750 0.02 0.02
4 0.762833 0.189500 0.02 0.02
4 0.758167 0.173750 0.02 0.02
3 0.825500 0.233250 0.02 0.02
3 0.854333 0.275750 0.02 0.02
