4 0.499500 0.608750 0.02 0.02
4 0.488000 0.607500 0.02 0.02
4 0.476667 0.607500 0.02 0.02
4 0.471500 0.593500 0.02 0.02
4 0.482333 0.621250 0.02 0.02
4 0.493833 0.623500 0.02 0.02
4 0.425833 0.590000 0.02 0.02
4 0.431667 0.574250 0.02 0.02
4 0.420833 0.573500 0.02 0.02
4 0.466500 0.546500 0.02 0.02
6 0.654333 0.651750 0.02 0.02
6 0.666167 0.651250 0.02 0.02
6 0.676833 0.651750 0.02 0.02
6 0.688667 0.652500 0.02 0.02
6 0.697667 0.651500 0.02 0.02
6 0.671167 0.666750 0.02 0.02
6 0.682333 0.667000 0.02 0.02
6 0.693000 0.666500 0.02 0.02
6 0.704333 0.666250 0.02 0.02
6 0.699000 0.682250 0.02 0.02
