1 0.353833 0.525500 0.02 0.02
1 0.341333 0.525500 0.02 0.02
1 0.335000 0.541750 0.02 0.02
1 0.322000 0.541750 0.02 0.02
1 0.315500 0.556750 0.02 0.02
1 0.328500 0.557500 0.02 0.02
1 0.341667 0.557750 0.02 0.02
1 0.321667 0.572500 0.02 0.02
1 0.309000 0.572500 0.02 0.02
1 0.315667 0.588000 0.02 0.02
1 0.302333 0.587750 0.02 0.02
1 0.296167 0.571500 0.02 0.02
1 0.309167 0.603500 0.02 0.02
1 0.315667 0.619000 0.02 0.02
1 0.322667 0.634250 0.02 0.02
1 0.335667 0.634000 0.02 0.02
1 0.310333 0.664000 0.02 0.02
0 0.303167 0.649000 0.02 0.02
0 0.316667 0.649250 0.02 0.02
0 0.323500 0.664250 0.02 0.02
0 0.330500 0.679250 0.02 0.02
0 0.323833 0.694250 0.02 0.02
0 0.337000 0.694750 0.02 0.02
0 0.343500 0.710000 0.02 0.02
0 0.356167 0.710750 0.02 0.02
0 0.349833 0.694750 0.02 0.02
0 0.362667 0.695250 0.02 0.02
0 0.356167 0.680250 0.02 0.02
0 0.369167 0.680250 0.02 0.02
0 0.362500 0.665250 0.02 0.02
0 0.375667 0.695750 0.02 0.02
0 0.382500 0.711250 0.02 0.02
0 0.376000 0.725750 0.02 0.02
0 0.369167 0.740250 0.02 0.02
1 0.353833 0.557000 0.02 0.02
1 0.373167 0.543000 0.02 0.02
1 0.360833 0.573000 0.02 0.02
1 0.374000 0.574000 0.02 0.02
1 0.380333 0.559500 0.02 0.02
1 0.386667 0.543250 0.02 0.02
1 0.400333 0.544750 0.02 0.02
1 0.354167 0.588500 0.02 0.02
1 0.361333 0.604500 0.02 0.02
1 0.374500 0.605250 0.02 0.02
1 0.387333 0.605000 0.02 0.02
1 0.380833 0.589750 0.02 0.02
1 0.387167 0.573750 0.02 0.02
1 0.407000 0.620500 0.02 0.02
1 0.400000 0.605750 0.02 0.02
1 0.393833 0.590250 0.02 0.02
1 0.400333 0.574750 0.02 0.02
1 0.393500 0.620750 0.02 0.02
1 0.381167 0.620750 0.02 0.02
1 0.388000 0.635500 0.02 0.02
1 0.401000 0.636250 0.02 0.02
1 0.413833 0.637500 0.02 0.02
2 0.413667 0.605750 0.02 0.02
2 0.328500 0.619500 0.02 0.02
2 0.334500 0.604500 0.02 0.02
2 0.321500 0.604000 0.02 0.02
2 0.335000 0.573500 0.02 0.02
2 0.347667 0.573750 0.02 0.02
0 0.308667 0.509000 0.02 0.02
0 0.296333 0.508750 0.02 0.02
4 0.295667 0.473500 0.02 0.02
4 0.269333 0.473750 0.02 0.02
4 0.263500 0.490750 0.02 0.02
4 0.256833 0.506000 0.02 0.02
4 0.263000 0.523750 0.02 0.02
6 0.269833 0.507750 0.02 0.02
6 0.289500 0.490500 0.02 0.02
6 0.302000 0.491750 0.02 0.02
6 0.315667 0.492000 0.02 0.02
6 0.321667 0.474750 0.02 0.02
6 0.334167 0.475000 0.02 0.02
0 0.348000 0.475500 0.02 0.02
0 0.341000 0.492250 0.02 0.02
0 0.354167 0.492750 0.02 0.02
0 0.335000 0.509500 0.02 0.02
6 0.360833 0.508750 0.02 0.02
0 0.373667 0.510250 0.02 0.02
0 0.379833 0.527000 0.02 0.02
1 0.392833 0.529000 0.02 0.02
0 0.360833 0.542250 0.02 0.02
3 0.373167 0.476250 0.02 0.02
3 0.379833 0.459500 0.02 0.02
3 0.716333 0.634000 0.02 0.02
3 0.722667 0.649250 0.02 0.02
3 0.736333 0.648250 0.02 0.02
0 0.703167 0.664750 0.02 0.02
0 0.696000 0.679750 0.02 0.02
0 0.689333 0.665250 0.02 0.02
0 0.683333 0.650250 0.02 0.02
0 0.677167 0.635250 0.02 0.02
0 0.670333 0.651000 0.02 0.02
0 0.689333 0.695250 0.02 0.02
0 0.695500 0.709750 0.02 0.02
0 0.682333 0.710000 0.02 0.02
0 0.669333 0.710500 0.02 0.02
3 0.708833 0.680000 0.02 0.02
3 0.707833 0.739750 0.02 0.02
0 0.694833 0.740000 0.02 0.02
0 0.688500 0.725250 0.02 0.02
0 0.675500 0.725750 0.02 0.02
0 0.662167 0.754250 0.02 0.02
0 0.681333 0.769250 0.02 0.02
0 0.654833 0.769000 0.02 0.02
0 0.648667 0.784000 0.02 0.02
1 0.661667 0.726500 0.02 0.02
1 0.655167 0.740500 0.02 0.02
1 0.641667 0.768750 0.02 0.02
1 0.635000 0.756000 0.02 0.02
1 0.635333 0.726250 0.02 0.02
1 0.621500 0.755750 0.02 0.02
1 0.628833 0.740750 0.02 0.02
1 0.642167 0.711500 0.02 0.02
1 0.649000 0.697000 0.02 0.02
1 0.662167 0.696000 0.02 0.02
1 0.636167 0.696250 0.02 0.02
1 0.642833 0.682000 0.02 0.02
1 0.649667 0.666500 0.02 0.02
1 0.663667 0.666250 0.02 0.02
1 0.656500 0.650500 0.02 0.02
1 0.636667 0.666500 0.02 0.02
1 0.629667 0.681750 0.02 0.02
1 0.623333 0.667000 0.02 0.02
1 0.630667 0.651250 0.02 0.02
1 0.617167 0.651750 0.02 0.02
1 0.637333 0.636000 0.02 0.02
1 0.630833 0.620750 0.02 0.02
1 0.650833 0.635750 0.02 0.02
1 0.650333 0.605500 0.02 0.02
1 0.637833 0.605000 0.02 0.02
1 0.625167 0.605750 0.02 0.02
1 0.631000 0.591000 0.02 0.02
1 0.605000 0.591000 0.02 0.02
1 0.598167 0.606500 0.02 0.02
1 0.604333 0.621500 0.02 0.02
1 0.591333 0.621500 0.02 0.02
1 0.597667 0.636750 0.02 0.02
1 0.603833 0.652250 0.02 0.02
1 0.616500 0.682250 0.02 0.02
1 0.610167 0.697500 0.02 0.02
1 0.615500 0.711750 0.02 0.02
1 0.621667 0.726500 0.02 0.02
1 0.615500 0.741250 0.02 0.02
1 0.609333 0.727000 0.02 0.02
1 0.603333 0.712250 0.02 0.02
1 0.609000 0.755250 0.02 0.02
1 0.602500 0.740750 0.02 0.02
1 0.596333 0.726250 0.02 0.02
1 0.590833 0.712250 0.02 0.02
1 0.583500 0.698000 0.02 0.02
1 0.577500 0.682500 0.02 0.02
1 0.570833 0.697750 0.02 0.02
1 0.577500 0.712000 0.02 0.02
1 0.584000 0.727000 0.02 0.02
1 0.589833 0.741000 0.02 0.02
1 0.596167 0.756250 0.02 0.02
1 0.602667 0.770250 0.02 0.02
1 0.609167 0.784250 0.02 0.02
1 0.590333 0.770000 0.02 0.02
1 0.583833 0.756250 0.02 0.02
1 0.577500 0.742500 0.02 0.02
1 0.564667 0.713250 0.02 0.02
1 0.558333 0.727750 0.02 0.02
1 0.564833 0.741750 0.02 0.02
1 0.571167 0.756250 0.02 0.02
1 0.578000 0.770000 0.02 0.02
1 0.584333 0.784500 0.02 0.02
1 0.571500 0.784750 0.02 0.02
1 0.565167 0.770750 0.02 0.02
1 0.558500 0.756750 0.02 0.02
1 0.552000 0.742250 0.02 0.02
1 0.552500 0.713250 0.02 0.02
1 0.545333 0.698250 0.02 0.02
2 0.597000 0.697750 0.02 0.02
2 0.623000 0.697750 0.02 0.02
1 0.670667 0.620500 0.02 0.02
1 0.657000 0.590750 0.02 0.02
1 0.598333 0.576500 0.02 0.02
1 0.578000 0.622000 0.02 0.02
1 0.571167 0.638250 0.02 0.02
1 0.578167 0.652500 0.02 0.02
1 0.584667 0.637500 0.02 0.02
1 0.551333 0.653250 0.02 0.02
1 0.545167 0.638250 0.02 0.02
1 0.551833 0.623000 0.02 0.02
1 0.539000 0.623750 0.02 0.02
1 0.525333 0.623250 0.02 0.02
1 0.518833 0.607750 0.02 0.02
1 0.538833 0.592500 0.02 0.02
1 0.512167 0.591250 0.02 0.02
1 0.506000 0.577500 0.02 0.02
1 0.498667 0.561250 0.02 0.02
1 0.485333 0.560750 0.02 0.02
1 0.492167 0.576500 0.02 0.02
2 0.492167 0.545500 0.02 0.02
2 0.465833 0.576500 0.02 0.02
2 0.459333 0.591750 0.02 0.02
1 0.472667 0.591500 0.02 0.02
1 0.492333 0.606250 0.02 0.02
1 0.486000 0.623250 0.02 0.02
3 0.767167 0.722000 0.02 0.02
3 0.773167 0.737750 0.02 0.02
3 0.747167 0.738250 0.02 0.02
3 0.741000 0.723250 0.02 0.02
4 0.728667 0.724250 0.02 0.02
4 0.761000 0.707750 0.02 0.02
4 0.734833 0.738000 0.02 0.02
4 0.754833 0.722250 0.02 0.02
4 0.774833 0.707000 0.02 0.02
4 0.755333 0.693500 0.02 0.02
4 0.769000 0.693250 0.02 0.02
4 0.762833 0.678250 0.02 0.02
4 0.749167 0.678250 0.02 0.02
4 0.743667 0.663500 0.02 0.02
4 0.756833 0.663500 0.02 0.02
4 0.750167 0.648500 0.02 0.02
4 0.763500 0.647750 0.02 0.02
4 0.776167 0.648250 0.02 0.02
4 0.770167 0.662750 0.02 0.02
4 0.729667 0.633000 0.02 0.02
4 0.743833 0.633000 0.02 0.02
4 0.756667 0.633250 0.02 0.02
4 0.770167 0.631750 0.02 0.02
4 0.737000 0.619000 0.02 0.02
4 0.750833 0.619000 0.02 0.02
4 0.763500 0.617250 0.02 0.02
1 0.394833 0.681000 0.02 0.02
1 0.408000 0.680500 0.02 0.02
1 0.401500 0.696000 0.02 0.02
1 0.414667 0.696000 0.02 0.02
1 0.421333 0.681750 0.02 0.02
1 0.428000 0.697250 0.02 0.02
1 0.434167 0.682500 0.02 0.02
1 0.414333 0.666500 0.02 0.02
1 0.401167 0.666000 0.02 0.02
1 0.421500 0.711750 0.02 0.02
2 0.434333 0.711750 0.02 0.02
2 0.414500 0.726250 0.02 0.02
2 0.434667 0.740750 0.02 0.02
0 0.408333 0.741250 0.02 0.02
0 0.414667 0.755250 0.02 0.02
0 0.421167 0.771000 0.02 0.02
0 0.395167 0.770250 0.02 0.02
4 0.584333 0.263750 0.02 0.02
4 0.597333 0.264000 0.02 0.02
4 0.610833 0.263000 0.02 0.02
4 0.630000 0.277750 0.02 0.02
4 0.643000 0.278250 0.02 0.02
6 0.133333 0.548750 0.02 0.02
6 0.100000 0.560750 0.02 0.02
6 0.093333 0.545500 0.02 0.02
6 0.086333 0.529750 0.02 0.02
6 0.079667 0.513500 0.02 0.02
6 0.073333 0.496750 0.02 0.02
6 0.065667 0.480250 0.02 0.02
6 0.058500 0.462750 0.02 0.02
6 0.051000 0.445000 0.02 0.02
6 0.044500 0.428000 0.02 0.02
6 0.037333 0.412500 0.02 0.02
3 0.179167 0.567000 0.02 0.02
3 0.191833 0.568250 0.02 0.02
3 0.205000 0.569250 0.02 0.02
4 0.211833 0.584250 0.02 0.02
4 0.198167 0.583250 0.02 0.02
4 0.185500 0.583000 0.02 0.02
4 0.172333 0.582750 0.02 0.02
4 0.198833 0.552250 0.02 0.02
4 0.211667 0.552750 0.02 0.02
4 0.218500 0.568000 0.02 0.02
