3 0.471500 0.446250 0.02 0.02
3 0.539667 0.443500 0.02 0.02
3 0.505333 0.460250 0.02 0.02
3 0.500000 0.476250 0.02 0.02
3 0.608167 0.470750 0.02 0.02
3 0.600333 0.456000 0.02 0.02
6 0.758500 0.553250 0.02 0.02
6 0.771667 0.552000 0.02 0.02
6 0.784167 0.550500 0.02 0.02
6 0.798500 0.551250 0.02 0.02
6 0.812000 0.549000 0.02 0.02
6 0.805167 0.564750 0.02 0.02
6 0.826167 0.548250 0.02 0.02
6 0.839833 0.546000 0.02 0.02
6 0.847000 0.560500 0.02 0.02
6 0.839833 0.576250 0.02 0.02
6 0.847500 0.591000 0.02 0.02
4 0.703667 0.432750 0.02 0.02
4 0.710500 0.447500 0.02 0.02
4 0.718000 0.462000 0.02 0.02
4 0.724000 0.445500 0.02 0.02
4 0.683333 0.449750 0.02 0.02
4 0.697167 0.449250 0.02 0.02
