1 0.400500 0.487750 0.02 0.02
1 0.411167 0.543500 0.02 0.02
1 0.335500 0.596750 0.02 0.02
1 0.303000 0.596500 0.02 0.02
1 0.291833 0.595750 0.02 0.02
1 0.297500 0.611250 0.02 0.02
1 0.351500 0.610750 0.02 0.02
1 0.329500 0.613000 0.02 0.02
1 0.237833 0.594000 0.02 0.02
1 0.253667 0.609000 0.02 0.02
1 0.420000 0.133500 0.02 0.02
1 0.414667 0.147500 0.02 0.02
1 0.425167 0.148750 0.02 0.02
1 0.431167 0.134000 0.02 0.02
1 0.436167 0.148000 0.02 0.02
0 0.409333 0.161250 0.02 0.02
0 0.491333 0.149250 0.02 0.02
0 0.491833 0.120750 0.02 0.02
4 0.475667 0.105750 0.02 0.02
0 0.513500 0.121250 0.02 0.02
0 0.557000 0.121750 0.02 0.02
4 0.552500 0.107500 0.02 0.02
1 0.540833 0.135500 0.02 0.02
1 0.524333 0.149750 0.02 0.02
3 0.655833 0.096000 0.02 0.02
0 0.628167 0.108500 0.02 0.02
0 0.639500 0.108500 0.02 0.02
0 0.633667 0.122500 0.02 0.02
0 0.656000 0.124000 0.02 0.02
0 0.666000 0.123750 0.02 0.02
0 0.678000 0.123500 0.02 0.02
0 0.688667 0.124500 0.02 0.02
4 0.606500 0.107500 0.02 0.02
1 0.644167 0.153000 0.02 0.02
1 0.649333 0.168000 0.02 0.02
1 0.655333 0.181750 0.02 0.02
1 0.660000 0.196250 0.02 0.02
1 0.666000 0.211000 0.02 0.02
1 0.660833 0.225500 0.02 0.02
2 0.655500 0.239000 0.02 0.02
2 0.660000 0.253750 0.02 0.02
2 0.665000 0.269000 0.02 0.02
2 0.670833 0.283500 0.02 0.02
2 0.664167 0.298000 0.02 0.02
2 0.658833 0.310750 0.02 0.02
2 0.654000 0.325250 0.02 0.02
2 0.648333 0.338750 0.02 0.02
2 0.642500 0.353250 0.02 0.02
2 0.636500 0.366500 0.02 0.02
4 0.664000 0.381750 0.02 0.02
4 0.633167 0.268500 0.02 0.02
4 0.622167 0.266750 0.02 0.02
4 0.418167 0.334750 0.02 0.02
4 0.434000 0.377750 0.02 0.02
2 0.424000 0.321750 0.02 0.02
2 0.429167 0.309000 0.02 0.02
2 0.435500 0.293500 0.02 0.02
2 0.440667 0.280000 0.02 0.02
2 0.446000 0.265000 0.02 0.02
2 0.452167 0.251500 0.02 0.02
4 0.419333 0.249500 0.02 0.02
0 0.895333 0.245000 0.02 0.02
0 0.873000 0.244000 0.02 0.02
0 0.861667 0.243750 0.02 0.02
6 0.907000 0.244750 0.02 0.02
6 0.833167 0.630250 0.02 0.02
6 0.822833 0.631250 0.02 0.02
6 0.843500 0.630500 0.02 0.02
6 0.839667 0.616750 0.02 0.02
6 0.828667 0.618000 0.02 0.02
6 0.850000 0.617000 0.02 0.02
6 0.860167 0.616250 0.02 0.02
6 0.845500 0.603750 0.02 0.02
6 0.834833 0.604250 0.02 0.02
6 0.823500 0.605000 0.02 0.02
0 0.812667 0.604250 0.02 0.02
0 0.817333 0.617750 0.02 0.02
0 0.803000 0.604750 0.02 0.02
0 0.792167 0.605000 0.02 0.02
0 0.797333 0.591250 0.02 0.02
0 0.808500 0.591500 0.02 0.02
