0 0.544000 0.566500 0.02 0.02
0 0.565500 0.594000 0.02 0.02
0 0.582833 0.580750 0.02 0.02
0 0.599000 0.566750 0.02 0.02
0 0.604833 0.581250 0.02 0.02
0 0.610333 0.567250 0.02 0.02
0 0.538333 0.580750 0.02 0.02
2 0.516167 0.468500 0.02 0.02
2 0.521833 0.455500 0.02 0.02
2 0.527833 0.441000 0.02 0.02
2 0.534167 0.454750 0.02 0.02
2 0.517000 0.440250 0.02 0.02
2 0.506000 0.440000 0.02 0.02
2 0.495500 0.441750 0.02 0.02
2 0.501167 0.426750 0.02 0.02
2 0.494333 0.412500 0.02 0.02
2 0.500667 0.399000 0.02 0.02
2 0.495167 0.384000 0.02 0.02
4 0.168667 0.259000 0.02 0.02
4 0.173833 0.274500 0.02 0.02
4 0.179000 0.289500 0.02 0.02
4 0.167667 0.289500 0.02 0.02
4 0.157167 0.289000 0.02 0.02
4 0.163167 0.303250 0.02 0.02
4 0.173833 0.304250 0.02 0.02
4 0.168000 0.318000 0.02 0.02
4 0.157167 0.317000 0.02 0.02
4 0.162667 0.332250 0.02 0.02
4 0.174167 0.332750 0.02 0.02
3 0.140000 0.303500 0.02 0.02
3 0.134667 0.316750 0.02 0.02
3 0.140333 0.274500 0.02 0.02
3 0.145667 0.259500 0.02 0.02
3 0.157667 0.260500 0.02 0.02
3 0.128500 0.332000 0.02 0.02
3 0.122500 0.344750 0.02 0.02
3 0.134500 0.259250 0.02 0.02
3 0.156833 0.232000 0.02 0.02
4 0.162833 0.245250 0.02 0.02
6 0.349833 0.117000 0.02 0.02
6 0.355667 0.102250 0.02 0.02
6 0.367000 0.102250 0.02 0.02
6 0.378333 0.103000 0.02 0.02
6 0.372333 0.117500 0.02 0.02
6 0.383833 0.117250 0.02 0.02
6 0.366833 0.133000 0.02 0.02
6 0.372000 0.148750 0.02 0.02
4 0.390000 0.134250 0.02 0.02
