3 0.393333 0.230750 0.02 0.02
4 0.381000 0.230250 0.02 0.02
4 0.399000 0.213000 0.02 0.02
4 0.343500 0.262250 0.02 0.02
6 0.374833 0.247750 0.02 0.02
6 0.387167 0.246000 0.02 0.02
6 0.400333 0.247000 0.02 0.02
6 0.368500 0.263750 0.02 0.02
6 0.381167 0.263750 0.02 0.02
6 0.375500 0.280250 0.02 0.02
6 0.368833 0.231000 0.02 0.02
6 0.388000 0.279500 0.02 0.02
6 0.400833 0.280250 0.02 0.02
6 0.369333 0.296750 0.02 0.02
6 0.382667 0.297000 0.02 0.02
6 0.394667 0.295750 0.02 0.02
6 0.376667 0.311500 0.02 0.02
6 0.364167 0.312250 0.02 0.02
4 0.325000 0.278500 0.02 0.02
4 0.272167 0.217000 0.02 0.02
