3 0.565667 0.433500 0.02 0.02
4 0.554167 0.432500 0.02 0.02
4 0.554500 0.401000 0.02 0.02
4 0.577500 0.465250 0.02 0.02
4 0.442667 0.352250 0.02 0.02
4 0.454667 0.352750 0.02 0.02
4 0.448667 0.368500 0.02 0.02
6 0.135000 0.622750 0.02 0.02
6 0.145833 0.624750 0.02 0.02
6 0.158000 0.627500 0.02 0.02
6 0.169000 0.629500 0.02 0.02
4 0.181500 0.630500 0.02 0.02
4 0.192500 0.632750 0.02 0.02
4 0.204167 0.634500 0.02 0.02
6 0.215667 0.636750 0.02 0.02
6 0.227167 0.638250 0.02 0.02
6 0.238000 0.640500 0.02 0.02
4 0.250500 0.642750 0.02 0.02
6 0.199000 0.649750 0.02 0.02
6 0.193167 0.664750 0.02 0.02
6 0.187833 0.679250 0.02 0.02
6 0.176667 0.677750 0.02 0.02
6 0.164167 0.676250 0.02 0.02
6 0.122667 0.657000 0.02 0.02
6 0.110167 0.655750 0.02 0.02
6 0.098333 0.653750 0.02 0.02
6 0.088167 0.550000 0.02 0.02
4 0.100000 0.553000 0.02 0.02
4 0.110833 0.556250 0.02 0.02
6 0.105667 0.536000 0.02 0.02
6 0.095500 0.533250 0.02 0.02
4 0.083833 0.531000 0.02 0.02
4 0.090167 0.517000 0.02 0.02
4 0.083500 0.501000 0.02 0.02
4 0.089667 0.487750 0.02 0.02
4 0.095333 0.474250 0.02 0.02
4 0.101000 0.461750 0.02 0.02
4 0.107167 0.446250 0.02 0.02
6 0.117667 0.177250 0.02 0.02
6 0.123667 0.161000 0.02 0.02
6 0.136667 0.163500 0.02 0.02
6 0.129333 0.146500 0.02 0.02
4 0.142000 0.145750 0.02 0.02
3 0.674167 0.340500 0.02 0.02
4 0.641333 0.570000 0.02 0.02
4 0.605833 0.570750 0.02 0.02
