6 0.568833 0.118250 0.02 0.02
6 0.562000 0.134250 0.02 0.02
6 0.556333 0.150500 0.02 0.02
6 0.549667 0.167000 0.02 0.02
6 0.543667 0.182250 0.02 0.02
6 0.538500 0.198500 0.02 0.02
6 0.532333 0.215250 0.02 0.02
6 0.526167 0.231000 0.02 0.02
6 0.520333 0.247250 0.02 0.02
6 0.513833 0.262500 0.02 0.02
6 0.507833 0.278000 0.02 0.02
6 0.501000 0.293000 0.02 0.02
6 0.495333 0.308750 0.02 0.02
6 0.489167 0.323750 0.02 0.02
6 0.483167 0.338750 0.02 0.02
6 0.477333 0.354000 0.02 0.02
6 0.471833 0.368750 0.02 0.02
6 0.465333 0.385000 0.02 0.02
6 0.459333 0.399000 0.02 0.02
6 0.453333 0.414750 0.02 0.02
6 0.447667 0.430000 0.02 0.02
6 0.442167 0.445000 0.02 0.02
6 0.436333 0.460500 0.02 0.02
6 0.430167 0.476500 0.02 0.02
6 0.424167 0.489750 0.02 0.02
6 0.418167 0.506000 0.02 0.02
6 0.412667 0.520000 0.02 0.02
6 0.405833 0.536250 0.02 0.02
6 0.399167 0.551500 0.02 0.02
6 0.394000 0.565250 0.02 0.02
6 0.387500 0.580500 0.02 0.02
6 0.382167 0.595000 0.02 0.02
6 0.376167 0.609000 0.02 0.02
6 0.370333 0.624750 0.02 0.02
6 0.364000 0.640250 0.02 0.02
6 0.358833 0.654500 0.02 0.02
6 0.353000 0.668750 0.02 0.02
6 0.346833 0.682500 0.02 0.02
6 0.340667 0.698000 0.02 0.02
6 0.335500 0.714500 0.02 0.02
6 0.329667 0.729000 0.02 0.02
6 0.324500 0.743250 0.02 0.02
