2 0.406833 0.445500 0.02 0.02
2 0.417833 0.445750 0.02 0.02
2 0.412500 0.459500 0.02 0.02
2 0.429333 0.446250 0.02 0.02
2 0.441000 0.445750 0.02 0.02
2 0.423667 0.460000 0.02 0.02
2 0.434500 0.460000 0.02 0.02
2 0.445500 0.460500 0.02 0.02
2 0.452000 0.446000 0.02 0.02
2 0.418667 0.473000 0.02 0.02
2 0.429000 0.473750 0.02 0.02
2 0.440500 0.474750 0.02 0.02
2 0.423500 0.487750 0.02 0.02
2 0.434167 0.487750 0.02 0.02
2 0.428833 0.501500 0.02 0.02
4 0.200000 0.537000 0.02 0.02
4 0.183333 0.522000 0.02 0.02
4 0.177667 0.536250 0.02 0.02
4 0.183333 0.550500 0.02 0.02
4 0.172167 0.549500 0.02 0.02
4 0.155333 0.505750 0.02 0.02
4 0.150167 0.520500 0.02 0.02
4 0.143500 0.505750 0.02 0.02
4 0.138000 0.519250 0.02 0.02
3 0.166667 0.535000 0.02 0.02
4 0.127167 0.546000 0.02 0.02
4 0.172167 0.492750 0.02 0.02
4 0.137500 0.491500 0.02 0.02
6 0.189333 0.480000 0.02 0.02
6 0.178000 0.479000 0.02 0.02
6 0.166667 0.478000 0.02 0.02
6 0.155167 0.478000 0.02 0.02
6 0.183500 0.493000 0.02 0.02
6 0.189167 0.507750 0.02 0.02
6 0.206000 0.522250 0.02 0.02
6 0.222333 0.537500 0.02 0.02
3 0.144167 0.449250 0.02 0.02
4 0.155667 0.449500 0.02 0.02
4 0.161500 0.436250 0.02 0.02
4 0.126000 0.435500 0.02 0.02
3 0.113833 0.404750 0.02 0.02
1 0.218000 0.239000 0.02 0.02
2 0.268333 0.199000 0.02 0.02
2 0.273667 0.214000 0.02 0.02
2 0.279333 0.228000 0.02 0.02
2 0.285000 0.242250 0.02 0.02
6 0.808167 0.651750 0.02 0.02
6 0.802500 0.638250 0.02 0.02
6 0.797000 0.624250 0.02 0.02
6 0.785667 0.624500 0.02 0.02
6 0.808667 0.625000 0.02 0.02
6 0.819667 0.624250 0.02 0.02
6 0.752500 0.624750 0.02 0.02
6 0.735667 0.639500 0.02 0.02
6 0.718833 0.624500 0.02 0.02
6 0.713167 0.639750 0.02 0.02
6 0.702333 0.638250 0.02 0.02
2 0.713667 0.608750 0.02 0.02
2 0.708000 0.596250 0.02 0.02
2 0.702167 0.581500 0.02 0.02
2 0.696667 0.566750 0.02 0.02
2 0.691500 0.552500 0.02 0.02
2 0.686333 0.538000 0.02 0.02
2 0.680500 0.522750 0.02 0.02
3 0.870500 0.526500 0.02 0.02
3 0.881667 0.526000 0.02 0.02
3 0.864667 0.540250 0.02 0.02
3 0.887333 0.512250 0.02 0.02
4 0.893833 0.498500 0.02 0.02
4 0.906167 0.498250 0.02 0.02
4 0.877167 0.484500 0.02 0.02
6 0.899667 0.484250 0.02 0.02
4 0.814333 0.227250 0.02 0.02
4 0.810000 0.212500 0.02 0.02
4 0.787833 0.182250 0.02 0.02
4 0.776500 0.182500 0.02 0.02
4 0.770667 0.196250 0.02 0.02
