6 0.321667 0.287000 0.02 0.02
6 0.328333 0.301750 0.02 0.02
6 0.334667 0.318000 0.02 0.02
6 0.341167 0.333500 0.02 0.02
6 0.347167 0.351250 0.02 0.02
6 0.341167 0.369250 0.02 0.02
6 0.334833 0.386750 0.02 0.02
6 0.329000 0.404000 0.02 0.02
6 0.323000 0.421500 0.02 0.02
6 0.328833 0.439250 0.02 0.02
6 0.322667 0.455250 0.02 0.02
6 0.316500 0.473000 0.02 0.02
6 0.322500 0.489500 0.02 0.02
6 0.328000 0.506250 0.02 0.02
6 0.322500 0.522000 0.02 0.02
6 0.328333 0.540250 0.02 0.02
6 0.322167 0.554500 0.02 0.02
6 0.328167 0.571250 0.02 0.02
6 0.322000 0.586750 0.02 0.02
6 0.328667 0.603000 0.02 0.02
6 0.322000 0.618750 0.02 0.02
6 0.328333 0.635000 0.02 0.02
6 0.322333 0.649500 0.02 0.02
6 0.315833 0.665750 0.02 0.02
6 0.322000 0.681750 0.02 0.02
6 0.315833 0.697250 0.02 0.02
6 0.322167 0.713000 0.02 0.02
6 0.316000 0.728250 0.02 0.02
6 0.322167 0.743750 0.02 0.02
6 0.315667 0.758750 0.02 0.02
6 0.321167 0.774750 0.02 0.02
6 0.314833 0.789000 0.02 0.02
6 0.320833 0.804000 0.02 0.02
