1 0.477000 0.403250 0.02 0.02
1 0.465333 0.402000 0.02 0.02
1 0.437167 0.415750 0.02 0.02
1 0.442333 0.430250 0.02 0.02
1 0.459167 0.445250 0.02 0.02
1 0.448000 0.444750 0.02 0.02
1 0.442000 0.459000 0.02 0.02
1 0.447833 0.472750 0.02 0.02
1 0.458833 0.474000 0.02 0.02
1 0.409333 0.485250 0.02 0.02
1 0.430333 0.515000 0.02 0.02
1 0.441667 0.515000 0.02 0.02
1 0.452500 0.515500 0.02 0.02
1 0.469500 0.530750 0.02 0.02
1 0.469833 0.502000 0.02 0.02
2 0.441667 0.487000 0.02 0.02
2 0.414000 0.472000 0.02 0.02
2 0.469500 0.474250 0.02 0.02
2 0.475667 0.459750 0.02 0.02
2 0.481500 0.446000 0.02 0.02
2 0.487167 0.432250 0.02 0.02
2 0.492333 0.418750 0.02 0.02
2 0.497833 0.405250 0.02 0.02
2 0.504000 0.390000 0.02 0.02
2 0.510333 0.375250 0.02 0.02
2 0.516167 0.360500 0.02 0.02
3 0.435667 0.528500 0.02 0.02
3 0.446167 0.556750 0.02 0.02
3 0.441167 0.570250 0.02 0.02
3 0.451500 0.570750 0.02 0.02
3 0.457333 0.557750 0.02 0.02
3 0.469167 0.558500 0.02 0.02
3 0.435167 0.584750 0.02 0.02
3 0.445333 0.585750 0.02 0.02
3 0.457667 0.586250 0.02 0.02
3 0.452000 0.600000 0.02 0.02
3 0.446167 0.614000 0.02 0.02
3 0.435167 0.614000 0.02 0.02
3 0.440500 0.600250 0.02 0.02
3 0.429833 0.599500 0.02 0.02
3 0.423667 0.614500 0.02 0.02
3 0.412333 0.612000 0.02 0.02
3 0.418500 0.598500 0.02 0.02
3 0.407500 0.599000 0.02 0.02
3 0.402333 0.584500 0.02 0.02
3 0.395833 0.598750 0.02 0.02
3 0.397000 0.569250 0.02 0.02
3 0.391333 0.584000 0.02 0.02
3 0.379833 0.583500 0.02 0.02
3 0.385000 0.597750 0.02 0.02
3 0.352333 0.568000 0.02 0.02
2 0.374167 0.568750 0.02 0.02
2 0.290667 0.495500 0.02 0.02
2 0.302000 0.496250 0.02 0.02
2 0.195500 0.475750 0.02 0.02
2 0.201500 0.462250 0.02 0.02
1 0.189833 0.460500 0.02 0.02
1 0.179167 0.431250 0.02 0.02
2 0.189167 0.432750 0.02 0.02
0 0.212833 0.462750 0.02 0.02
6 0.236000 0.173000 0.02 0.02
6 0.225000 0.172250 0.02 0.02
6 0.231000 0.157500 0.02 0.02
6 0.213667 0.172000 0.02 0.02
6 0.242333 0.157000 0.02 0.02
6 0.202000 0.170250 0.02 0.02
3 0.196500 0.185750 0.02 0.02
3 0.185333 0.185250 0.02 0.02
3 0.179667 0.200500 0.02 0.02
3 0.173833 0.216250 0.02 0.02
4 0.145667 0.138000 0.02 0.02
4 0.122333 0.102500 0.02 0.02
4 0.110167 0.104250 0.02 0.02
6 0.086000 0.195250 0.02 0.02
4 0.093000 0.239500 0.02 0.02
4 0.117167 0.241500 0.02 0.02
4 0.111667 0.254750 0.02 0.02
0 0.616500 0.420000 0.02 0.02
0 0.633000 0.406000 0.02 0.02
0 0.628167 0.420500 0.02 0.02
0 0.621333 0.434250 0.02 0.02
0 0.609833 0.434750 0.02 0.02
0 0.649500 0.449000 0.02 0.02
0 0.660333 0.449500 0.02 0.02
0 0.671667 0.449500 0.02 0.02
0 0.666500 0.435250 0.02 0.02
0 0.655167 0.434750 0.02 0.02
0 0.644500 0.434750 0.02 0.02
0 0.650000 0.421500 0.02 0.02
0 0.661500 0.420500 0.02 0.02
0 0.661667 0.392500 0.02 0.02
0 0.666833 0.378000 0.02 0.02
0 0.673000 0.364250 0.02 0.02
0 0.678500 0.350000 0.02 0.02
0 0.619000 0.214000 0.02 0.02
0 0.630167 0.214500 0.02 0.02
0 0.641500 0.215250 0.02 0.02
6 0.733833 0.090000 0.02 0.02
6 0.744500 0.089500 0.02 0.02
6 0.750000 0.108000 0.02 0.02
6 0.756000 0.093000 0.02 0.02
6 0.771000 0.107750 0.02 0.02
6 0.783333 0.108750 0.02 0.02
6 0.765833 0.123750 0.02 0.02
