3 0.273000 0.487000 0.02 0.02
0 0.284500 0.487000 0.02 0.02
0 0.296333 0.488000 0.02 0.02
0 0.301667 0.472750 0.02 0.02
0 0.290167 0.472500 0.02 0.02
0 0.279333 0.472250 0.02 0.02
0 0.273500 0.458000 0.02 0.02
0 0.262333 0.458500 0.02 0.02
0 0.285167 0.457750 0.02 0.02
0 0.296000 0.457500 0.02 0.02
0 0.307500 0.457750 0.02 0.02
0 0.319667 0.457000 0.02 0.02
0 0.314000 0.472750 0.02 0.02
0 0.308167 0.486500 0.02 0.02
0 0.302000 0.501250 0.02 0.02
6 0.262000 0.487000 0.02 0.02
6 0.249667 0.487500 0.02 0.02
6 0.238833 0.488000 0.02 0.02
6 0.256500 0.501250 0.02 0.02
6 0.244333 0.502000 0.02 0.02
6 0.232167 0.501500 0.02 0.02
6 0.226833 0.487500 0.02 0.02
6 0.220000 0.501250 0.02 0.02
6 0.215333 0.516750 0.02 0.02
6 0.210333 0.530000 0.02 0.02
6 0.204000 0.545000 0.02 0.02
6 0.198333 0.558000 0.02 0.02
3 0.198000 0.530750 0.02 0.02
0 0.325333 0.442750 0.02 0.02
0 0.313500 0.443250 0.02 0.02
0 0.302500 0.443000 0.02 0.02
2 0.336667 0.442750 0.02 0.02
2 0.383833 0.443750 0.02 0.02
2 0.377333 0.428250 0.02 0.02
4 0.360500 0.413000 0.02 0.02
0 0.372000 0.412500 0.02 0.02
2 0.377667 0.398250 0.02 0.02
2 0.383167 0.384500 0.02 0.02
2 0.395167 0.384000 0.02 0.02
2 0.400500 0.399000 0.02 0.02
2 0.394333 0.413750 0.02 0.02
2 0.441167 0.354250 0.02 0.02
2 0.464333 0.323500 0.02 0.02
2 0.492500 0.279500 0.02 0.02
2 0.731000 0.233250 0.02 0.02
2 0.737000 0.218250 0.02 0.02
2 0.748167 0.217500 0.02 0.02
2 0.754167 0.203500 0.02 0.02
3 0.807833 0.155750 0.02 0.02
3 0.813833 0.170250 0.02 0.02
3 0.820167 0.155750 0.02 0.02
3 0.778833 0.140500 0.02 0.02
6 0.814000 0.140500 0.02 0.02
6 0.802167 0.139750 0.02 0.02
6 0.807500 0.123750 0.02 0.02
6 0.813667 0.109750 0.02 0.02
6 0.824833 0.109500 0.02 0.02
1 0.649333 0.172500 0.02 0.02
1 0.637667 0.172750 0.02 0.02
1 0.626500 0.171250 0.02 0.02
1 0.620833 0.157000 0.02 0.02
1 0.609667 0.158500 0.02 0.02
1 0.499000 0.143750 0.02 0.02
1 0.400000 0.128750 0.02 0.02
