4 0.401000 0.506000 0.02 0.02
4 0.413833 0.505250 0.02 0.02
4 0.425833 0.504250 0.02 0.02
4 0.432833 0.490000 0.02 0.02
4 0.420667 0.490750 0.02 0.02
4 0.394667 0.490250 0.02 0.02
4 0.382167 0.489000 0.02 0.02
4 0.394500 0.521000 0.02 0.02
4 0.436667 0.534250 0.02 0.02
4 0.444167 0.519500 0.02 0.02
4 0.421167 0.460000 0.02 0.02
4 0.427667 0.445000 0.02 0.02
4 0.408333 0.460750 0.02 0.02
4 0.395000 0.460750 0.02 0.02
4 0.395167 0.430750 0.02 0.02
3 0.414500 0.445500 0.02 0.02
3 0.363000 0.474500 0.02 0.02
3 0.408000 0.490250 0.02 0.02
3 0.362500 0.535500 0.02 0.02
3 0.375167 0.535250 0.02 0.02
3 0.406333 0.549500 0.02 0.02
3 0.412333 0.565750 0.02 0.02
3 0.388500 0.565000 0.02 0.02
3 0.394167 0.580000 0.02 0.02
3 0.379667 0.638500 0.02 0.02
3 0.348167 0.652250 0.02 0.02
3 0.286667 0.651750 0.02 0.02
3 0.299500 0.652250 0.02 0.02
3 0.280667 0.636250 0.02 0.02
6 0.195667 0.573750 0.02 0.02
6 0.115667 0.591500 0.02 0.02
6 0.092000 0.590500 0.02 0.02
6 0.079667 0.590750 0.02 0.02
6 0.061833 0.605000 0.02 0.02
6 0.066833 0.620750 0.02 0.02
6 0.077833 0.649500 0.02 0.02
6 0.064667 0.677250 0.02 0.02
6 0.090833 0.680250 0.02 0.02
6 0.076833 0.708500 0.02 0.02
6 0.103000 0.711250 0.02 0.02
6 0.121667 0.666500 0.02 0.02
3 0.128333 0.652250 0.02 0.02
3 0.305000 0.579500 0.02 0.02
3 0.336167 0.594750 0.02 0.02
3 0.323667 0.565250 0.02 0.02
3 0.336167 0.623500 0.02 0.02
3 0.329667 0.608500 0.02 0.02
3 0.293500 0.520500 0.02 0.02
3 0.261500 0.536500 0.02 0.02
4 0.365833 0.355000 0.02 0.02
4 0.371500 0.339000 0.02 0.02
4 0.346000 0.339250 0.02 0.02
4 0.339000 0.323000 0.02 0.02
4 0.384833 0.307000 0.02 0.02
4 0.397167 0.338500 0.02 0.02
4 0.358333 0.307500 0.02 0.02
3 0.416333 0.260500 0.02 0.02
