4 0.181833 0.235500 0.02 0.02
4 0.193333 0.235250 0.02 0.02
4 0.205333 0.236000 0.02 0.02
4 0.217167 0.237000 0.02 0.02
4 0.229333 0.237000 0.02 0.02
4 0.240833 0.238750 0.02 0.02
4 0.253000 0.239000 0.02 0.02
4 0.265333 0.239750 0.02 0.02
4 0.277333 0.240000 0.02 0.02
4 0.289167 0.239500 0.02 0.02
2 0.289000 0.272500 0.02 0.02
2 0.252833 0.301250 0.02 0.02
2 0.258833 0.316750 0.02 0.02
3 0.258667 0.346250 0.02 0.02
3 0.252000 0.361500 0.02 0.02
3 0.222333 0.314750 0.02 0.02
3 0.192167 0.297250 0.02 0.02
3 0.180333 0.328250 0.02 0.02
3 0.173167 0.343500 0.02 0.02
3 0.186000 0.343750 0.02 0.02
3 0.174500 0.312000 0.02 0.02
3 0.186500 0.281750 0.02 0.02
3 0.216833 0.269250 0.02 0.02
3 0.233167 0.405500 0.02 0.02
3 0.245833 0.406250 0.02 0.02
3 0.227333 0.419000 0.02 0.02
3 0.226667 0.449000 0.02 0.02
3 0.214667 0.448500 0.02 0.02
3 0.232667 0.463750 0.02 0.02
3 0.226333 0.477500 0.02 0.02
3 0.214000 0.476750 0.02 0.02
3 0.202333 0.476500 0.02 0.02
3 0.196167 0.491000 0.02 0.02
3 0.208333 0.491750 0.02 0.02
3 0.232333 0.493000 0.02 0.02
3 0.238833 0.478500 0.02 0.02
3 0.244167 0.493500 0.02 0.02
3 0.250667 0.477750 0.02 0.02
3 0.256500 0.464250 0.02 0.02
3 0.268833 0.464500 0.02 0.02
3 0.262667 0.478500 0.02 0.02
3 0.184000 0.461750 0.02 0.02
3 0.178500 0.446500 0.02 0.02
3 0.160500 0.431750 0.02 0.02
3 0.154333 0.417000 0.02 0.02
3 0.148500 0.401750 0.02 0.02
3 0.147500 0.459000 0.02 0.02
3 0.142500 0.474250 0.02 0.02
3 0.148333 0.487750 0.02 0.02
3 0.154333 0.503750 0.02 0.02
3 0.148333 0.517500 0.02 0.02
3 0.142500 0.532500 0.02 0.02
3 0.154500 0.533250 0.02 0.02
3 0.166000 0.534000 0.02 0.02
3 0.172167 0.519500 0.02 0.02
3 0.159833 0.548500 0.02 0.02
3 0.148500 0.547750 0.02 0.02
3 0.178167 0.563750 0.02 0.02
3 0.184000 0.550000 0.02 0.02
3 0.172167 0.577750 0.02 0.02
3 0.160667 0.578000 0.02 0.02
3 0.183500 0.578750 0.02 0.02
3 0.195500 0.580500 0.02 0.02
3 0.177167 0.593500 0.02 0.02
3 0.189667 0.593750 0.02 0.02
3 0.183167 0.608000 0.02 0.02
3 0.188333 0.622500 0.02 0.02
3 0.194000 0.637500 0.02 0.02
3 0.200500 0.623000 0.02 0.02
3 0.207167 0.609250 0.02 0.02
3 0.188500 0.652000 0.02 0.02
3 0.200500 0.652750 0.02 0.02
3 0.212167 0.653750 0.02 0.02
3 0.170500 0.635250 0.02 0.02
3 0.164167 0.621000 0.02 0.02
3 0.147667 0.605500 0.02 0.02
3 0.224500 0.623750 0.02 0.02
3 0.236667 0.624750 0.02 0.02
3 0.248500 0.624250 0.02 0.02
3 0.261167 0.624500 0.02 0.02
3 0.242500 0.637750 0.02 0.02
3 0.254833 0.638750 0.02 0.02
3 0.236667 0.652000 0.02 0.02
3 0.248500 0.652000 0.02 0.02
3 0.267167 0.610500 0.02 0.02
3 0.273500 0.596750 0.02 0.02
2 0.207833 0.550750 0.02 0.02
2 0.226167 0.507250 0.02 0.02
2 0.320667 0.568000 0.02 0.02
2 0.327000 0.583000 0.02 0.02
2 0.331667 0.597250 0.02 0.02
2 0.343833 0.597000 0.02 0.02
2 0.350000 0.583250 0.02 0.02
2 0.339167 0.525750 0.02 0.02
2 0.368333 0.569500 0.02 0.02
2 0.380000 0.570250 0.02 0.02
2 0.391833 0.571750 0.02 0.02
2 0.386000 0.584250 0.02 0.02
2 0.397667 0.585000 0.02 0.02
4 0.770000 0.335000 0.02 0.02
4 0.781333 0.335000 0.02 0.02
4 0.793667 0.335000 0.02 0.02
4 0.805667 0.335250 0.02 0.02
4 0.817500 0.336000 0.02 0.02
4 0.829500 0.335500 0.02 0.02
4 0.842000 0.336250 0.02 0.02
4 0.854167 0.336000 0.02 0.02
4 0.799500 0.320250 0.02 0.02
4 0.812000 0.321000 0.02 0.02
4 0.824000 0.320500 0.02 0.02
4 0.818500 0.306250 0.02 0.02
4 0.795000 0.304750 0.02 0.02
4 0.801833 0.291000 0.02 0.02
4 0.824000 0.290250 0.02 0.02
4 0.813833 0.290500 0.02 0.02
4 0.811167 0.351000 0.02 0.02
4 0.823333 0.351500 0.02 0.02
4 0.834500 0.350000 0.02 0.02
4 0.836500 0.319750 0.02 0.02
4 0.830500 0.304500 0.02 0.02
2 0.668833 0.319250 0.02 0.02
2 0.679833 0.319000 0.02 0.02
2 0.692667 0.319250 0.02 0.02
2 0.704667 0.319000 0.02 0.02
3 0.352500 0.379750 0.02 0.02
