6 0.398667 0.583000 0.02 0.02
6 0.375833 0.583000 0.02 0.02
6 0.352667 0.584250 0.02 0.02
6 0.363500 0.553500 0.02 0.02
6 0.375333 0.553750 0.02 0.02
6 0.387333 0.553500 0.02 0.02
6 0.358333 0.569000 0.02 0.02
6 0.364667 0.584250 0.02 0.02
6 0.317000 0.583000 0.02 0.02
6 0.311333 0.569000 0.02 0.02
6 0.305167 0.554000 0.02 0.02
6 0.293500 0.553750 0.02 0.02
6 0.299500 0.539000 0.02 0.02
6 0.275333 0.507500 0.02 0.02
6 0.281167 0.523250 0.02 0.02
6 0.286833 0.508250 0.02 0.02
6 0.292833 0.523250 0.02 0.02
6 0.329000 0.583750 0.02 0.02
6 0.340667 0.583500 0.02 0.02
