4 0.488000 0.353750 0.02 0.02
4 0.500333 0.324750 0.02 0.02
4 0.488500 0.324000 0.02 0.02
4 0.482000 0.308500 0.02 0.02
4 0.476333 0.294250 0.02 0.02
4 0.470333 0.279250 0.02 0.02
4 0.464167 0.263000 0.02 0.02
4 0.458167 0.246000 0.02 0.02
6 0.416167 0.129250 0.02 0.02
6 0.427667 0.130750 0.02 0.02
6 0.417167 0.108750 0.02 0.02
6 0.427833 0.106750 0.02 0.02
6 0.440333 0.108750 0.02 0.02
6 0.146167 0.653000 0.02 0.02
6 0.158000 0.652750 0.02 0.02
6 0.135000 0.653250 0.02 0.02
6 0.129500 0.667750 0.02 0.02
6 0.141167 0.668500 0.02 0.02
6 0.152333 0.668500 0.02 0.02
6 0.163667 0.669750 0.02 0.02
6 0.169000 0.653500 0.02 0.02
3 0.552667 0.247500 0.02 0.02
