2 0.287667 0.320500 0.02 0.02
2 0.293167 0.306750 0.02 0.02
2 0.304167 0.305750 0.02 0.02
2 0.310167 0.292000 0.02 0.02
2 0.315667 0.277750 0.02 0.02
2 0.321667 0.261750 0.02 0.02
2 0.332667 0.262500 0.02 0.02
2 0.338333 0.248250 0.02 0.02
2 0.332167 0.232000 0.02 0.02
3 0.669000 0.528500 0.02 0.02
3 0.646500 0.556250 0.02 0.02
3 0.641000 0.570000 0.02 0.02
3 0.668333 0.585250 0.02 0.02
3 0.714000 0.557500 0.02 0.02
3 0.730333 0.571250 0.02 0.02
4 0.742000 0.543500 0.02 0.02
3 0.758500 0.529500 0.02 0.02
4 0.770000 0.529750 0.02 0.02
3 0.775667 0.515000 0.02 0.02
3 0.781167 0.529750 0.02 0.02
6 0.787000 0.515250 0.02 0.02
6 0.793000 0.501000 0.02 0.02
6 0.799500 0.487750 0.02 0.02
3 0.793833 0.473000 0.02 0.02
3 0.782833 0.473500 0.02 0.02
3 0.777500 0.459000 0.02 0.02
3 0.800333 0.458750 0.02 0.02
4 0.805167 0.473750 0.02 0.02
4 0.816833 0.472500 0.02 0.02
4 0.822500 0.458750 0.02 0.02
4 0.817667 0.444500 0.02 0.02
4 0.805500 0.444250 0.02 0.02
6 0.812167 0.458250 0.02 0.02
6 0.812333 0.429750 0.02 0.02
6 0.800833 0.429500 0.02 0.02
6 0.795500 0.415000 0.02 0.02
3 0.778167 0.429750 0.02 0.02
3 0.789000 0.429750 0.02 0.02
4 0.806500 0.415000 0.02 0.02
4 0.817667 0.415000 0.02 0.02
4 0.823333 0.400750 0.02 0.02
4 0.829500 0.386500 0.02 0.02
4 0.835167 0.373000 0.02 0.02
4 0.841167 0.358500 0.02 0.02
4 0.847500 0.344500 0.02 0.02
4 0.835667 0.344000 0.02 0.02
4 0.842000 0.330000 0.02 0.02
4 0.853333 0.328750 0.02 0.02
3 0.818167 0.386000 0.02 0.02
3 0.806833 0.386250 0.02 0.02
3 0.801167 0.373000 0.02 0.02
3 0.789333 0.373000 0.02 0.02
4 0.865667 0.358250 0.02 0.02
4 0.848167 0.315250 0.02 0.02
4 0.843000 0.300250 0.02 0.02
4 0.854833 0.299500 0.02 0.02
4 0.866667 0.299750 0.02 0.02
4 0.860000 0.315000 0.02 0.02
4 0.886833 0.284250 0.02 0.02
4 0.855500 0.269000 0.02 0.02
4 0.868167 0.269500 0.02 0.02
4 0.880500 0.270250 0.02 0.02
4 0.873500 0.255000 0.02 0.02
6 0.907833 0.683750 0.02 0.02
6 0.897000 0.684750 0.02 0.02
6 0.891667 0.671000 0.02 0.02
6 0.886833 0.657250 0.02 0.02
6 0.880833 0.641750 0.02 0.02
6 0.874667 0.626000 0.02 0.02
6 0.868500 0.612750 0.02 0.02
6 0.859000 0.614000 0.02 0.02
6 0.853500 0.601250 0.02 0.02
6 0.848167 0.585750 0.02 0.02
6 0.841833 0.571250 0.02 0.02
6 0.836667 0.558000 0.02 0.02
6 0.831667 0.543250 0.02 0.02
6 0.826167 0.529250 0.02 0.02
3 0.819833 0.542750 0.02 0.02
3 0.815667 0.501500 0.02 0.02
3 0.827000 0.501250 0.02 0.02
6 0.822000 0.488250 0.02 0.02
4 0.828000 0.472500 0.02 0.02
2 0.546333 0.470250 0.02 0.02
2 0.557333 0.470500 0.02 0.02
2 0.568333 0.471750 0.02 0.02
2 0.580000 0.471250 0.02 0.02
2 0.574500 0.456750 0.02 0.02
