6 0.386667 0.443250 0.02 0.02
6 0.374167 0.413000 0.02 0.02
6 0.360667 0.382000 0.02 0.02
6 0.347500 0.351000 0.02 0.02
6 0.335333 0.318750 0.02 0.02
6 0.322333 0.287500 0.02 0.02
6 0.310167 0.255000 0.02 0.02
6 0.304667 0.304000 0.02 0.02
6 0.305833 0.335250 0.02 0.02
6 0.306333 0.367750 0.02 0.02
6 0.307333 0.398500 0.02 0.02
6 0.308167 0.429500 0.02 0.02
6 0.308333 0.460500 0.02 0.02
6 0.309333 0.489500 0.02 0.02
6 0.308667 0.519500 0.02 0.02
6 0.308333 0.549750 0.02 0.02
6 0.308000 0.578500 0.02 0.02
6 0.308167 0.607250 0.02 0.02
6 0.308167 0.636000 0.02 0.02
6 0.307667 0.664750 0.02 0.02
6 0.399167 0.473750 0.02 0.02
6 0.411167 0.503000 0.02 0.02
6 0.423500 0.532750 0.02 0.02
6 0.435500 0.562000 0.02 0.02
6 0.446667 0.591750 0.02 0.02
6 0.459333 0.621000 0.02 0.02
6 0.470667 0.650000 0.02 0.02
6 0.481833 0.677500 0.02 0.02
6 0.494000 0.706000 0.02 0.02
6 0.506333 0.733500 0.02 0.02
6 0.518500 0.760250 0.02 0.02
6 0.530500 0.788000 0.02 0.02
6 0.542167 0.816000 0.02 0.02
