6 0.329000 0.529750 0.02 0.02
6 0.335167 0.515500 0.02 0.02
6 0.341333 0.500750 0.02 0.02
6 0.347333 0.486750 0.02 0.02
6 0.353500 0.472000 0.02 0.02
6 0.360167 0.456500 0.02 0.02
6 0.365833 0.471500 0.02 0.02
6 0.371500 0.456750 0.02 0.02
6 0.365833 0.442000 0.02 0.02
6 0.378000 0.442000 0.02 0.02
6 0.373000 0.426250 0.02 0.02
6 0.384167 0.427500 0.02 0.02
6 0.322833 0.543000 0.02 0.02
6 0.317167 0.557500 0.02 0.02
6 0.312333 0.571500 0.02 0.02
6 0.317500 0.587000 0.02 0.02
6 0.323000 0.601750 0.02 0.02
6 0.317333 0.616000 0.02 0.02
6 0.305333 0.645750 0.02 0.02
6 0.298500 0.661250 0.02 0.02
6 0.287833 0.662000 0.02 0.02
6 0.269333 0.706500 0.02 0.02
6 0.236000 0.734750 0.02 0.02
6 0.179333 0.759750 0.02 0.02
6 0.156167 0.759000 0.02 0.02
6 0.115000 0.745000 0.02 0.02
6 0.102500 0.715500 0.02 0.02
6 0.079833 0.684250 0.02 0.02
6 0.946833 0.608750 0.02 0.02
6 0.940500 0.624750 0.02 0.02
6 0.934333 0.639500 0.02 0.02
6 0.923500 0.639250 0.02 0.02
6 0.911667 0.639500 0.02 0.02
6 0.900833 0.640250 0.02 0.02
6 0.889167 0.639750 0.02 0.02
6 0.877000 0.638750 0.02 0.02
6 0.847500 0.622500 0.02 0.02
6 0.836500 0.590250 0.02 0.02
6 0.801333 0.528500 0.02 0.02
6 0.587000 0.508000 0.02 0.02
6 0.580667 0.522500 0.02 0.02
6 0.574500 0.537750 0.02 0.02
6 0.568333 0.552500 0.02 0.02
