3 0.445333 0.461750 0.02 0.02
3 0.481833 0.401500 0.02 0.02
3 0.464833 0.385750 0.02 0.02
3 0.411667 0.368250 0.02 0.02
3 0.388167 0.368000 0.02 0.02
3 0.370500 0.352750 0.02 0.02
3 0.447833 0.307250 0.02 0.02
3 0.460667 0.277250 0.02 0.02
3 0.466500 0.261750 0.02 0.02
3 0.472500 0.277250 0.02 0.02
3 0.478000 0.291750 0.02 0.02
3 0.483833 0.308250 0.02 0.02
3 0.477167 0.324000 0.02 0.02
3 0.501500 0.293250 0.02 0.02
3 0.514000 0.261750 0.02 0.02
3 0.508333 0.247250 0.02 0.02
3 0.502667 0.230750 0.02 0.02
3 0.555667 0.246500 0.02 0.02
3 0.554833 0.279000 0.02 0.02
3 0.590000 0.278750 0.02 0.02
3 0.602000 0.279750 0.02 0.02
3 0.613167 0.311000 0.02 0.02
3 0.630667 0.327250 0.02 0.02
3 0.642667 0.327500 0.02 0.02
3 0.624500 0.342750 0.02 0.02
3 0.631333 0.296750 0.02 0.02
3 0.324667 0.259000 0.02 0.02
3 0.342000 0.274250 0.02 0.02
6 0.336667 0.258500 0.02 0.02
6 0.342167 0.243250 0.02 0.02
6 0.336333 0.227500 0.02 0.02
6 0.324500 0.227000 0.02 0.02
6 0.330833 0.212500 0.02 0.02
6 0.343167 0.212250 0.02 0.02
6 0.325000 0.196000 0.02 0.02
6 0.318833 0.177000 0.02 0.02
6 0.331000 0.177000 0.02 0.02
6 0.324333 0.161500 0.02 0.02
6 0.330667 0.149500 0.02 0.02
6 0.319333 0.149000 0.02 0.02
3 0.301000 0.194750 0.02 0.02
3 0.582000 0.449500 0.02 0.02
3 0.600167 0.435500 0.02 0.02
3 0.606500 0.388500 0.02 0.02
3 0.582667 0.388000 0.02 0.02
3 0.628667 0.450500 0.02 0.02
