1 0.303833 0.214250 0.02 0.02
1 0.315500 0.214500 0.02 0.02
1 0.297667 0.229500 0.02 0.02
1 0.309333 0.230000 0.02 0.02
1 0.321167 0.230500 0.02 0.02
1 0.291333 0.244500 0.02 0.02
1 0.280333 0.244500 0.02 0.02
1 0.274167 0.259500 0.02 0.02
1 0.279833 0.274750 0.02 0.02
1 0.262500 0.259000 0.02 0.02
1 0.256833 0.243000 0.02 0.02
1 0.244667 0.273500 0.02 0.02
1 0.250500 0.288500 0.02 0.02
1 0.227333 0.287750 0.02 0.02
1 0.221500 0.272500 0.02 0.02
4 0.251333 0.228250 0.02 0.02
4 0.239833 0.226750 0.02 0.02
4 0.245333 0.243000 0.02 0.02
4 0.233833 0.242000 0.02 0.02
4 0.256833 0.212500 0.02 0.02
4 0.245833 0.211750 0.02 0.02
4 0.234000 0.211000 0.02 0.02
4 0.251167 0.196250 0.02 0.02
4 0.240000 0.195750 0.02 0.02
4 0.228500 0.195250 0.02 0.02
4 0.234500 0.179250 0.02 0.02
4 0.246500 0.180750 0.02 0.02
4 0.257667 0.180500 0.02 0.02
3 0.222667 0.179750 0.02 0.02
3 0.228167 0.163250 0.02 0.02
3 0.240500 0.164000 0.02 0.02
3 0.274500 0.198250 0.02 0.02
3 0.227667 0.226500 0.02 0.02
3 0.150833 0.239750 0.02 0.02
3 0.138500 0.239000 0.02 0.02
3 0.582667 0.251500 0.02 0.02
3 0.554333 0.236500 0.02 0.02
3 0.659833 0.205750 0.02 0.02
3 0.648333 0.205500 0.02 0.02
3 0.724333 0.188500 0.02 0.02
3 0.770333 0.191250 0.02 0.02
3 0.806167 0.417500 0.02 0.02
3 0.811667 0.432750 0.02 0.02
3 0.834667 0.431250 0.02 0.02
3 0.876167 0.444750 0.02 0.02
3 0.886333 0.504250 0.02 0.02
3 0.898500 0.504000 0.02 0.02
3 0.911167 0.503750 0.02 0.02
3 0.904000 0.519500 0.02 0.02
3 0.897500 0.534750 0.02 0.02
3 0.891167 0.548750 0.02 0.02
3 0.884667 0.563250 0.02 0.02
4 0.892000 0.519250 0.02 0.02
4 0.885167 0.534000 0.02 0.02
4 0.879333 0.518750 0.02 0.02
4 0.874167 0.533000 0.02 0.02
4 0.879000 0.548000 0.02 0.02
4 0.872833 0.562750 0.02 0.02
4 0.878333 0.579000 0.02 0.02
4 0.866833 0.577000 0.02 0.02
4 0.872833 0.591750 0.02 0.02
4 0.878500 0.607250 0.02 0.02
4 0.872000 0.620250 0.02 0.02
3 0.866167 0.634250 0.02 0.02
3 0.859000 0.648000 0.02 0.02
3 0.834333 0.674500 0.02 0.02
3 0.823167 0.646250 0.02 0.02
3 0.816500 0.659750 0.02 0.02
3 0.805167 0.660500 0.02 0.02
3 0.787500 0.673750 0.02 0.02
3 0.805667 0.632750 0.02 0.02
3 0.794333 0.632750 0.02 0.02
3 0.788167 0.646250 0.02 0.02
3 0.783167 0.633000 0.02 0.02
3 0.766000 0.619000 0.02 0.02
3 0.783333 0.603750 0.02 0.02
3 0.812500 0.590000 0.02 0.02
1 0.801667 0.562500 0.02 0.02
3 0.802833 0.534000 0.02 0.02
3 0.791333 0.533750 0.02 0.02
1 0.798667 0.490750 0.02 0.02
3 0.816167 0.475500 0.02 0.02
4 0.822333 0.461250 0.02 0.02
4 0.805833 0.446750 0.02 0.02
4 0.817667 0.446250 0.02 0.02
4 0.823500 0.432000 0.02 0.02
2 0.781833 0.447250 0.02 0.02
2 0.787333 0.461000 0.02 0.02
2 0.776167 0.461500 0.02 0.02
2 0.781500 0.476000 0.02 0.02
2 0.787000 0.491000 0.02 0.02
2 0.776000 0.490000 0.02 0.02
2 0.781000 0.505500 0.02 0.02
2 0.792500 0.504750 0.02 0.02
1 0.769500 0.504750 0.02 0.02
1 0.411833 0.412500 0.02 0.02
1 0.406333 0.397750 0.02 0.02
1 0.400333 0.383250 0.02 0.02
1 0.411833 0.382500 0.02 0.02
1 0.423667 0.382000 0.02 0.02
1 0.434667 0.383000 0.02 0.02
1 0.395000 0.397000 0.02 0.02
1 0.377167 0.410750 0.02 0.02
2 0.383000 0.397000 0.02 0.02
2 0.388500 0.411250 0.02 0.02
2 0.394333 0.428250 0.02 0.02
2 0.405667 0.427500 0.02 0.02
1 0.429167 0.367250 0.02 0.02
1 0.435000 0.352500 0.02 0.02
1 0.430000 0.338000 0.02 0.02
1 0.447500 0.322750 0.02 0.02
1 0.452500 0.337750 0.02 0.02
1 0.458500 0.353000 0.02 0.02
1 0.470000 0.352500 0.02 0.02
1 0.463833 0.368500 0.02 0.02
1 0.452500 0.368000 0.02 0.02
1 0.446500 0.353250 0.02 0.02
1 0.440833 0.368000 0.02 0.02
2 0.412000 0.353250 0.02 0.02
1 0.202500 0.463750 0.02 0.02
1 0.214000 0.463750 0.02 0.02
1 0.225000 0.465250 0.02 0.02
1 0.219500 0.450250 0.02 0.02
1 0.208667 0.448750 0.02 0.02
1 0.196833 0.448750 0.02 0.02
1 0.191333 0.463000 0.02 0.02
1 0.179500 0.462750 0.02 0.02
1 0.185333 0.477000 0.02 0.02
1 0.190833 0.491750 0.02 0.02
1 0.201833 0.492000 0.02 0.02
1 0.173667 0.447500 0.02 0.02
1 0.179167 0.433250 0.02 0.02
1 0.190833 0.434750 0.02 0.02
1 0.196500 0.419750 0.02 0.02
1 0.173500 0.419250 0.02 0.02
1 0.168167 0.432750 0.02 0.02
1 0.179833 0.404000 0.02 0.02
1 0.191333 0.404750 0.02 0.02
1 0.197167 0.390250 0.02 0.02
1 0.186000 0.390000 0.02 0.02
1 0.191833 0.375250 0.02 0.02
1 0.203000 0.376000 0.02 0.02
0 0.163000 0.359250 0.02 0.02
0 0.150333 0.359250 0.02 0.02
0 0.157000 0.374500 0.02 0.02
0 0.192167 0.346000 0.02 0.02
0 0.198500 0.332000 0.02 0.02
0 0.174833 0.301000 0.02 0.02
0 0.198333 0.301500 0.02 0.02
0 0.209667 0.301750 0.02 0.02
0 0.187000 0.301250 0.02 0.02
0 0.215667 0.287500 0.02 0.02
0 0.227833 0.257250 0.02 0.02
