6 0.544333 0.364000 0.02 0.02
6 0.538000 0.348750 0.02 0.02
6 0.532167 0.332250 0.02 0.02
6 0.525333 0.318500 0.02 0.02
6 0.518833 0.303000 0.02 0.02
6 0.511500 0.287500 0.02 0.02
6 0.504833 0.271500 0.02 0.02
6 0.498000 0.256000 0.02 0.02
6 0.491833 0.240000 0.02 0.02
6 0.485000 0.223750 0.02 0.02
6 0.478667 0.206500 0.02 0.02
6 0.471333 0.190750 0.02 0.02
6 0.465167 0.175000 0.02 0.02
6 0.458667 0.155250 0.02 0.02
6 0.452167 0.136750 0.02 0.02
6 0.446000 0.119250 0.02 0.02
6 0.439167 0.101500 0.02 0.02
6 0.432667 0.086000 0.02 0.02
