2 0.308500 0.531250 0.02 0.02
2 0.313667 0.516750 0.02 0.02
2 0.320167 0.503250 0.02 0.02
2 0.308500 0.502750 0.02 0.02
2 0.307833 0.473250 0.02 0.02
2 0.319667 0.473250 0.02 0.02
2 0.330333 0.473000 0.02 0.02
2 0.336000 0.459250 0.02 0.02
2 0.324167 0.459250 0.02 0.02
2 0.319500 0.444500 0.02 0.02
2 0.307833 0.444250 0.02 0.02
2 0.313333 0.429750 0.02 0.02
2 0.324500 0.430500 0.02 0.02
3 0.296667 0.444500 0.02 0.02
3 0.279500 0.487250 0.02 0.02
4 0.285500 0.472000 0.02 0.02
4 0.297167 0.472250 0.02 0.02
4 0.274833 0.471250 0.02 0.02
4 0.274167 0.444000 0.02 0.02
4 0.268000 0.428500 0.02 0.02
4 0.268333 0.456750 0.02 0.02
4 0.257333 0.456750 0.02 0.02
4 0.246667 0.457750 0.02 0.02
4 0.252500 0.442500 0.02 0.02
4 0.257833 0.486750 0.02 0.02
4 0.263500 0.470500 0.02 0.02
3 0.201333 0.426250 0.02 0.02
3 0.183500 0.471500 0.02 0.02
3 0.752833 0.658250 0.02 0.02
3 0.747500 0.672250 0.02 0.02
3 0.708167 0.687750 0.02 0.02
3 0.797833 0.574250 0.02 0.02
3 0.831167 0.545250 0.02 0.02
3 0.848500 0.559500 0.02 0.02
6 0.905167 0.671500 0.02 0.02
6 0.898667 0.685500 0.02 0.02
6 0.904500 0.698750 0.02 0.02
6 0.899167 0.713250 0.02 0.02
6 0.892667 0.727000 0.02 0.02
6 0.904000 0.726750 0.02 0.02
6 0.880333 0.727750 0.02 0.02
6 0.887333 0.713250 0.02 0.02
6 0.869500 0.728500 0.02 0.02
6 0.875333 0.714500 0.02 0.02
6 0.858167 0.728500 0.02 0.02
6 0.864833 0.713750 0.02 0.02
