6 0.584000 0.196750 0.02 0.02
6 0.590167 0.211000 0.02 0.02
6 0.596500 0.227250 0.02 0.02
6 0.602000 0.244000 0.02 0.02
6 0.608667 0.261750 0.02 0.02
6 0.614000 0.279500 0.02 0.02
6 0.620500 0.296250 0.02 0.02
6 0.626833 0.313750 0.02 0.02
6 0.632333 0.331000 0.02 0.02
6 0.638333 0.347750 0.02 0.02
6 0.644333 0.364250 0.02 0.02
6 0.650500 0.380750 0.02 0.02
6 0.656333 0.398000 0.02 0.02
6 0.662333 0.414000 0.02 0.02
6 0.668167 0.430750 0.02 0.02
6 0.673833 0.445750 0.02 0.02
6 0.679833 0.461250 0.02 0.02
6 0.685500 0.475500 0.02 0.02
6 0.691500 0.490500 0.02 0.02
6 0.697667 0.505250 0.02 0.02
6 0.703167 0.520250 0.02 0.02
