6 0.194833 0.174750 0.02 0.02
6 0.176000 0.158250 0.02 0.02
6 0.164167 0.157750 0.02 0.02
6 0.200667 0.159500 0.02 0.02
6 0.207167 0.174750 0.02 0.02
6 0.072333 0.169250 0.02 0.02
6 0.459333 0.631500 0.02 0.02
6 0.465167 0.618500 0.02 0.02
6 0.453667 0.617500 0.02 0.02
6 0.529667 0.654250 0.02 0.02
6 0.682667 0.652250 0.02 0.02
6 0.753000 0.646000 0.02 0.02
6 0.752500 0.591250 0.02 0.02
6 0.782333 0.604250 0.02 0.02
6 0.735000 0.606750 0.02 0.02
6 0.253667 0.428750 0.02 0.02
6 0.247833 0.444000 0.02 0.02
6 0.706833 0.624250 0.02 0.02
6 0.648333 0.540000 0.02 0.02
6 0.636333 0.541000 0.02 0.02
6 0.642333 0.555000 0.02 0.02
