3 0.118500 0.626250 0.02 0.02
3 0.106500 0.625000 0.02 0.02
3 0.094333 0.625250 0.02 0.02
3 0.100500 0.610000 0.02 0.02
3 0.093333 0.594750 0.02 0.02
3 0.106167 0.596250 0.02 0.02
3 0.111167 0.581000 0.02 0.02
3 0.087833 0.579750 0.02 0.02
3 0.081000 0.565000 0.02 0.02
3 0.074000 0.549250 0.02 0.02
3 0.086333 0.550000 0.02 0.02
3 0.092333 0.535250 0.02 0.02
3 0.099500 0.550500 0.02 0.02
3 0.093167 0.564500 0.02 0.02
3 0.104833 0.535750 0.02 0.02
3 0.086000 0.520000 0.02 0.02
3 0.080167 0.505750 0.02 0.02
3 0.067333 0.504750 0.02 0.02
3 0.073667 0.491250 0.02 0.02
2 0.086167 0.491000 0.02 0.02
2 0.116500 0.506750 0.02 0.02
2 0.122500 0.492750 0.02 0.02
2 0.129000 0.477750 0.02 0.02
2 0.134500 0.462500 0.02 0.02
2 0.140667 0.447250 0.02 0.02
2 0.129000 0.446500 0.02 0.02
2 0.200167 0.508750 0.02 0.02
2 0.206167 0.493000 0.02 0.02
2 0.200500 0.537750 0.02 0.02
2 0.230667 0.613000 0.02 0.02
2 0.242833 0.612750 0.02 0.02
2 0.237167 0.627750 0.02 0.02
2 0.225833 0.627750 0.02 0.02
2 0.242500 0.643250 0.02 0.02
