3 0.177000 0.185750 0.02 0.02
3 0.195833 0.202250 0.02 0.02
3 0.220833 0.202500 0.02 0.02
3 0.153333 0.219000 0.02 0.02
3 0.171833 0.236000 0.02 0.02
3 0.184667 0.236000 0.02 0.02
3 0.179000 0.253000 0.02 0.02
3 0.191333 0.253000 0.02 0.02
3 0.203833 0.253250 0.02 0.02
3 0.240500 0.252000 0.02 0.02
3 0.253333 0.251750 0.02 0.02
3 0.247833 0.269000 0.02 0.02
4 0.239000 0.185250 0.02 0.02
6 0.226500 0.185750 0.02 0.02
6 0.214000 0.185750 0.02 0.02
6 0.202000 0.185750 0.02 0.02
6 0.189167 0.185250 0.02 0.02
6 0.183000 0.168500 0.02 0.02
6 0.195000 0.168750 0.02 0.02
6 0.207000 0.168750 0.02 0.02
6 0.220500 0.168500 0.02 0.02
6 0.170000 0.168750 0.02 0.02
6 0.157833 0.168750 0.02 0.02
6 0.164833 0.185750 0.02 0.02
6 0.152500 0.186000 0.02 0.02
6 0.145833 0.169750 0.02 0.02
6 0.140167 0.186250 0.02 0.02
6 0.133833 0.169250 0.02 0.02
6 0.128333 0.187250 0.02 0.02
6 0.121667 0.171000 0.02 0.02
6 0.109500 0.172000 0.02 0.02
6 0.116333 0.188500 0.02 0.02
6 0.103500 0.189500 0.02 0.02
6 0.097333 0.172500 0.02 0.02
6 0.090667 0.190000 0.02 0.02
6 0.077667 0.190250 0.02 0.02
6 0.083667 0.172000 0.02 0.02
6 0.071167 0.171750 0.02 0.02
6 0.065333 0.189250 0.02 0.02
6 0.057833 0.169500 0.02 0.02
6 0.051500 0.186500 0.02 0.02
6 0.043500 0.168000 0.02 0.02
6 0.037500 0.185250 0.02 0.02
4 0.432500 0.263750 0.02 0.02
4 0.457333 0.231250 0.02 0.02
4 0.469167 0.230500 0.02 0.02
4 0.475667 0.246500 0.02 0.02
4 0.481667 0.263000 0.02 0.02
4 0.481667 0.229750 0.02 0.02
4 0.475833 0.278500 0.02 0.02
4 0.525500 0.276750 0.02 0.02
4 0.532000 0.292250 0.02 0.02
4 0.488667 0.309500 0.02 0.02
4 0.501000 0.308750 0.02 0.02
4 0.513667 0.308750 0.02 0.02
4 0.495167 0.325750 0.02 0.02
4 0.507167 0.324750 0.02 0.02
4 0.514333 0.340000 0.02 0.02
4 0.501500 0.340500 0.02 0.02
4 0.489167 0.341250 0.02 0.02
4 0.469833 0.326500 0.02 0.02
4 0.457500 0.326000 0.02 0.02
4 0.445333 0.326750 0.02 0.02
4 0.439000 0.343000 0.02 0.02
4 0.451000 0.342250 0.02 0.02
4 0.464000 0.342250 0.02 0.02
