4 0.488667 0.549250 0.02 0.02
4 0.482333 0.564250 0.02 0.02
4 0.476500 0.580000 0.02 0.02
4 0.470000 0.595500 0.02 0.02
4 0.465500 0.609250 0.02 0.02
4 0.458167 0.625000 0.02 0.02
4 0.453667 0.639750 0.02 0.02
4 0.447333 0.654250 0.02 0.02
4 0.441833 0.669250 0.02 0.02
4 0.437000 0.683750 0.02 0.02
4 0.413667 0.653500 0.02 0.02
4 0.409000 0.609250 0.02 0.02
4 0.408000 0.579250 0.02 0.02
4 0.424833 0.563500 0.02 0.02
4 0.424833 0.534000 0.02 0.02
6 0.221167 0.559500 0.02 0.02
6 0.238833 0.515750 0.02 0.02
6 0.243667 0.500000 0.02 0.02
6 0.249167 0.484500 0.02 0.02
6 0.255333 0.468750 0.02 0.02
6 0.261333 0.454000 0.02 0.02
6 0.221000 0.500250 0.02 0.02
6 0.215833 0.484750 0.02 0.02
6 0.210167 0.468500 0.02 0.02
6 0.204833 0.453250 0.02 0.02
6 0.210333 0.530250 0.02 0.02
6 0.198667 0.500000 0.02 0.02
6 0.187833 0.469250 0.02 0.02
