4 0.484500 0.536000 0.02 0.02
4 0.496500 0.537000 0.02 0.02
4 0.508167 0.538250 0.02 0.02
4 0.520167 0.538000 0.02 0.02
4 0.532667 0.537000 0.02 0.02
4 0.526000 0.552250 0.02 0.02
4 0.531500 0.566750 0.02 0.02
4 0.537667 0.580000 0.02 0.02
4 0.543000 0.595250 0.02 0.02
4 0.530833 0.595750 0.02 0.02
4 0.520500 0.595250 0.02 0.02
4 0.549167 0.609250 0.02 0.02
3 0.153333 0.506750 0.02 0.02
3 0.158667 0.492750 0.02 0.02
3 0.187167 0.479500 0.02 0.02
3 0.210833 0.480000 0.02 0.02
3 0.222667 0.480250 0.02 0.02
3 0.240000 0.465250 0.02 0.02
3 0.240500 0.494500 0.02 0.02
3 0.299000 0.494500 0.02 0.02
3 0.293167 0.567250 0.02 0.02
3 0.275333 0.581500 0.02 0.02
3 0.258500 0.596750 0.02 0.02
6 0.133833 0.707750 0.02 0.02
6 0.144667 0.708750 0.02 0.02
6 0.139667 0.723250 0.02 0.02
6 0.134667 0.734750 0.02 0.02
6 0.129167 0.750250 0.02 0.02
6 0.123500 0.736250 0.02 0.02
6 0.112000 0.736250 0.02 0.02
6 0.100500 0.735750 0.02 0.02
6 0.152167 0.751500 0.02 0.02
6 0.089333 0.705500 0.02 0.02
