3 0.815500 0.318500 0.02 0.02
3 0.804333 0.318750 0.02 0.02
3 0.792333 0.318500 0.02 0.02
3 0.828333 0.318750 0.02 0.02
3 0.822167 0.304000 0.02 0.02
3 0.817167 0.289500 0.02 0.02
3 0.804667 0.289750 0.02 0.02
3 0.793167 0.289250 0.02 0.02
3 0.786500 0.304000 0.02 0.02
3 0.798667 0.332500 0.02 0.02
3 0.804333 0.347500 0.02 0.02
3 0.816000 0.348250 0.02 0.02
3 0.828000 0.347750 0.02 0.02
3 0.822167 0.362500 0.02 0.02
3 0.827000 0.376250 0.02 0.02
3 0.832833 0.390750 0.02 0.02
3 0.804167 0.377000 0.02 0.02
3 0.810667 0.362250 0.02 0.02
3 0.839500 0.347750 0.02 0.02
