3 0.407500 0.609750 0.02 0.02
3 0.420000 0.610000 0.02 0.02
3 0.432333 0.609750 0.02 0.02
3 0.446000 0.611000 0.02 0.02
3 0.458167 0.610250 0.02 0.02
3 0.482833 0.611000 0.02 0.02
3 0.477000 0.596250 0.02 0.02
3 0.452167 0.594750 0.02 0.02
3 0.439167 0.595500 0.02 0.02
3 0.432000 0.579000 0.02 0.02
3 0.400333 0.566000 0.02 0.02
3 0.414167 0.625500 0.02 0.02
3 0.426333 0.625500 0.02 0.02
3 0.445167 0.640750 0.02 0.02
3 0.458167 0.640750 0.02 0.02
3 0.470667 0.640500 0.02 0.02
3 0.477000 0.626750 0.02 0.02
3 0.465000 0.655000 0.02 0.02
3 0.459000 0.670250 0.02 0.02
3 0.433167 0.670500 0.02 0.02
3 0.402833 0.655000 0.02 0.02
3 0.395833 0.639750 0.02 0.02
3 0.452500 0.685500 0.02 0.02
3 0.447833 0.700750 0.02 0.02
3 0.470500 0.670500 0.02 0.02
3 0.477000 0.686000 0.02 0.02
3 0.484167 0.701500 0.02 0.02
3 0.496000 0.671000 0.02 0.02
3 0.501333 0.656000 0.02 0.02
3 0.514167 0.657250 0.02 0.02
3 0.520667 0.672500 0.02 0.02
3 0.507500 0.672000 0.02 0.02
3 0.508333 0.642250 0.02 0.02
3 0.514333 0.626750 0.02 0.02
3 0.521167 0.641750 0.02 0.02
3 0.520833 0.702000 0.02 0.02
3 0.521000 0.612500 0.02 0.02
3 0.527500 0.597750 0.02 0.02
3 0.533500 0.582750 0.02 0.02
3 0.527667 0.567750 0.02 0.02
3 0.534333 0.552750 0.02 0.02
3 0.515667 0.567250 0.02 0.02
3 0.515000 0.597250 0.02 0.02
3 0.533000 0.612250 0.02 0.02
3 0.545833 0.612500 0.02 0.02
3 0.539500 0.598000 0.02 0.02
3 0.546333 0.583250 0.02 0.02
3 0.502500 0.596000 0.02 0.02
3 0.508833 0.612250 0.02 0.02
3 0.526167 0.627250 0.02 0.02
3 0.539500 0.627500 0.02 0.02
3 0.551833 0.626250 0.02 0.02
3 0.533333 0.642250 0.02 0.02
3 0.545667 0.642250 0.02 0.02
4 0.540500 0.567500 0.02 0.02
4 0.521333 0.552250 0.02 0.02
4 0.547167 0.523500 0.02 0.02
4 0.553167 0.508000 0.02 0.02
4 0.547000 0.493250 0.02 0.02
4 0.553333 0.478250 0.02 0.02
4 0.540333 0.478250 0.02 0.02
4 0.534000 0.493000 0.02 0.02
4 0.541000 0.507500 0.02 0.02
4 0.528167 0.507000 0.02 0.02
4 0.515333 0.507500 0.02 0.02
4 0.508000 0.492250 0.02 0.02
4 0.521333 0.462750 0.02 0.02
4 0.527500 0.448000 0.02 0.02
4 0.540667 0.447750 0.02 0.02
4 0.546333 0.433000 0.02 0.02
4 0.553000 0.417750 0.02 0.02
4 0.566333 0.417750 0.02 0.02
4 0.540500 0.417000 0.02 0.02
4 0.560000 0.403500 0.02 0.02
4 0.566000 0.387500 0.02 0.02
4 0.553167 0.387750 0.02 0.02
6 0.547167 0.246500 0.02 0.02
6 0.454500 0.185000 0.02 0.02
6 0.461667 0.169000 0.02 0.02
6 0.468333 0.153000 0.02 0.02
6 0.481000 0.153500 0.02 0.02
6 0.100333 0.243250 0.02 0.02
6 0.094667 0.258500 0.02 0.02
6 0.088833 0.273750 0.02 0.02
6 0.082667 0.290250 0.02 0.02
6 0.076833 0.304500 0.02 0.02
6 0.089167 0.305500 0.02 0.02
6 0.095333 0.320750 0.02 0.02
6 0.083167 0.320750 0.02 0.02
6 0.071000 0.321250 0.02 0.02
4 0.107500 0.321000 0.02 0.02
4 0.120667 0.320750 0.02 0.02
4 0.132167 0.321250 0.02 0.02
4 0.145000 0.322000 0.02 0.02
4 0.157667 0.321500 0.02 0.02
4 0.170167 0.322000 0.02 0.02
4 0.182833 0.322750 0.02 0.02
4 0.195000 0.323000 0.02 0.02
4 0.207667 0.323000 0.02 0.02
4 0.220167 0.324000 0.02 0.02
4 0.232333 0.323750 0.02 0.02
4 0.245167 0.324750 0.02 0.02
4 0.257667 0.325250 0.02 0.02
4 0.270000 0.325500 0.02 0.02
4 0.283500 0.325750 0.02 0.02
4 0.295667 0.325500 0.02 0.02
4 0.308667 0.325500 0.02 0.02
4 0.321167 0.325750 0.02 0.02
4 0.333333 0.326500 0.02 0.02
4 0.345667 0.326500 0.02 0.02
4 0.358833 0.326250 0.02 0.02
4 0.371667 0.326750 0.02 0.02
4 0.383667 0.326000 0.02 0.02
4 0.397167 0.326000 0.02 0.02
4 0.409667 0.326000 0.02 0.02
4 0.422833 0.326250 0.02 0.02
4 0.435167 0.325750 0.02 0.02
4 0.447833 0.325250 0.02 0.02
4 0.461167 0.325000 0.02 0.02
3 0.467833 0.310000 0.02 0.02
3 0.416167 0.248250 0.02 0.02
3 0.428833 0.248000 0.02 0.02
3 0.422500 0.265000 0.02 0.02
6 0.279833 0.458250 0.02 0.02
6 0.274333 0.473250 0.02 0.02
6 0.261333 0.473750 0.02 0.02
6 0.280833 0.488500 0.02 0.02
6 0.293500 0.488500 0.02 0.02
0 0.263833 0.534000 0.02 0.02
6 0.250000 0.503250 0.02 0.02
6 0.256500 0.518500 0.02 0.02
6 0.300333 0.504500 0.02 0.02
6 0.288667 0.503250 0.02 0.02
6 0.294833 0.518500 0.02 0.02
6 0.307333 0.519000 0.02 0.02
6 0.325333 0.503500 0.02 0.02
3 0.312333 0.504000 0.02 0.02
3 0.325667 0.534750 0.02 0.02
4 0.319333 0.520000 0.02 0.02
4 0.318500 0.489000 0.02 0.02
4 0.306167 0.488250 0.02 0.02
0 0.614500 0.627250 0.02 0.02
3 0.675500 0.659250 0.02 0.02
3 0.657000 0.644000 0.02 0.02
3 0.650333 0.628250 0.02 0.02
3 0.626333 0.627000 0.02 0.02
3 0.632500 0.642500 0.02 0.02
3 0.638000 0.658000 0.02 0.02
3 0.650667 0.658250 0.02 0.02
3 0.626000 0.658000 0.02 0.02
3 0.620167 0.642750 0.02 0.02
3 0.725000 0.661250 0.02 0.02
3 0.718833 0.615250 0.02 0.02
3 0.751500 0.572750 0.02 0.02
