1 0.067000 0.200250 0.02 0.02
1 0.103167 0.201750 0.02 0.02
1 0.060667 0.215000 0.02 0.02
1 0.073000 0.215750 0.02 0.02
1 0.085000 0.216750 0.02 0.02
1 0.054833 0.230500 0.02 0.02
1 0.066667 0.230750 0.02 0.02
1 0.078833 0.231250 0.02 0.02
1 0.072500 0.246750 0.02 0.02
1 0.085500 0.246750 0.02 0.02
2 0.090833 0.231250 0.02 0.02
2 0.096833 0.216750 0.02 0.02
2 0.097000 0.247500 0.02 0.02
2 0.103333 0.232750 0.02 0.02
1 0.109333 0.216750 0.02 0.02
1 0.115833 0.201500 0.02 0.02
2 0.114167 0.232500 0.02 0.02
4 0.808667 0.166250 0.02 0.02
4 0.814667 0.150250 0.02 0.02
4 0.820167 0.134750 0.02 0.02
4 0.826667 0.149750 0.02 0.02
4 0.820500 0.166000 0.02 0.02
3 0.814167 0.182750 0.02 0.02
3 0.819333 0.198750 0.02 0.02
3 0.830500 0.199500 0.02 0.02
1 0.794333 0.229250 0.02 0.02
1 0.789167 0.215000 0.02 0.02
1 0.783833 0.199000 0.02 0.02
1 0.789667 0.182750 0.02 0.02
2 0.771500 0.198750 0.02 0.02
2 0.776333 0.214250 0.02 0.02
3 0.822500 0.214500 0.02 0.02
6 0.753833 0.181250 0.02 0.02
6 0.741833 0.181250 0.02 0.02
6 0.748500 0.164750 0.02 0.02
4 0.848667 0.182750 0.02 0.02
4 0.854167 0.199750 0.02 0.02
4 0.842500 0.200750 0.02 0.02
6 0.863167 0.263000 0.02 0.02
0 0.498000 0.407500 0.02 0.02
0 0.480167 0.392250 0.02 0.02
0 0.468333 0.391750 0.02 0.02
0 0.456833 0.392250 0.02 0.02
0 0.445333 0.392250 0.02 0.02
0 0.439000 0.377000 0.02 0.02
0 0.433667 0.362000 0.02 0.02
3 0.491167 0.450750 0.02 0.02
2 0.480000 0.450750 0.02 0.02
2 0.503333 0.451500 0.02 0.02
2 0.468500 0.451000 0.02 0.02
3 0.509000 0.466500 0.02 0.02
4 0.078667 0.138250 0.02 0.02
4 0.102000 0.110500 0.02 0.02
4 0.107833 0.095500 0.02 0.02
4 0.090167 0.109250 0.02 0.02
3 0.097000 0.123750 0.02 0.02
3 0.090500 0.139000 0.02 0.02
3 0.103500 0.138500 0.02 0.02
3 0.096833 0.154000 0.02 0.02
1 0.121333 0.156000 0.02 0.02
1 0.139500 0.172000 0.02 0.02
1 0.132667 0.186750 0.02 0.02
3 0.161667 0.141000 0.02 0.02
2 0.196833 0.533750 0.02 0.02
2 0.202333 0.519750 0.02 0.02
2 0.214833 0.520500 0.02 0.02
2 0.221000 0.505750 0.02 0.02
2 0.232667 0.505750 0.02 0.02
2 0.238333 0.491500 0.02 0.02
2 0.244333 0.475750 0.02 0.02
3 0.262167 0.490500 0.02 0.02
1 0.273333 0.609750 0.02 0.02
1 0.237833 0.636500 0.02 0.02
1 0.262000 0.670000 0.02 0.02
3 0.338000 0.625250 0.02 0.02
3 0.361500 0.567500 0.02 0.02
3 0.403000 0.552250 0.02 0.02
3 0.409167 0.538250 0.02 0.02
3 0.397167 0.538250 0.02 0.02
2 0.451500 0.614500 0.02 0.02
2 0.427000 0.614750 0.02 0.02
2 0.403333 0.613750 0.02 0.02
2 0.367500 0.612750 0.02 0.02
