4 0.344667 0.406250 0.02 0.02
4 0.308333 0.406500 0.02 0.02
4 0.295000 0.374500 0.02 0.02
4 0.307833 0.374750 0.02 0.02
4 0.325500 0.359750 0.02 0.02
4 0.343833 0.343500 0.02 0.02
4 0.369000 0.375250 0.02 0.02
4 0.289000 0.358750 0.02 0.02
4 0.270333 0.343750 0.02 0.02
4 0.263833 0.358250 0.02 0.02
4 0.258000 0.373750 0.02 0.02
4 0.252333 0.389500 0.02 0.02
4 0.245500 0.405250 0.02 0.02
4 0.257833 0.405750 0.02 0.02
3 0.240167 0.389750 0.02 0.02
3 0.227667 0.388750 0.02 0.02
3 0.228833 0.451750 0.02 0.02
3 0.247000 0.467250 0.02 0.02
3 0.252667 0.452750 0.02 0.02
3 0.285000 0.468250 0.02 0.02
3 0.253833 0.483250 0.02 0.02
3 0.235167 0.498750 0.02 0.02
3 0.222167 0.498750 0.02 0.02
3 0.190000 0.451000 0.02 0.02
3 0.209333 0.436000 0.02 0.02
3 0.290500 0.546250 0.02 0.02
3 0.270667 0.563000 0.02 0.02
3 0.252667 0.547500 0.02 0.02
3 0.294667 0.594500 0.02 0.02
3 0.319667 0.562750 0.02 0.02
3 0.308167 0.562000 0.02 0.02
6 0.302167 0.422000 0.02 0.02
6 0.314167 0.421500 0.02 0.02
6 0.326667 0.421250 0.02 0.02
6 0.320833 0.438000 0.02 0.02
6 0.307833 0.437500 0.02 0.02
6 0.333000 0.437750 0.02 0.02
6 0.339667 0.453250 0.02 0.02
6 0.345167 0.437750 0.02 0.02
6 0.352167 0.454000 0.02 0.02
6 0.345667 0.469000 0.02 0.02
6 0.333667 0.469250 0.02 0.02
6 0.339500 0.484750 0.02 0.02
6 0.327333 0.484750 0.02 0.02
6 0.321333 0.469000 0.02 0.02
6 0.326667 0.454000 0.02 0.02
