0 0.344667 0.315750 0.02 0.02
0 0.356833 0.315500 0.02 0.02
0 0.362833 0.330000 0.02 0.02
0 0.375833 0.331750 0.02 0.02
0 0.356833 0.348000 0.02 0.02
0 0.344833 0.347000 0.02 0.02
0 0.351000 0.362750 0.02 0.02
0 0.363833 0.363250 0.02 0.02
0 0.369667 0.347000 0.02 0.02
0 0.376500 0.363250 0.02 0.02
0 0.383000 0.347250 0.02 0.02
0 0.370167 0.377750 0.02 0.02
0 0.344667 0.377750 0.02 0.02
0 0.338167 0.363000 0.02 0.02
2 0.357500 0.378250 0.02 0.02
2 0.331833 0.347000 0.02 0.02
2 0.318667 0.315750 0.02 0.02
2 0.313500 0.299500 0.02 0.02
2 0.351167 0.299500 0.02 0.02
2 0.363333 0.298500 0.02 0.02
2 0.369500 0.315000 0.02 0.02
2 0.382333 0.314500 0.02 0.02
2 0.395500 0.314750 0.02 0.02
2 0.408000 0.314250 0.02 0.02
2 0.420667 0.314000 0.02 0.02
2 0.402000 0.299750 0.02 0.02
2 0.389500 0.299500 0.02 0.02
2 0.376667 0.299250 0.02 0.02
2 0.344500 0.284250 0.02 0.02
2 0.357833 0.284000 0.02 0.02
2 0.370667 0.283750 0.02 0.02
2 0.383167 0.284000 0.02 0.02
1 0.325333 0.330750 0.02 0.02
1 0.338000 0.330750 0.02 0.02
1 0.332000 0.314500 0.02 0.02
1 0.413667 0.329500 0.02 0.02
1 0.301500 0.268500 0.02 0.02
1 0.288667 0.268500 0.02 0.02
1 0.281500 0.251750 0.02 0.02
1 0.294500 0.283250 0.02 0.02
1 0.306667 0.188750 0.02 0.02
1 0.312167 0.171250 0.02 0.02
1 0.325500 0.171250 0.02 0.02
1 0.477667 0.328500 0.02 0.02
1 0.528333 0.329000 0.02 0.02
1 0.592500 0.326500 0.02 0.02
1 0.458167 0.119250 0.02 0.02
1 0.483333 0.119000 0.02 0.02
1 0.579667 0.133500 0.02 0.02
1 0.617667 0.131000 0.02 0.02
3 0.534833 0.118500 0.02 0.02
3 0.527833 0.099750 0.02 0.02
1 0.750500 0.301250 0.02 0.02
1 0.762833 0.300250 0.02 0.02
1 0.756833 0.348250 0.02 0.02
1 0.725167 0.395750 0.02 0.02
6 0.724667 0.458250 0.02 0.02
6 0.730667 0.472750 0.02 0.02
6 0.737000 0.487000 0.02 0.02
6 0.743333 0.501500 0.02 0.02
6 0.749333 0.515750 0.02 0.02
6 0.755000 0.530750 0.02 0.02
6 0.761667 0.547250 0.02 0.02
6 0.768000 0.562750 0.02 0.02
6 0.774000 0.577000 0.02 0.02
6 0.779667 0.592500 0.02 0.02
6 0.786500 0.608000 0.02 0.02
6 0.792167 0.622750 0.02 0.02
6 0.798333 0.637250 0.02 0.02
6 0.803500 0.652000 0.02 0.02
6 0.816167 0.650500 0.02 0.02
6 0.828833 0.649750 0.02 0.02
6 0.835167 0.632250 0.02 0.02
0 0.477500 0.483000 0.02 0.02
0 0.483667 0.468000 0.02 0.02
0 0.503500 0.452500 0.02 0.02
0 0.502833 0.483500 0.02 0.02
0 0.490500 0.483000 0.02 0.02
0 0.534333 0.497750 0.02 0.02
0 0.562000 0.215000 0.02 0.02
0 0.574167 0.247500 0.02 0.02
0 0.581000 0.231000 0.02 0.02
0 0.593333 0.231250 0.02 0.02
0 0.606333 0.231000 0.02 0.02
0 0.599833 0.247000 0.02 0.02
0 0.587667 0.247000 0.02 0.02
0 0.549500 0.248500 0.02 0.02
0 0.555000 0.232750 0.02 0.02
0 0.535500 0.248750 0.02 0.02
0 0.542000 0.232250 0.02 0.02
0 0.554500 0.296500 0.02 0.02
0 0.568000 0.264250 0.02 0.02
