1 0.228500 0.264250 0.02 0.02
1 0.241333 0.263500 0.02 0.02
1 0.253500 0.264000 0.02 0.02
1 0.266000 0.264000 0.02 0.02
1 0.278167 0.265000 0.02 0.02
1 0.290167 0.265000 0.02 0.02
1 0.302667 0.264750 0.02 0.02
1 0.315000 0.265250 0.02 0.02
1 0.327167 0.265500 0.02 0.02
1 0.339167 0.266250 0.02 0.02
1 0.350833 0.266750 0.02 0.02
1 0.283333 0.281250 0.02 0.02
1 0.277167 0.296750 0.02 0.02
1 0.283333 0.312500 0.02 0.02
1 0.295500 0.312500 0.02 0.02
1 0.301667 0.327250 0.02 0.02
1 0.295833 0.342500 0.02 0.02
1 0.307833 0.344500 0.02 0.02
1 0.320000 0.344250 0.02 0.02
1 0.326000 0.359750 0.02 0.02
1 0.338333 0.360500 0.02 0.02
1 0.332333 0.375250 0.02 0.02
1 0.320167 0.375750 0.02 0.02
1 0.313500 0.391000 0.02 0.02
1 0.326333 0.391750 0.02 0.02
1 0.320000 0.407000 0.02 0.02
1 0.307333 0.406500 0.02 0.02
1 0.313667 0.422500 0.02 0.02
1 0.326167 0.422750 0.02 0.02
1 0.337833 0.422000 0.02 0.02
1 0.319333 0.437250 0.02 0.02
1 0.307167 0.437000 0.02 0.02
1 0.288500 0.451750 0.02 0.02
1 0.276167 0.451000 0.02 0.02
1 0.282667 0.436250 0.02 0.02
1 0.270500 0.434750 0.02 0.02
1 0.258000 0.404250 0.02 0.02
1 0.252333 0.388250 0.02 0.02
1 0.264333 0.388750 0.02 0.02
1 0.245667 0.404250 0.02 0.02
1 0.258667 0.372750 0.02 0.02
1 0.252167 0.357250 0.02 0.02
1 0.246667 0.341500 0.02 0.02
1 0.258833 0.342250 0.02 0.02
1 0.252500 0.326250 0.02 0.02
1 0.240167 0.325750 0.02 0.02
1 0.264667 0.326250 0.02 0.02
1 0.270667 0.312000 0.02 0.02
1 0.258167 0.312000 0.02 0.02
1 0.245833 0.311000 0.02 0.02
1 0.252167 0.295500 0.02 0.02
1 0.240500 0.295500 0.02 0.02
1 0.259333 0.279000 0.02 0.02
1 0.247167 0.279500 0.02 0.02
1 0.234833 0.279500 0.02 0.02
1 0.284000 0.249500 0.02 0.02
1 0.296500 0.249500 0.02 0.02
1 0.302500 0.234500 0.02 0.02
1 0.278500 0.232750 0.02 0.02
1 0.272167 0.249000 0.02 0.02
1 0.259667 0.248750 0.02 0.02
1 0.272667 0.217750 0.02 0.02
1 0.266000 0.201750 0.02 0.02
1 0.272833 0.185500 0.02 0.02
1 0.285500 0.185250 0.02 0.02
1 0.297500 0.185500 0.02 0.02
1 0.278667 0.169000 0.02 0.02
2 0.266333 0.169000 0.02 0.02
2 0.271833 0.152000 0.02 0.02
2 0.259667 0.151750 0.02 0.02
2 0.247667 0.151500 0.02 0.02
2 0.229333 0.167250 0.02 0.02
3 0.235167 0.151250 0.02 0.02
3 0.222833 0.150500 0.02 0.02
3 0.210167 0.150250 0.02 0.02
3 0.198167 0.150250 0.02 0.02
3 0.186000 0.149000 0.02 0.02
3 0.173667 0.149500 0.02 0.02
3 0.217000 0.167250 0.02 0.02
3 0.205167 0.166750 0.02 0.02
3 0.192500 0.165750 0.02 0.02
3 0.179833 0.165750 0.02 0.02
3 0.168000 0.166000 0.02 0.02
3 0.155167 0.165250 0.02 0.02
3 0.162167 0.182250 0.02 0.02
3 0.149667 0.181750 0.02 0.02
3 0.155833 0.199750 0.02 0.02
3 0.144000 0.198750 0.02 0.02
3 0.132000 0.198500 0.02 0.02
3 0.138000 0.182000 0.02 0.02
3 0.125333 0.182250 0.02 0.02
3 0.118833 0.165250 0.02 0.02
3 0.111833 0.148500 0.02 0.02
3 0.124167 0.148750 0.02 0.02
3 0.136500 0.148750 0.02 0.02
3 0.129500 0.131250 0.02 0.02
3 0.142167 0.130750 0.02 0.02
3 0.122833 0.114000 0.02 0.02
3 0.135667 0.113750 0.02 0.02
3 0.148000 0.114000 0.02 0.02
3 0.160333 0.114250 0.02 0.02
3 0.172333 0.114750 0.02 0.02
3 0.167167 0.132250 0.02 0.02
3 0.179500 0.132000 0.02 0.02
3 0.191833 0.131750 0.02 0.02
3 0.184833 0.115000 0.02 0.02
3 0.191167 0.098500 0.02 0.02
3 0.172833 0.083000 0.02 0.02
3 0.160500 0.081000 0.02 0.02
3 0.154167 0.098250 0.02 0.02
3 0.141500 0.097000 0.02 0.02
3 0.148333 0.080750 0.02 0.02
3 0.135833 0.079250 0.02 0.02
6 0.123333 0.078000 0.02 0.02
6 0.086000 0.078750 0.02 0.02
6 0.073500 0.080000 0.02 0.02
6 0.062000 0.081500 0.02 0.02
6 0.049333 0.082500 0.02 0.02
3 0.067667 0.097500 0.02 0.02
3 0.074167 0.114250 0.02 0.02
3 0.079833 0.131000 0.02 0.02
3 0.086833 0.147250 0.02 0.02
3 0.093667 0.164500 0.02 0.02
3 0.100167 0.181250 0.02 0.02
3 0.112667 0.181250 0.02 0.02
3 0.106167 0.165000 0.02 0.02
3 0.087833 0.181250 0.02 0.02
3 0.075667 0.180750 0.02 0.02
3 0.063000 0.180750 0.02 0.02
3 0.050167 0.179250 0.02 0.02
1 0.301833 0.296000 0.02 0.02
1 0.314333 0.296750 0.02 0.02
1 0.326500 0.297750 0.02 0.02
1 0.338500 0.298000 0.02 0.02
1 0.344833 0.314000 0.02 0.02
1 0.350833 0.329250 0.02 0.02
1 0.362667 0.329000 0.02 0.02
1 0.375167 0.330000 0.02 0.02
1 0.380667 0.345250 0.02 0.02
3 0.368667 0.345250 0.02 0.02
3 0.332333 0.344250 0.02 0.02
1 0.356833 0.345250 0.02 0.02
1 0.338833 0.329250 0.02 0.02
1 0.344000 0.407000 0.02 0.02
1 0.362667 0.423000 0.02 0.02
1 0.356667 0.376750 0.02 0.02
1 0.362833 0.392500 0.02 0.02
1 0.375333 0.391500 0.02 0.02
1 0.386833 0.392750 0.02 0.02
1 0.393000 0.408750 0.02 0.02
1 0.398667 0.424500 0.02 0.02
1 0.386667 0.424000 0.02 0.02
1 0.374667 0.424000 0.02 0.02
3 0.381000 0.438750 0.02 0.02
3 0.411000 0.423750 0.02 0.02
3 0.411000 0.392750 0.02 0.02
3 0.405000 0.377250 0.02 0.02
3 0.429333 0.377500 0.02 0.02
3 0.441833 0.377000 0.02 0.02
3 0.435167 0.394000 0.02 0.02
3 0.447667 0.393500 0.02 0.02
3 0.460667 0.394000 0.02 0.02
3 0.473167 0.392500 0.02 0.02
1 0.486000 0.393000 0.02 0.02
1 0.492000 0.407250 0.02 0.02
1 0.509500 0.422000 0.02 0.02
1 0.490833 0.440000 0.02 0.02
1 0.496333 0.455000 0.02 0.02
1 0.502333 0.470500 0.02 0.02
1 0.514167 0.469500 0.02 0.02
1 0.526833 0.469000 0.02 0.02
1 0.508333 0.485000 0.02 0.02
1 0.501833 0.501500 0.02 0.02
1 0.490167 0.502000 0.02 0.02
1 0.495833 0.486500 0.02 0.02
1 0.490167 0.470500 0.02 0.02
1 0.477833 0.471000 0.02 0.02
1 0.484500 0.455500 0.02 0.02
1 0.472833 0.455750 0.02 0.02
1 0.459500 0.455500 0.02 0.02
3 0.465167 0.501750 0.02 0.02
3 0.477333 0.501750 0.02 0.02
3 0.440500 0.501750 0.02 0.02
3 0.428500 0.501500 0.02 0.02
3 0.416167 0.501000 0.02 0.02
3 0.404167 0.501000 0.02 0.02
3 0.391833 0.500250 0.02 0.02
3 0.379833 0.500000 0.02 0.02
3 0.398333 0.515750 0.02 0.02
3 0.410333 0.516250 0.02 0.02
3 0.404000 0.531500 0.02 0.02
3 0.415500 0.531500 0.02 0.02
3 0.391667 0.531000 0.02 0.02
3 0.379333 0.531250 0.02 0.02
1 0.373500 0.515750 0.02 0.02
2 0.282167 0.560250 0.02 0.02
2 0.287833 0.575750 0.02 0.02
2 0.275833 0.575250 0.02 0.02
2 0.293833 0.591000 0.02 0.02
2 0.270333 0.590000 0.02 0.02
2 0.276333 0.605500 0.02 0.02
2 0.269833 0.620500 0.02 0.02
2 0.264333 0.634500 0.02 0.02
2 0.276167 0.635250 0.02 0.02
2 0.288833 0.636250 0.02 0.02
3 0.282667 0.621500 0.02 0.02
3 0.294833 0.653000 0.02 0.02
3 0.270500 0.652000 0.02 0.02
3 0.258667 0.650500 0.02 0.02
3 0.246167 0.650500 0.02 0.02
3 0.234167 0.650250 0.02 0.02
2 0.223167 0.620250 0.02 0.02
2 0.216667 0.603750 0.02 0.02
2 0.204333 0.603000 0.02 0.02
2 0.192500 0.602750 0.02 0.02
2 0.198000 0.588750 0.02 0.02
2 0.204333 0.573750 0.02 0.02
3 0.216167 0.572750 0.02 0.02
3 0.197833 0.557500 0.02 0.02
3 0.215667 0.542500 0.02 0.02
3 0.179667 0.541000 0.02 0.02
3 0.185167 0.526250 0.02 0.02
3 0.197500 0.526000 0.02 0.02
3 0.209333 0.527250 0.02 0.02
3 0.173000 0.525250 0.02 0.02
3 0.172667 0.493750 0.02 0.02
3 0.185167 0.494500 0.02 0.02
3 0.197667 0.494750 0.02 0.02
0 0.143500 0.448000 0.02 0.02
0 0.131833 0.447000 0.02 0.02
0 0.119500 0.446500 0.02 0.02
0 0.101500 0.461500 0.02 0.02
0 0.119167 0.478000 0.02 0.02
3 0.185833 0.433500 0.02 0.02
3 0.192167 0.417250 0.02 0.02
1 0.204000 0.418250 0.02 0.02
1 0.198333 0.403250 0.02 0.02
1 0.186167 0.403750 0.02 0.02
1 0.192333 0.387250 0.02 0.02
3 0.179833 0.387000 0.02 0.02
3 0.578333 0.256250 0.02 0.02
3 0.551500 0.284500 0.02 0.02
1 0.620000 0.301500 0.02 0.02
1 0.607667 0.302250 0.02 0.02
1 0.649667 0.348500 0.02 0.02
1 0.637667 0.348250 0.02 0.02
1 0.643500 0.333750 0.02 0.02
1 0.645000 0.301750 0.02 0.02
1 0.638667 0.255500 0.02 0.02
2 0.651167 0.255000 0.02 0.02
2 0.657167 0.270750 0.02 0.02
2 0.627333 0.222750 0.02 0.02
2 0.670333 0.239500 0.02 0.02
4 0.670167 0.174750 0.02 0.02
4 0.621500 0.174500 0.02 0.02
4 0.597000 0.140250 0.02 0.02
4 0.566167 0.122500 0.02 0.02
4 0.578833 0.191000 0.02 0.02
4 0.567167 0.190250 0.02 0.02
4 0.739167 0.121250 0.02 0.02
4 0.745333 0.103500 0.02 0.02
4 0.757167 0.102250 0.02 0.02
4 0.770333 0.102250 0.02 0.02
4 0.783167 0.101500 0.02 0.02
4 0.795000 0.102250 0.02 0.02
4 0.807333 0.102750 0.02 0.02
4 0.776333 0.119000 0.02 0.02
4 0.789000 0.119750 0.02 0.02
4 0.813000 0.119000 0.02 0.02
4 0.825333 0.153000 0.02 0.02
4 0.837167 0.153750 0.02 0.02
4 0.850000 0.154500 0.02 0.02
4 0.861500 0.154500 0.02 0.02
4 0.867667 0.138250 0.02 0.02
4 0.856000 0.138250 0.02 0.02
4 0.850167 0.120500 0.02 0.02
4 0.818667 0.170250 0.02 0.02
4 0.830833 0.170250 0.02 0.02
4 0.843500 0.170250 0.02 0.02
4 0.855833 0.171250 0.02 0.02
4 0.855000 0.203750 0.02 0.02
4 0.860667 0.219750 0.02 0.02
4 0.880000 0.170250 0.02 0.02
6 0.898333 0.155000 0.02 0.02
6 0.904333 0.172000 0.02 0.02
6 0.916500 0.172000 0.02 0.02
6 0.910833 0.155750 0.02 0.02
6 0.911000 0.188500 0.02 0.02
6 0.923500 0.156000 0.02 0.02
6 0.917500 0.139500 0.02 0.02
6 0.911500 0.123750 0.02 0.02
6 0.898667 0.123000 0.02 0.02
6 0.905167 0.107000 0.02 0.02
6 0.892500 0.106250 0.02 0.02
6 0.880333 0.105250 0.02 0.02
6 0.886500 0.090000 0.02 0.02
1 0.624500 0.442250 0.02 0.02
1 0.636000 0.441000 0.02 0.02
