6 0.529500 0.338000 0.02 0.02
6 0.523167 0.323000 0.02 0.02
6 0.517167 0.307500 0.02 0.02
6 0.511000 0.292000 0.02 0.02
6 0.497833 0.292750 0.02 0.02
6 0.486000 0.291500 0.02 0.02
6 0.473667 0.292250 0.02 0.02
6 0.467667 0.275500 0.02 0.02
6 0.461000 0.260750 0.02 0.02
6 0.454500 0.244500 0.02 0.02
6 0.448000 0.228500 0.02 0.02
6 0.441000 0.211250 0.02 0.02
6 0.434500 0.194250 0.02 0.02
6 0.428000 0.179000 0.02 0.02
6 0.422333 0.163500 0.02 0.02
6 0.416000 0.146500 0.02 0.02
6 0.408833 0.127500 0.02 0.02
6 0.400667 0.108750 0.02 0.02
6 0.393167 0.091500 0.02 0.02
6 0.384667 0.074250 0.02 0.02
