6 0.134167 0.085250 0.02 0.02
6 0.128667 0.103750 0.02 0.02
6 0.122167 0.121250 0.02 0.02
6 0.116500 0.138750 0.02 0.02
6 0.123833 0.156500 0.02 0.02
6 0.130833 0.176000 0.02 0.02
6 0.136500 0.193250 0.02 0.02
6 0.144333 0.213000 0.02 0.02
6 0.150833 0.230500 0.02 0.02
6 0.157000 0.249250 0.02 0.02
6 0.163000 0.266750 0.02 0.02
6 0.170167 0.286250 0.02 0.02
6 0.176667 0.303250 0.02 0.02
6 0.171000 0.320000 0.02 0.02
6 0.164833 0.336750 0.02 0.02
6 0.158833 0.351750 0.02 0.02
6 0.151833 0.368500 0.02 0.02
6 0.145833 0.382750 0.02 0.02
6 0.139833 0.398000 0.02 0.02
6 0.134000 0.412250 0.02 0.02
6 0.127500 0.428000 0.02 0.02
6 0.120667 0.442250 0.02 0.02
6 0.115000 0.458750 0.02 0.02
