0 0.720000 0.440750 0.02 0.02
0 0.726500 0.454000 0.02 0.02
0 0.715000 0.456000 0.02 0.02
0 0.727167 0.483750 0.02 0.02
0 0.697667 0.471500 0.02 0.02
0 0.692333 0.486500 0.02 0.02
0 0.698667 0.501500 0.02 0.02
0 0.674667 0.503000 0.02 0.02
0 0.681667 0.517250 0.02 0.02
1 0.691833 0.457500 0.02 0.02
1 0.680333 0.488000 0.02 0.02
1 0.663500 0.504750 0.02 0.02
1 0.652000 0.505250 0.02 0.02
1 0.702000 0.426500 0.02 0.02
1 0.695000 0.412000 0.02 0.02
1 0.718000 0.379500 0.02 0.02
0 0.713333 0.425250 0.02 0.02
2 0.707333 0.411000 0.02 0.02
2 0.705833 0.380500 0.02 0.02
2 0.699333 0.365750 0.02 0.02
1 0.693000 0.352250 0.02 0.02
1 0.676333 0.368500 0.02 0.02
1 0.654000 0.401250 0.02 0.02
1 0.640500 0.371500 0.02 0.02
1 0.605667 0.375500 0.02 0.02
1 0.592833 0.377500 0.02 0.02
1 0.581000 0.379250 0.02 0.02
1 0.586333 0.363250 0.02 0.02
1 0.574667 0.364250 0.02 0.02
1 0.569500 0.380500 0.02 0.02
1 0.576167 0.395250 0.02 0.02
1 0.583000 0.409250 0.02 0.02
1 0.588000 0.393750 0.02 0.02
1 0.600667 0.392000 0.02 0.02
1 0.594167 0.408500 0.02 0.02
1 0.589000 0.424250 0.02 0.02
1 0.577333 0.424500 0.02 0.02
1 0.570500 0.411250 0.02 0.02
1 0.564667 0.396250 0.02 0.02
2 0.617167 0.373750 0.02 0.02
2 0.629167 0.373250 0.02 0.02
2 0.652667 0.370500 0.02 0.02
2 0.663667 0.368000 0.02 0.02
2 0.671667 0.383500 0.02 0.02
2 0.659333 0.385000 0.02 0.02
2 0.646667 0.386750 0.02 0.02
2 0.635167 0.388250 0.02 0.02
2 0.623833 0.388250 0.02 0.02
2 0.612500 0.390000 0.02 0.02
2 0.606333 0.406250 0.02 0.02
2 0.618000 0.404750 0.02 0.02
2 0.630500 0.404500 0.02 0.02
2 0.641833 0.403000 0.02 0.02
2 0.665667 0.401000 0.02 0.02
2 0.671833 0.416000 0.02 0.02
2 0.660000 0.416500 0.02 0.02
2 0.648167 0.418000 0.02 0.02
2 0.636500 0.418750 0.02 0.02
2 0.625167 0.419750 0.02 0.02
2 0.613167 0.422250 0.02 0.02
2 0.601333 0.422000 0.02 0.02
1 0.557167 0.381000 0.02 0.02
1 0.546167 0.382500 0.02 0.02
1 0.534167 0.384750 0.02 0.02
1 0.521667 0.386500 0.02 0.02
1 0.509833 0.386500 0.02 0.02
1 0.498333 0.388750 0.02 0.02
1 0.486833 0.390750 0.02 0.02
1 0.481500 0.405250 0.02 0.02
1 0.487333 0.419500 0.02 0.02
1 0.476333 0.420000 0.02 0.02
1 0.476833 0.448750 0.02 0.02
1 0.470333 0.435250 0.02 0.02
1 0.526333 0.339250 0.02 0.02
1 0.519667 0.324250 0.02 0.02
1 0.525000 0.307250 0.02 0.02
1 0.495500 0.296250 0.02 0.02
1 0.507500 0.294750 0.02 0.02
1 0.518333 0.293250 0.02 0.02
1 0.530500 0.291750 0.02 0.02
1 0.536667 0.307250 0.02 0.02
1 0.548667 0.305250 0.02 0.02
1 0.560500 0.303250 0.02 0.02
1 0.571333 0.303250 0.02 0.02
1 0.566667 0.320000 0.02 0.02
1 0.555000 0.320750 0.02 0.02
1 0.543333 0.322000 0.02 0.02
1 0.561500 0.335250 0.02 0.02
1 0.549667 0.335750 0.02 0.02
1 0.567333 0.350000 0.02 0.02
1 0.556000 0.351500 0.02 0.02
1 0.562667 0.365250 0.02 0.02
0 0.736500 0.393500 0.02 0.02
0 0.771500 0.388500 0.02 0.02
0 0.794833 0.386000 0.02 0.02
0 0.800667 0.369500 0.02 0.02
0 0.819500 0.414750 0.02 0.02
4 0.776833 0.371750 0.02 0.02
4 0.782000 0.355000 0.02 0.02
4 0.794333 0.354250 0.02 0.02
4 0.806000 0.352250 0.02 0.02
4 0.819167 0.352250 0.02 0.02
4 0.813500 0.367500 0.02 0.02
4 0.807667 0.384750 0.02 0.02
4 0.802500 0.400500 0.02 0.02
4 0.797167 0.416500 0.02 0.02
4 0.790500 0.402000 0.02 0.02
4 0.783167 0.387500 0.02 0.02
4 0.808500 0.415500 0.02 0.02
4 0.790833 0.432000 0.02 0.02
4 0.802167 0.431500 0.02 0.02
4 0.814167 0.430250 0.02 0.02
3 0.771500 0.388500 0.02 0.02
3 0.795000 0.386500 0.02 0.02
3 0.801167 0.369250 0.02 0.02
3 0.819833 0.414750 0.02 0.02
3 0.241500 0.398000 0.02 0.02
3 0.268500 0.349000 0.02 0.02
3 0.213167 0.305750 0.02 0.02
6 0.205167 0.370750 0.02 0.02
6 0.194500 0.370500 0.02 0.02
6 0.187500 0.357250 0.02 0.02
6 0.200333 0.386750 0.02 0.02
6 0.188500 0.386750 0.02 0.02
6 0.181667 0.371750 0.02 0.02
6 0.174667 0.357000 0.02 0.02
6 0.178500 0.340500 0.02 0.02
6 0.188833 0.338250 0.02 0.02
6 0.196167 0.323000 0.02 0.02
6 0.184167 0.323750 0.02 0.02
6 0.171833 0.323750 0.02 0.02
6 0.177833 0.309250 0.02 0.02
6 0.188500 0.308750 0.02 0.02
6 0.194500 0.291750 0.02 0.02
6 0.182500 0.294250 0.02 0.02
