0 0.193667 0.337250 0.02 0.02
1 0.229333 0.338000 0.02 0.02
1 0.212000 0.352750 0.02 0.02
1 0.194000 0.395500 0.02 0.02
1 0.199500 0.410500 0.02 0.02
1 0.205333 0.425500 0.02 0.02
1 0.211500 0.411000 0.02 0.02
0 0.193833 0.453750 0.02 0.02
1 0.205500 0.454500 0.02 0.02
0 0.210833 0.470000 0.02 0.02
4 0.140333 0.550750 0.02 0.02
6 0.182333 0.540000 0.02 0.02
6 0.194000 0.541500 0.02 0.02
6 0.188167 0.526250 0.02 0.02
6 0.199500 0.526750 0.02 0.02
6 0.181500 0.512000 0.02 0.02
2 0.314333 0.460750 0.02 0.02
2 0.326333 0.460250 0.02 0.02
2 0.337833 0.460500 0.02 0.02
2 0.349167 0.461000 0.02 0.02
2 0.361333 0.461000 0.02 0.02
2 0.325667 0.399000 0.02 0.02
2 0.421833 0.431000 0.02 0.02
2 0.360000 0.400250 0.02 0.02
2 0.451500 0.562750 0.02 0.02
2 0.636000 0.464500 0.02 0.02
2 0.607000 0.361000 0.02 0.02
2 0.677500 0.506750 0.02 0.02
2 0.709167 0.580750 0.02 0.02
6 0.176000 0.525000 0.02 0.02
6 0.193833 0.512500 0.02 0.02
6 0.188167 0.497500 0.02 0.02
6 0.175833 0.380250 0.02 0.02
2 0.320167 0.444250 0.02 0.02
2 0.332333 0.445250 0.02 0.02
2 0.343333 0.445000 0.02 0.02
1 0.216833 0.426250 0.02 0.02
1 0.229000 0.426250 0.02 0.02
1 0.223333 0.410750 0.02 0.02
1 0.205500 0.484250 0.02 0.02
0 0.216500 0.485000 0.02 0.02
1 0.217167 0.514000 0.02 0.02
1 0.235667 0.557750 0.02 0.02
1 0.247167 0.558500 0.02 0.02
1 0.241333 0.544000 0.02 0.02
1 0.235167 0.529250 0.02 0.02
0 0.804667 0.372500 0.02 0.02
0 0.811333 0.386500 0.02 0.02
0 0.817167 0.401250 0.02 0.02
0 0.805667 0.402250 0.02 0.02
1 0.810500 0.415000 0.02 0.02
3 0.865000 0.370250 0.02 0.02
3 0.878000 0.369750 0.02 0.02
3 0.870667 0.384250 0.02 0.02
3 0.870833 0.412500 0.02 0.02
3 0.865000 0.312250 0.02 0.02
3 0.846833 0.296000 0.02 0.02
3 0.889667 0.396750 0.02 0.02
3 0.902333 0.397000 0.02 0.02
3 0.877333 0.426750 0.02 0.02
3 0.903833 0.452750 0.02 0.02
3 0.912000 0.463750 0.02 0.02
3 0.861167 0.542750 0.02 0.02
3 0.855167 0.557750 0.02 0.02
3 0.861500 0.571250 0.02 0.02
3 0.867000 0.587000 0.02 0.02
3 0.858333 0.672500 0.02 0.02
3 0.852667 0.686250 0.02 0.02
3 0.181333 0.307250 0.02 0.02
4 0.150500 0.379250 0.02 0.02
4 0.145167 0.393000 0.02 0.02
4 0.139333 0.407750 0.02 0.02
4 0.133833 0.422750 0.02 0.02
4 0.128167 0.465500 0.02 0.02
4 0.115667 0.464750 0.02 0.02
4 0.104500 0.464250 0.02 0.02
4 0.107500 0.391500 0.02 0.02
4 0.120167 0.362250 0.02 0.02
4 0.120000 0.390750 0.02 0.02
4 0.150667 0.349750 0.02 0.02
1 0.235667 0.353250 0.02 0.02
1 0.240833 0.367750 0.02 0.02
1 0.247333 0.382750 0.02 0.02
1 0.259167 0.383250 0.02 0.02
1 0.253167 0.368500 0.02 0.02
1 0.307833 0.383000 0.02 0.02
1 0.277833 0.339250 0.02 0.02
