4 0.488667 0.363750 0.02 0.02
4 0.482500 0.377750 0.02 0.02
4 0.476000 0.392250 0.02 0.02
4 0.486667 0.394000 0.02 0.02
4 0.493333 0.379000 0.02 0.02
4 0.500333 0.364500 0.02 0.02
4 0.512167 0.365250 0.02 0.02
4 0.524000 0.366000 0.02 0.02
4 0.517167 0.350500 0.02 0.02
4 0.529167 0.351750 0.02 0.02
4 0.536000 0.338250 0.02 0.02
4 0.541500 0.353250 0.02 0.02
4 0.535833 0.368000 0.02 0.02
4 0.547500 0.367250 0.02 0.02
4 0.505333 0.380000 0.02 0.02
4 0.516667 0.381250 0.02 0.02
4 0.529167 0.382000 0.02 0.02
4 0.541167 0.383000 0.02 0.02
4 0.552500 0.383500 0.02 0.02
