4 0.179667 0.504250 0.02 0.02
4 0.186333 0.519250 0.02 0.02
6 0.161333 0.460000 0.02 0.02
6 0.166333 0.445750 0.02 0.02
6 0.155000 0.444750 0.02 0.02
6 0.142500 0.443250 0.02 0.02
6 0.130167 0.443250 0.02 0.02
6 0.117167 0.442000 0.02 0.02
6 0.104667 0.442000 0.02 0.02
6 0.091667 0.441250 0.02 0.02
6 0.080500 0.440500 0.02 0.02
6 0.075667 0.454500 0.02 0.02
6 0.070000 0.470000 0.02 0.02
6 0.077500 0.483250 0.02 0.02
6 0.084667 0.500500 0.02 0.02
6 0.090333 0.512750 0.02 0.02
6 0.097333 0.528500 0.02 0.02
6 0.109667 0.528250 0.02 0.02
6 0.114333 0.513250 0.02 0.02
6 0.120500 0.499000 0.02 0.02
6 0.126167 0.486000 0.02 0.02
6 0.131500 0.473000 0.02 0.02
6 0.142500 0.473250 0.02 0.02
6 0.156167 0.474250 0.02 0.02
4 0.149167 0.340000 0.02 0.02
4 0.160167 0.341000 0.02 0.02
4 0.172667 0.340250 0.02 0.02
4 0.183833 0.339500 0.02 0.02
4 0.189333 0.323500 0.02 0.02
4 0.196000 0.309250 0.02 0.02
4 0.202833 0.295750 0.02 0.02
4 0.215333 0.296000 0.02 0.02
4 0.227000 0.293750 0.02 0.02
4 0.154167 0.261750 0.02 0.02
4 0.166333 0.230000 0.02 0.02
4 0.325667 0.417500 0.02 0.02
4 0.331333 0.402250 0.02 0.02
4 0.338000 0.387000 0.02 0.02
4 0.344167 0.372000 0.02 0.02
4 0.351000 0.357250 0.02 0.02
4 0.357333 0.342250 0.02 0.02
4 0.363833 0.326250 0.02 0.02
4 0.369833 0.311250 0.02 0.02
4 0.444167 0.312750 0.02 0.02
6 0.780500 0.193000 0.02 0.02
6 0.773833 0.209500 0.02 0.02
6 0.767167 0.226000 0.02 0.02
6 0.767500 0.192250 0.02 0.02
6 0.755833 0.192500 0.02 0.02
6 0.749833 0.209750 0.02 0.02
6 0.761167 0.208500 0.02 0.02
6 0.791667 0.193750 0.02 0.02
6 0.785833 0.210000 0.02 0.02
6 0.779167 0.226250 0.02 0.02
6 0.791500 0.227750 0.02 0.02
6 0.797833 0.211750 0.02 0.02
6 0.866833 0.528250 0.02 0.02
6 0.871167 0.542500 0.02 0.02
6 0.876500 0.557000 0.02 0.02
6 0.881333 0.573000 0.02 0.02
6 0.886667 0.588250 0.02 0.02
6 0.892333 0.603250 0.02 0.02
4 0.843167 0.600500 0.02 0.02
4 0.890333 0.529250 0.02 0.02
4 0.879167 0.528000 0.02 0.02
4 0.897333 0.514000 0.02 0.02
4 0.885500 0.513500 0.02 0.02
4 0.867833 0.498750 0.02 0.02
4 0.880167 0.500000 0.02 0.02
4 0.892833 0.499250 0.02 0.02
6 0.891500 0.370500 0.02 0.02
6 0.885167 0.384500 0.02 0.02
4 0.879000 0.398750 0.02 0.02
6 0.891000 0.400000 0.02 0.02
6 0.902333 0.428250 0.02 0.02
