4 0.648500 0.462000 0.02 0.02
4 0.637000 0.462250 0.02 0.02
4 0.631167 0.476500 0.02 0.02
4 0.619833 0.476000 0.02 0.02
4 0.608500 0.476000 0.02 0.02
4 0.642833 0.476750 0.02 0.02
4 0.653833 0.475750 0.02 0.02
4 0.602333 0.461250 0.02 0.02
4 0.591333 0.461750 0.02 0.02
4 0.596667 0.475500 0.02 0.02
4 0.584833 0.477000 0.02 0.02
4 0.573000 0.477750 0.02 0.02
4 0.561500 0.477250 0.02 0.02
4 0.556167 0.463500 0.02 0.02
4 0.566833 0.492000 0.02 0.02
4 0.555500 0.492750 0.02 0.02
4 0.543333 0.492250 0.02 0.02
4 0.531833 0.492000 0.02 0.02
6 0.904667 0.722000 0.02 0.02
6 0.916667 0.722750 0.02 0.02
6 0.911667 0.709000 0.02 0.02
6 0.893500 0.724000 0.02 0.02
6 0.898333 0.736500 0.02 0.02
6 0.928333 0.721000 0.02 0.02
6 0.924000 0.708250 0.02 0.02
6 0.881667 0.725000 0.02 0.02
6 0.870500 0.726000 0.02 0.02
6 0.874833 0.737500 0.02 0.02
6 0.886667 0.737750 0.02 0.02
