0 0.385833 0.437750 0.02 0.02
0 0.397667 0.437750 0.02 0.02
0 0.230000 0.516000 0.02 0.02
0 0.206333 0.516250 0.02 0.02
0 0.194667 0.516000 0.02 0.02
0 0.201333 0.531000 0.02 0.02
0 0.189333 0.530250 0.02 0.02
0 0.188833 0.501000 0.02 0.02
0 0.200333 0.501500 0.02 0.02
0 0.195000 0.486250 0.02 0.02
0 0.182833 0.486500 0.02 0.02
0 0.188667 0.471500 0.02 0.02
0 0.182667 0.456500 0.02 0.02
0 0.170667 0.456750 0.02 0.02
0 0.159333 0.456000 0.02 0.02
0 0.164833 0.441000 0.02 0.02
0 0.176667 0.441000 0.02 0.02
0 0.170333 0.426000 0.02 0.02
0 0.164500 0.410000 0.02 0.02
0 0.170167 0.394750 0.02 0.02
0 0.181667 0.395000 0.02 0.02
0 0.176333 0.410500 0.02 0.02
0 0.182167 0.426500 0.02 0.02
0 0.194333 0.426000 0.02 0.02
0 0.188333 0.441000 0.02 0.02
0 0.200167 0.442250 0.02 0.02
1 0.205833 0.457000 0.02 0.02
1 0.211333 0.441500 0.02 0.02
1 0.217167 0.457000 0.02 0.02
1 0.212000 0.472000 0.02 0.02
1 0.223333 0.472250 0.02 0.02
1 0.205833 0.426500 0.02 0.02
1 0.210667 0.410750 0.02 0.02
1 0.216833 0.426000 0.02 0.02
1 0.205167 0.394250 0.02 0.02
1 0.210333 0.378250 0.02 0.02
1 0.216333 0.362000 0.02 0.02
1 0.221333 0.346250 0.02 0.02
1 0.233500 0.346250 0.02 0.02
1 0.244667 0.346750 0.02 0.02
1 0.227667 0.362500 0.02 0.02
1 0.239333 0.362000 0.02 0.02
1 0.251000 0.361750 0.02 0.02
1 0.256000 0.346000 0.02 0.02
1 0.257000 0.377250 0.02 0.02
1 0.245333 0.377750 0.02 0.02
1 0.233500 0.378250 0.02 0.02
1 0.221667 0.378250 0.02 0.02
1 0.216333 0.394500 0.02 0.02
1 0.228500 0.394000 0.02 0.02
1 0.240000 0.393250 0.02 0.02
1 0.222333 0.410250 0.02 0.02
1 0.233833 0.410000 0.02 0.02
1 0.245833 0.409250 0.02 0.02
1 0.251333 0.392750 0.02 0.02
1 0.228667 0.425000 0.02 0.02
1 0.239833 0.425500 0.02 0.02
1 0.251500 0.425000 0.02 0.02
1 0.223000 0.440750 0.02 0.02
1 0.234500 0.441250 0.02 0.02
1 0.246000 0.440500 0.02 0.02
1 0.257667 0.440250 0.02 0.02
1 0.229167 0.456500 0.02 0.02
1 0.240000 0.456250 0.02 0.02
1 0.251500 0.456000 0.02 0.02
1 0.235500 0.471000 0.02 0.02
1 0.257333 0.470500 0.02 0.02
0 0.246333 0.470750 0.02 0.02
0 0.252333 0.485500 0.02 0.02
1 0.217833 0.486750 0.02 0.02
1 0.229333 0.486250 0.02 0.02
1 0.240167 0.486250 0.02 0.02
1 0.223667 0.501750 0.02 0.02
1 0.235000 0.501500 0.02 0.02
1 0.246167 0.501750 0.02 0.02
1 0.258500 0.501250 0.02 0.02
1 0.264000 0.485750 0.02 0.02
1 0.269167 0.470750 0.02 0.02
1 0.275333 0.486250 0.02 0.02
1 0.269667 0.500500 0.02 0.02
1 0.281167 0.500250 0.02 0.02
1 0.241333 0.515750 0.02 0.02
1 0.252500 0.516250 0.02 0.02
1 0.264333 0.515750 0.02 0.02
1 0.275667 0.515250 0.02 0.02
1 0.287167 0.515250 0.02 0.02
1 0.298833 0.515250 0.02 0.02
1 0.235667 0.530750 0.02 0.02
1 0.247500 0.530000 0.02 0.02
1 0.258833 0.530250 0.02 0.02
1 0.270500 0.529750 0.02 0.02
1 0.281667 0.530750 0.02 0.02
2 0.293000 0.531000 0.02 0.02
2 0.304000 0.530250 0.02 0.02
2 0.322167 0.515000 0.02 0.02
2 0.292333 0.501000 0.02 0.02
2 0.304167 0.500500 0.02 0.02
2 0.314833 0.499250 0.02 0.02
2 0.327333 0.499250 0.02 0.02
2 0.310167 0.485000 0.02 0.02
2 0.321333 0.485000 0.02 0.02
2 0.315833 0.470750 0.02 0.02
2 0.304333 0.470000 0.02 0.02
2 0.309833 0.454750 0.02 0.02
2 0.304167 0.439750 0.02 0.02
2 0.298167 0.455500 0.02 0.02
2 0.292000 0.470250 0.02 0.02
2 0.280833 0.470500 0.02 0.02
2 0.286667 0.456000 0.02 0.02
2 0.287000 0.485750 0.02 0.02
1 0.275167 0.454750 0.02 0.02
1 0.269500 0.440750 0.02 0.02
1 0.263167 0.393500 0.02 0.02
3 0.208167 0.281500 0.02 0.02
3 0.196667 0.282250 0.02 0.02
3 0.185333 0.283000 0.02 0.02
3 0.173833 0.314250 0.02 0.02
3 0.168667 0.330500 0.02 0.02
3 0.174833 0.346750 0.02 0.02
3 0.169500 0.362750 0.02 0.02
3 0.157667 0.362500 0.02 0.02
3 0.145667 0.362750 0.02 0.02
3 0.151333 0.346750 0.02 0.02
4 0.163000 0.346500 0.02 0.02
4 0.156667 0.331500 0.02 0.02
4 0.162333 0.315250 0.02 0.02
4 0.180667 0.330750 0.02 0.02
4 0.185833 0.314750 0.02 0.02
4 0.151000 0.315000 0.02 0.02
4 0.145167 0.331250 0.02 0.02
4 0.139667 0.346250 0.02 0.02
4 0.134167 0.361750 0.02 0.02
4 0.163167 0.379000 0.02 0.02
4 0.151667 0.378500 0.02 0.02
4 0.140000 0.378250 0.02 0.02
4 0.128667 0.378250 0.02 0.02
4 0.122500 0.361750 0.02 0.02
4 0.127833 0.345750 0.02 0.02
4 0.133333 0.331500 0.02 0.02
3 0.139500 0.314750 0.02 0.02
0 0.187500 0.378500 0.02 0.02
0 0.180833 0.363250 0.02 0.02
3 0.193833 0.395500 0.02 0.02
1 0.351833 0.558500 0.02 0.02
1 0.340833 0.588250 0.02 0.02
1 0.335667 0.602750 0.02 0.02
1 0.323833 0.603750 0.02 0.02
1 0.329000 0.589500 0.02 0.02
1 0.317500 0.588750 0.02 0.02
1 0.347333 0.603000 0.02 0.02
1 0.369833 0.603000 0.02 0.02
1 0.375833 0.589000 0.02 0.02
1 0.387167 0.588250 0.02 0.02
1 0.381500 0.602750 0.02 0.02
1 0.393167 0.602500 0.02 0.02
1 0.622500 0.322500 0.02 0.02
1 0.628500 0.338250 0.02 0.02
1 0.617500 0.338250 0.02 0.02
1 0.634167 0.353000 0.02 0.02
1 0.634333 0.321500 0.02 0.02
1 0.639833 0.305500 0.02 0.02
1 0.640167 0.337250 0.02 0.02
1 0.645833 0.320500 0.02 0.02
0 0.634167 0.289250 0.02 0.02
0 0.645833 0.289250 0.02 0.02
0 0.657500 0.288750 0.02 0.02
0 0.651667 0.305000 0.02 0.02
0 0.663500 0.304250 0.02 0.02
0 0.675333 0.304250 0.02 0.02
3 0.674667 0.271750 0.02 0.02
3 0.657000 0.258250 0.02 0.02
3 0.698333 0.303500 0.02 0.02
3 0.709000 0.271500 0.02 0.02
3 0.721167 0.271000 0.02 0.02
3 0.715833 0.317750 0.02 0.02
3 0.727500 0.317750 0.02 0.02
6 0.721500 0.302000 0.02 0.02
6 0.710333 0.302000 0.02 0.02
6 0.704500 0.318000 0.02 0.02
6 0.715333 0.286750 0.02 0.02
6 0.733167 0.300750 0.02 0.02
6 0.739500 0.316750 0.02 0.02
6 0.681000 0.320000 0.02 0.02
6 0.686333 0.303750 0.02 0.02
6 0.692667 0.319250 0.02 0.02
6 0.698833 0.334750 0.02 0.02
6 0.710167 0.334250 0.02 0.02
6 0.722000 0.333250 0.02 0.02
6 0.733333 0.332250 0.02 0.02
6 0.745167 0.332250 0.02 0.02
6 0.716167 0.349250 0.02 0.02
6 0.727833 0.348500 0.02 0.02
6 0.739167 0.348000 0.02 0.02
6 0.750667 0.347750 0.02 0.02
3 0.762333 0.347000 0.02 0.02
1 0.566000 0.478000 0.02 0.02
1 0.525667 0.495250 0.02 0.02
1 0.583833 0.493000 0.02 0.02
1 0.595833 0.492500 0.02 0.02
1 0.596167 0.522000 0.02 0.02
1 0.601167 0.507750 0.02 0.02
1 0.607000 0.493000 0.02 0.02
1 0.600667 0.477250 0.02 0.02
1 0.590000 0.507750 0.02 0.02
1 0.619167 0.491750 0.02 0.02
1 0.624333 0.476250 0.02 0.02
1 0.630333 0.461250 0.02 0.02
1 0.635833 0.445000 0.02 0.02
1 0.641333 0.430250 0.02 0.02
1 0.646833 0.414500 0.02 0.02
1 0.635333 0.415500 0.02 0.02
1 0.641000 0.398750 0.02 0.02
1 0.652333 0.398750 0.02 0.02
1 0.646167 0.383500 0.02 0.02
1 0.635000 0.384500 0.02 0.02
1 0.628667 0.368500 0.02 0.02
1 0.640167 0.368500 0.02 0.02
1 0.623167 0.416000 0.02 0.02
1 0.605000 0.307500 0.02 0.02
1 0.581833 0.307500 0.02 0.02
1 0.587667 0.292000 0.02 0.02
1 0.576333 0.291750 0.02 0.02
2 0.593500 0.307500 0.02 0.02
2 0.576500 0.323500 0.02 0.02
2 0.587000 0.323750 0.02 0.02
2 0.598667 0.323500 0.02 0.02
2 0.610833 0.322750 0.02 0.02
1 0.553000 0.292500 0.02 0.02
1 0.523667 0.277750 0.02 0.02
1 0.529833 0.293500 0.02 0.02
1 0.535333 0.277500 0.02 0.02
2 0.541500 0.293250 0.02 0.02
2 0.565000 0.325250 0.02 0.02
2 0.558833 0.309000 0.02 0.02
2 0.547167 0.308750 0.02 0.02
2 0.553167 0.325000 0.02 0.02
2 0.541667 0.326250 0.02 0.02
2 0.536167 0.310000 0.02 0.02
1 0.512167 0.279250 0.02 0.02
1 0.500500 0.280000 0.02 0.02
1 0.517500 0.262500 0.02 0.02
1 0.547000 0.276750 0.02 0.02
1 0.529333 0.261750 0.02 0.02
0 0.506000 0.262500 0.02 0.02
0 0.494667 0.263250 0.02 0.02
0 0.471000 0.296500 0.02 0.02
3 0.716833 0.411250 0.02 0.02
3 0.755833 0.394250 0.02 0.02
3 0.762167 0.408500 0.02 0.02
3 0.756167 0.424000 0.02 0.02
3 0.802667 0.391500 0.02 0.02
3 0.808500 0.406500 0.02 0.02
3 0.819833 0.345000 0.02 0.02
3 0.814000 0.329250 0.02 0.02
3 0.808833 0.314000 0.02 0.02
3 0.849333 0.296500 0.02 0.02
3 0.814500 0.266500 0.02 0.02
