3 0.263667 0.335250 0.02 0.02
3 0.274833 0.335250 0.02 0.02
3 0.286167 0.335750 0.02 0.02
3 0.297000 0.335500 0.02 0.02
3 0.308000 0.336000 0.02 0.02
3 0.319333 0.335500 0.02 0.02
3 0.331167 0.335500 0.02 0.02
3 0.297500 0.364500 0.02 0.02
3 0.303333 0.378500 0.02 0.02
3 0.275167 0.305750 0.02 0.02
3 0.269000 0.320250 0.02 0.02
3 0.258333 0.349500 0.02 0.02
3 0.252833 0.364000 0.02 0.02
3 0.247000 0.378500 0.02 0.02
3 0.259000 0.379000 0.02 0.02
3 0.241500 0.363250 0.02 0.02
3 0.336833 0.378750 0.02 0.02
3 0.348167 0.408000 0.02 0.02
3 0.408000 0.422000 0.02 0.02
3 0.419500 0.422500 0.02 0.02
3 0.424167 0.407500 0.02 0.02
