4 0.388500 0.327000 0.02 0.02
4 0.400667 0.327250 0.02 0.02
4 0.413000 0.327750 0.02 0.02
4 0.425167 0.329000 0.02 0.02
4 0.419500 0.312500 0.02 0.02
4 0.413000 0.297000 0.02 0.02
4 0.364333 0.295000 0.02 0.02
4 0.352833 0.295000 0.02 0.02
6 0.364833 0.355000 0.02 0.02
6 0.370167 0.371000 0.02 0.02
6 0.352500 0.383250 0.02 0.02
6 0.346833 0.397750 0.02 0.02
6 0.341333 0.411500 0.02 0.02
6 0.328667 0.410500 0.02 0.02
6 0.317667 0.381750 0.02 0.02
4 0.393833 0.372750 0.02 0.02
4 0.400000 0.388750 0.02 0.02
4 0.370167 0.399500 0.02 0.02
6 0.886167 0.217750 0.02 0.02
6 0.911500 0.217750 0.02 0.02
6 0.909500 0.278250 0.02 0.02
6 0.921500 0.279000 0.02 0.02
4 0.885833 0.278500 0.02 0.02
