6 0.432333 0.240500 0.02 0.02
6 0.443500 0.240500 0.02 0.02
6 0.455000 0.240750 0.02 0.02
6 0.477833 0.241000 0.02 0.02
6 0.194500 0.111000 0.02 0.02
6 0.200167 0.093500 0.02 0.02
6 0.212167 0.093500 0.02 0.02
6 0.205500 0.111500 0.02 0.02
6 0.217167 0.112750 0.02 0.02
6 0.188667 0.093500 0.02 0.02
6 0.176333 0.093500 0.02 0.02
6 0.223333 0.097500 0.02 0.02
6 0.228500 0.113000 0.02 0.02
6 0.234167 0.129000 0.02 0.02
3 0.240667 0.113750 0.02 0.02
3 0.246000 0.129000 0.02 0.02
3 0.240000 0.145750 0.02 0.02
3 0.177500 0.190250 0.02 0.02
3 0.213000 0.279750 0.02 0.02
3 0.224167 0.280000 0.02 0.02
3 0.246500 0.423250 0.02 0.02
3 0.241167 0.436500 0.02 0.02
3 0.251833 0.437000 0.02 0.02
3 0.263333 0.437750 0.02 0.02
3 0.257500 0.450750 0.02 0.02
3 0.263500 0.465750 0.02 0.02
3 0.257833 0.480000 0.02 0.02
3 0.269000 0.451250 0.02 0.02
3 0.279333 0.452250 0.02 0.02
3 0.274167 0.465750 0.02 0.02
3 0.279833 0.480000 0.02 0.02
3 0.274667 0.494750 0.02 0.02
3 0.269167 0.508750 0.02 0.02
3 0.263333 0.493500 0.02 0.02
3 0.257500 0.508000 0.02 0.02
3 0.274167 0.522250 0.02 0.02
4 0.432500 0.384500 0.02 0.02
4 0.426167 0.397500 0.02 0.02
4 0.420667 0.412500 0.02 0.02
4 0.414500 0.427250 0.02 0.02
4 0.409500 0.413250 0.02 0.02
4 0.432000 0.412250 0.02 0.02
4 0.453667 0.410500 0.02 0.02
4 0.448333 0.426500 0.02 0.02
3 0.436667 0.427250 0.02 0.02
4 0.124167 0.108750 0.02 0.02
4 0.118333 0.122750 0.02 0.02
4 0.107333 0.124750 0.02 0.02
4 0.154000 0.092250 0.02 0.02
4 0.101333 0.138750 0.02 0.02
4 0.095667 0.153750 0.02 0.02
4 0.085000 0.213750 0.02 0.02
4 0.090333 0.230000 0.02 0.02
4 0.084333 0.243000 0.02 0.02
4 0.096833 0.274250 0.02 0.02
3 0.091000 0.289250 0.02 0.02
3 0.090333 0.259250 0.02 0.02
6 0.437000 0.566000 0.02 0.02
6 0.442167 0.580500 0.02 0.02
6 0.447667 0.595000 0.02 0.02
6 0.453500 0.608750 0.02 0.02
6 0.442333 0.608750 0.02 0.02
6 0.459333 0.595500 0.02 0.02
6 0.470167 0.595500 0.02 0.02
