6 0.161167 0.560750 0.02 0.02
6 0.172333 0.560000 0.02 0.02
6 0.149833 0.560500 0.02 0.02
6 0.143500 0.574750 0.02 0.02
6 0.155833 0.574750 0.02 0.02
6 0.166500 0.574000 0.02 0.02
6 0.177667 0.575250 0.02 0.02
6 0.178167 0.546000 0.02 0.02
6 0.190500 0.546500 0.02 0.02
6 0.201500 0.547000 0.02 0.02
3 0.196167 0.532250 0.02 0.02
3 0.207333 0.534000 0.02 0.02
3 0.212833 0.517750 0.02 0.02
3 0.224333 0.519250 0.02 0.02
3 0.224667 0.489000 0.02 0.02
3 0.202167 0.488500 0.02 0.02
3 0.178833 0.487500 0.02 0.02
3 0.155500 0.486000 0.02 0.02
3 0.247833 0.519500 0.02 0.02
3 0.253333 0.504250 0.02 0.02
3 0.248167 0.489750 0.02 0.02
