6 0.446833 0.473750 0.02 0.02
6 0.458333 0.474000 0.02 0.02
6 0.452667 0.489500 0.02 0.02
6 0.464500 0.488750 0.02 0.02
6 0.476167 0.488000 0.02 0.02
6 0.481167 0.474250 0.02 0.02
6 0.476167 0.459750 0.02 0.02
6 0.464500 0.459250 0.02 0.02
6 0.458667 0.445250 0.02 0.02
6 0.452500 0.458500 0.02 0.02
6 0.440667 0.458000 0.02 0.02
6 0.429167 0.460250 0.02 0.02
6 0.424667 0.445750 0.02 0.02
6 0.418000 0.460000 0.02 0.02
6 0.406667 0.460750 0.02 0.02
6 0.395000 0.460750 0.02 0.02
6 0.389000 0.476000 0.02 0.02
6 0.401000 0.475500 0.02 0.02
6 0.413167 0.474000 0.02 0.02
6 0.425000 0.475500 0.02 0.02
3 0.573500 0.675250 0.02 0.02
3 0.562833 0.674250 0.02 0.02
3 0.550500 0.674750 0.02 0.02
3 0.540500 0.675250 0.02 0.02
3 0.528167 0.675250 0.02 0.02
3 0.516833 0.675500 0.02 0.02
3 0.506000 0.675000 0.02 0.02
3 0.510500 0.661500 0.02 0.02
3 0.535500 0.660250 0.02 0.02
3 0.545667 0.660250 0.02 0.02
3 0.556333 0.660250 0.02 0.02
3 0.567500 0.659500 0.02 0.02
3 0.579167 0.658500 0.02 0.02
3 0.590167 0.659000 0.02 0.02
3 0.585500 0.675000 0.02 0.02
4 0.815667 0.263750 0.02 0.02
4 0.582333 0.176000 0.02 0.02
4 0.587833 0.190750 0.02 0.02
4 0.599667 0.190000 0.02 0.02
4 0.594167 0.205250 0.02 0.02
4 0.582333 0.206500 0.02 0.02
4 0.554167 0.222250 0.02 0.02
4 0.571667 0.238000 0.02 0.02
4 0.582667 0.237000 0.02 0.02
4 0.133500 0.269750 0.02 0.02
4 0.174833 0.285250 0.02 0.02
