3 0.651667 0.476750 0.02 0.02
3 0.645667 0.463250 0.02 0.02
3 0.640167 0.477750 0.02 0.02
3 0.634333 0.492000 0.02 0.02
3 0.628667 0.506000 0.02 0.02
3 0.623000 0.521250 0.02 0.02
3 0.617833 0.535750 0.02 0.02
3 0.612333 0.550250 0.02 0.02
3 0.606167 0.565750 0.02 0.02
3 0.600833 0.580750 0.02 0.02
3 0.595667 0.595000 0.02 0.02
3 0.606833 0.594500 0.02 0.02
3 0.613167 0.607750 0.02 0.02
3 0.624833 0.606500 0.02 0.02
3 0.608000 0.622000 0.02 0.02
3 0.596333 0.623750 0.02 0.02
3 0.585167 0.624500 0.02 0.02
3 0.590833 0.637750 0.02 0.02
3 0.602167 0.636500 0.02 0.02
3 0.591500 0.665000 0.02 0.02
3 0.609333 0.679250 0.02 0.02
3 0.614667 0.664250 0.02 0.02
3 0.574167 0.680750 0.02 0.02
4 0.767333 0.411500 0.02 0.02
4 0.773000 0.425750 0.02 0.02
4 0.785500 0.425000 0.02 0.02
4 0.797667 0.423250 0.02 0.02
4 0.738000 0.428250 0.02 0.02
4 0.756167 0.440750 0.02 0.02
4 0.779500 0.439250 0.02 0.02
4 0.786333 0.453250 0.02 0.02
4 0.792500 0.467250 0.02 0.02
4 0.803333 0.465500 0.02 0.02
4 0.772667 0.396750 0.02 0.02
4 0.760500 0.397000 0.02 0.02
4 0.766667 0.382000 0.02 0.02
4 0.736667 0.369000 0.02 0.02
4 0.730833 0.384750 0.02 0.02
4 0.780667 0.468250 0.02 0.02
4 0.769000 0.469000 0.02 0.02
4 0.763167 0.455000 0.02 0.02
4 0.775333 0.482500 0.02 0.02
4 0.786667 0.482000 0.02 0.02
4 0.798500 0.481250 0.02 0.02
4 0.809833 0.479250 0.02 0.02
4 0.792500 0.495750 0.02 0.02
4 0.798333 0.508750 0.02 0.02
4 0.804667 0.523000 0.02 0.02
6 0.084500 0.635000 0.02 0.02
6 0.090833 0.649500 0.02 0.02
6 0.098167 0.664250 0.02 0.02
6 0.105167 0.677750 0.02 0.02
6 0.110500 0.662500 0.02 0.02
6 0.113167 0.688750 0.02 0.02
6 0.124333 0.685000 0.02 0.02
6 0.136000 0.686500 0.02 0.02
6 0.119333 0.703250 0.02 0.02
6 0.130333 0.701750 0.02 0.02
6 0.142000 0.701500 0.02 0.02
6 0.106500 0.703750 0.02 0.02
6 0.137167 0.717500 0.02 0.02
6 0.149833 0.715250 0.02 0.02
6 0.153333 0.700750 0.02 0.02
