3 0.494667 0.387000 0.02 0.02
3 0.507667 0.387500 0.02 0.02
3 0.520167 0.388500 0.02 0.02
3 0.532167 0.389500 0.02 0.02
3 0.501167 0.403000 0.02 0.02
3 0.495667 0.417250 0.02 0.02
3 0.508000 0.417500 0.02 0.02
3 0.501667 0.431750 0.02 0.02
3 0.525833 0.432750 0.02 0.02
3 0.525833 0.374750 0.02 0.02
3 0.513833 0.373500 0.02 0.02
3 0.519667 0.360000 0.02 0.02
4 0.506833 0.359000 0.02 0.02
4 0.500667 0.344500 0.02 0.02
6 0.494500 0.330000 0.02 0.02
3 0.507333 0.331500 0.02 0.02
3 0.519333 0.331250 0.02 0.02
4 0.525667 0.316750 0.02 0.02
6 0.477833 0.458750 0.02 0.02
6 0.484000 0.472750 0.02 0.02
6 0.483500 0.502500 0.02 0.02
6 0.490167 0.488250 0.02 0.02
6 0.502500 0.490000 0.02 0.02
3 0.508000 0.503500 0.02 0.02
3 0.465333 0.515000 0.02 0.02
3 0.452833 0.516750 0.02 0.02
3 0.428000 0.516250 0.02 0.02
3 0.421500 0.530750 0.02 0.02
4 0.330833 0.428250 0.02 0.02
4 0.325833 0.442750 0.02 0.02
3 0.320000 0.457000 0.02 0.02
4 0.314333 0.470750 0.02 0.02
4 0.279500 0.222250 0.02 0.02
4 0.273000 0.205750 0.02 0.02
6 0.187833 0.113250 0.02 0.02
6 0.176000 0.113000 0.02 0.02
6 0.163667 0.113000 0.02 0.02
6 0.158000 0.128500 0.02 0.02
6 0.151667 0.112000 0.02 0.02
6 0.146167 0.129250 0.02 0.02
6 0.140167 0.145000 0.02 0.02
4 0.152833 0.145000 0.02 0.02
6 0.164500 0.144500 0.02 0.02
4 0.182667 0.127750 0.02 0.02
3 0.263833 0.382750 0.02 0.02
3 0.250500 0.383250 0.02 0.02
4 0.275333 0.383250 0.02 0.02
3 0.287500 0.383750 0.02 0.02
3 0.300333 0.384750 0.02 0.02
3 0.312500 0.385000 0.02 0.02
3 0.323667 0.385000 0.02 0.02
4 0.335500 0.385000 0.02 0.02
