6 0.854667 0.567000 0.02 0.02
6 0.866667 0.566750 0.02 0.02
6 0.878167 0.567250 0.02 0.02
6 0.884667 0.551750 0.02 0.02
6 0.890833 0.535500 0.02 0.02
6 0.843500 0.595750 0.02 0.02
6 0.866333 0.623500 0.02 0.02
6 0.872000 0.636250 0.02 0.02
6 0.877500 0.650500 0.02 0.02
6 0.884500 0.666500 0.02 0.02
6 0.892500 0.681750 0.02 0.02
6 0.878333 0.682750 0.02 0.02
6 0.865000 0.682500 0.02 0.02
6 0.853667 0.682500 0.02 0.02
6 0.841667 0.683500 0.02 0.02
3 0.814167 0.611750 0.02 0.02
3 0.802500 0.582250 0.02 0.02
3 0.819667 0.537750 0.02 0.02
3 0.790333 0.522250 0.02 0.02
3 0.808500 0.508750 0.02 0.02
3 0.814167 0.493750 0.02 0.02
3 0.802667 0.493500 0.02 0.02
3 0.797167 0.479250 0.02 0.02
3 0.808500 0.479250 0.02 0.02
3 0.813833 0.464750 0.02 0.02
3 0.825667 0.464750 0.02 0.02
3 0.843333 0.479750 0.02 0.02
3 0.861667 0.493750 0.02 0.02
3 0.831667 0.450250 0.02 0.02
3 0.808833 0.450750 0.02 0.02
3 0.802667 0.436500 0.02 0.02
3 0.792167 0.435500 0.02 0.02
4 0.797833 0.449750 0.02 0.02
4 0.809000 0.421750 0.02 0.02
4 0.815333 0.435250 0.02 0.02
4 0.820333 0.450750 0.02 0.02
4 0.803000 0.465500 0.02 0.02
4 0.820333 0.479250 0.02 0.02
4 0.831833 0.479750 0.02 0.02
4 0.837167 0.464750 0.02 0.02
4 0.826500 0.436000 0.02 0.02
4 0.820333 0.421750 0.02 0.02
4 0.803167 0.408000 0.02 0.02
4 0.814500 0.407750 0.02 0.02
4 0.826500 0.407750 0.02 0.02
4 0.820167 0.394000 0.02 0.02
4 0.808833 0.393750 0.02 0.02
4 0.797833 0.393000 0.02 0.02
4 0.791833 0.378750 0.02 0.02
4 0.803167 0.378500 0.02 0.02
4 0.815000 0.379250 0.02 0.02
4 0.826333 0.378750 0.02 0.02
4 0.831667 0.393250 0.02 0.02
4 0.837000 0.379000 0.02 0.02
4 0.843167 0.365000 0.02 0.02
4 0.849333 0.349250 0.02 0.02
4 0.837333 0.349750 0.02 0.02
4 0.833167 0.364500 0.02 0.02
4 0.820500 0.365000 0.02 0.02
4 0.826500 0.350250 0.02 0.02
4 0.820500 0.336000 0.02 0.02
4 0.815500 0.350000 0.02 0.02
4 0.809333 0.364750 0.02 0.02
4 0.797167 0.363750 0.02 0.02
4 0.802833 0.350500 0.02 0.02
4 0.809000 0.336000 0.02 0.02
4 0.814667 0.321500 0.02 0.02
3 0.825500 0.321750 0.02 0.02
3 0.831333 0.334750 0.02 0.02
3 0.843000 0.307000 0.02 0.02
3 0.848500 0.320750 0.02 0.02
3 0.785500 0.305000 0.02 0.02
3 0.859500 0.349500 0.02 0.02
3 0.870833 0.349750 0.02 0.02
3 0.865333 0.333750 0.02 0.02
3 0.883167 0.350000 0.02 0.02
3 0.894667 0.348750 0.02 0.02
3 0.884167 0.379500 0.02 0.02
3 0.895500 0.379500 0.02 0.02
3 0.907500 0.378250 0.02 0.02
3 0.889333 0.304000 0.02 0.02
