3 0.476167 0.617000 0.02 0.02
3 0.464333 0.617250 0.02 0.02
3 0.470833 0.631000 0.02 0.02
3 0.477333 0.645000 0.02 0.02
3 0.489000 0.644500 0.02 0.02
3 0.483333 0.658250 0.02 0.02
3 0.471000 0.658000 0.02 0.02
3 0.453000 0.616500 0.02 0.02
3 0.441500 0.616500 0.02 0.02
3 0.429000 0.616500 0.02 0.02
3 0.416833 0.616000 0.02 0.02
4 0.147500 0.506750 0.02 0.02
4 0.153667 0.491250 0.02 0.02
4 0.165000 0.491500 0.02 0.02
4 0.177000 0.490750 0.02 0.02
4 0.188833 0.494250 0.02 0.02
4 0.183500 0.507000 0.02 0.02
4 0.103000 0.486000 0.02 0.02
4 0.127333 0.430250 0.02 0.02
4 0.078000 0.484500 0.02 0.02
4 0.089667 0.485000 0.02 0.02
6 0.919833 0.328250 0.02 0.02
6 0.926500 0.343250 0.02 0.02
6 0.920333 0.358750 0.02 0.02
6 0.932667 0.356250 0.02 0.02
6 0.913167 0.374500 0.02 0.02
6 0.926000 0.311750 0.02 0.02
6 0.932500 0.296750 0.02 0.02
4 0.914500 0.312250 0.02 0.02
4 0.908667 0.329000 0.02 0.02
4 0.914167 0.343250 0.02 0.02
4 0.902167 0.345000 0.02 0.02
4 0.889667 0.345750 0.02 0.02
4 0.895167 0.361000 0.02 0.02
4 0.907667 0.359500 0.02 0.02
4 0.850167 0.348000 0.02 0.02
4 0.888833 0.376000 0.02 0.02
4 0.901667 0.374500 0.02 0.02
4 0.894500 0.390750 0.02 0.02
6 0.906667 0.389750 0.02 0.02
6 0.486333 0.466750 0.02 0.02
6 0.492500 0.482250 0.02 0.02
6 0.504000 0.483000 0.02 0.02
6 0.509667 0.467000 0.02 0.02
6 0.503833 0.452750 0.02 0.02
6 0.497667 0.437250 0.02 0.02
6 0.492333 0.423250 0.02 0.02
6 0.486500 0.409250 0.02 0.02
6 0.491667 0.394000 0.02 0.02
2 0.437000 0.382000 0.02 0.02
2 0.432333 0.365000 0.02 0.02
2 0.444500 0.364500 0.02 0.02
1 0.552000 0.394750 0.02 0.02
3 0.635833 0.569250 0.02 0.02
3 0.647833 0.567500 0.02 0.02
3 0.659833 0.567750 0.02 0.02
3 0.654167 0.582500 0.02 0.02
3 0.660000 0.597750 0.02 0.02
3 0.666500 0.611500 0.02 0.02
3 0.654167 0.611750 0.02 0.02
3 0.660500 0.626250 0.02 0.02
3 0.647833 0.626500 0.02 0.02
3 0.653833 0.640500 0.02 0.02
3 0.665500 0.639000 0.02 0.02
4 0.153500 0.491250 0.02 0.02
4 0.165167 0.491000 0.02 0.02
4 0.177333 0.491250 0.02 0.02
4 0.189167 0.493500 0.02 0.02
4 0.184000 0.507000 0.02 0.02
4 0.196000 0.508500 0.02 0.02
4 0.158500 0.446750 0.02 0.02
4 0.147000 0.443250 0.02 0.02
3 0.120667 0.357250 0.02 0.02
3 0.126833 0.342000 0.02 0.02
3 0.133500 0.326500 0.02 0.02
