3 0.237333 0.337500 0.02 0.02
3 0.255000 0.289750 0.02 0.02
3 0.280000 0.290000 0.02 0.02
3 0.274333 0.306250 0.02 0.02
3 0.272000 0.171750 0.02 0.02
3 0.239833 0.189000 0.02 0.02
3 0.669000 0.393000 0.02 0.02
3 0.694333 0.391750 0.02 0.02
3 0.669000 0.424750 0.02 0.02
3 0.731167 0.358750 0.02 0.02
3 0.749500 0.407250 0.02 0.02
3 0.724333 0.110750 0.02 0.02
4 0.749500 0.109000 0.02 0.02
4 0.775000 0.143250 0.02 0.02
4 0.755500 0.161500 0.02 0.02
4 0.788167 0.177000 0.02 0.02
4 0.226833 0.155250 0.02 0.02
4 0.245333 0.136750 0.02 0.02
4 0.258333 0.137500 0.02 0.02
0 0.392333 0.349250 0.02 0.02
0 0.386167 0.333250 0.02 0.02
0 0.392333 0.317750 0.02 0.02
0 0.404667 0.382000 0.02 0.02
1 0.411000 0.334250 0.02 0.02
1 0.410333 0.365500 0.02 0.02
1 0.422500 0.365750 0.02 0.02
1 0.430000 0.382750 0.02 0.02
1 0.416667 0.382500 0.02 0.02
1 0.449000 0.397250 0.02 0.02
1 0.583667 0.394750 0.02 0.02
1 0.564833 0.379000 0.02 0.02
0 0.589667 0.441000 0.02 0.02
0 0.620333 0.394000 0.02 0.02
0 0.552500 0.441500 0.02 0.02
0 0.515667 0.442500 0.02 0.02
2 0.534167 0.395750 0.02 0.02
2 0.497833 0.365500 0.02 0.02
2 0.552833 0.348000 0.02 0.02
2 0.441667 0.350000 0.02 0.02
2 0.447000 0.237500 0.02 0.02
2 0.415833 0.223000 0.02 0.02
2 0.570167 0.167500 0.02 0.02
2 0.614333 0.313500 0.02 0.02
2 0.589167 0.250500 0.02 0.02
1 0.545833 0.300000 0.02 0.02
1 0.546167 0.268500 0.02 0.02
1 0.571000 0.299250 0.02 0.02
0 0.558167 0.268500 0.02 0.02
0 0.526833 0.219000 0.02 0.02
