0 0.381167 0.529500 0.02 0.02
0 0.392167 0.529250 0.02 0.02
3 0.386333 0.544750 0.02 0.02
3 0.362500 0.542750 0.02 0.02
3 0.411000 0.515750 0.02 0.02
3 0.422500 0.517000 0.02 0.02
3 0.416167 0.531000 0.02 0.02
3 0.429333 0.501500 0.02 0.02
1 0.381500 0.471500 0.02 0.02
1 0.368667 0.471000 0.02 0.02
1 0.357333 0.470750 0.02 0.02
1 0.351167 0.455750 0.02 0.02
1 0.339333 0.453750 0.02 0.02
1 0.327500 0.455000 0.02 0.02
1 0.333333 0.470000 0.02 0.02
1 0.327167 0.483500 0.02 0.02
1 0.321000 0.468250 0.02 0.02
1 0.314833 0.483750 0.02 0.02
1 0.357667 0.440750 0.02 0.02
1 0.364000 0.426250 0.02 0.02
1 0.358167 0.412000 0.02 0.02
1 0.346000 0.410750 0.02 0.02
1 0.339833 0.425250 0.02 0.02
1 0.334167 0.410250 0.02 0.02
1 0.370333 0.411750 0.02 0.02
1 0.382333 0.412000 0.02 0.02
1 0.399667 0.427250 0.02 0.02
1 0.394000 0.441250 0.02 0.02
0 0.411833 0.427750 0.02 0.02
0 0.405667 0.382250 0.02 0.02
0 0.381833 0.382000 0.02 0.02
0 0.231667 0.392000 0.02 0.02
0 0.237000 0.435500 0.02 0.02
0 0.242500 0.480250 0.02 0.02
0 0.242000 0.509500 0.02 0.02
3 0.236500 0.523250 0.02 0.02
3 0.224667 0.521750 0.02 0.02
3 0.212667 0.521750 0.02 0.02
3 0.230500 0.508500 0.02 0.02
3 0.201500 0.492750 0.02 0.02
3 0.189333 0.491250 0.02 0.02
3 0.183167 0.506250 0.02 0.02
3 0.171333 0.476250 0.02 0.02
3 0.165333 0.548500 0.02 0.02
3 0.177167 0.549250 0.02 0.02
3 0.183167 0.534750 0.02 0.02
4 0.158833 0.534250 0.02 0.02
4 0.140500 0.546750 0.02 0.02
4 0.146500 0.562000 0.02 0.02
4 0.134833 0.560250 0.02 0.02
4 0.140333 0.575500 0.02 0.02
4 0.152833 0.576750 0.02 0.02
4 0.135000 0.531000 0.02 0.02
4 0.122167 0.500250 0.02 0.02
1 0.423833 0.397750 0.02 0.02
1 0.436000 0.398500 0.02 0.02
1 0.430167 0.414000 0.02 0.02
1 0.412000 0.398250 0.02 0.02
0 0.387833 0.396500 0.02 0.02
1 0.399333 0.457250 0.02 0.02
1 0.387167 0.456500 0.02 0.02
1 0.375167 0.456250 0.02 0.02
1 0.442167 0.383000 0.02 0.02
1 0.441333 0.442500 0.02 0.02
1 0.435333 0.457000 0.02 0.02
1 0.447667 0.457250 0.02 0.02
1 0.453833 0.442000 0.02 0.02
2 0.429833 0.442750 0.02 0.02
2 0.441500 0.471750 0.02 0.02
0 0.459333 0.486500 0.02 0.02
0 0.483667 0.428000 0.02 0.02
0 0.495000 0.458750 0.02 0.02
0 0.489167 0.473000 0.02 0.02
3 0.500833 0.473250 0.02 0.02
3 0.513000 0.473500 0.02 0.02
3 0.543667 0.460000 0.02 0.02
1 0.610167 0.416500 0.02 0.02
1 0.622833 0.416000 0.02 0.02
1 0.634833 0.416500 0.02 0.02
1 0.640667 0.431750 0.02 0.02
1 0.634167 0.447000 0.02 0.02
2 0.653500 0.402000 0.02 0.02
4 0.624000 0.354000 0.02 0.02
4 0.630000 0.370750 0.02 0.02
4 0.642500 0.339500 0.02 0.02
4 0.654500 0.339750 0.02 0.02
4 0.660500 0.323750 0.02 0.02
4 0.648667 0.324250 0.02 0.02
4 0.636333 0.324250 0.02 0.02
4 0.654667 0.308250 0.02 0.02
4 0.630833 0.308250 0.02 0.02
4 0.625167 0.293250 0.02 0.02
4 0.613167 0.293000 0.02 0.02
4 0.637333 0.292750 0.02 0.02
4 0.606667 0.308750 0.02 0.02
4 0.599833 0.324250 0.02 0.02
4 0.624333 0.324250 0.02 0.02
4 0.594167 0.308750 0.02 0.02
4 0.575500 0.323750 0.02 0.02
3 0.582333 0.306750 0.02 0.02
3 0.588833 0.291750 0.02 0.02
3 0.601167 0.292750 0.02 0.02
3 0.583500 0.273500 0.02 0.02
3 0.608000 0.277250 0.02 0.02
3 0.552333 0.288750 0.02 0.02
3 0.569833 0.307500 0.02 0.02
3 0.551167 0.322250 0.02 0.02
3 0.545667 0.306000 0.02 0.02
3 0.540333 0.288250 0.02 0.02
4 0.526333 0.248500 0.02 0.02
4 0.552000 0.252000 0.02 0.02
4 0.532667 0.265750 0.02 0.02
4 0.545833 0.268500 0.02 0.02
4 0.559333 0.268750 0.02 0.02
4 0.545667 0.236000 0.02 0.02
4 0.578333 0.222250 0.02 0.02
4 0.585333 0.206000 0.02 0.02
4 0.572500 0.206250 0.02 0.02
4 0.597667 0.205250 0.02 0.02
4 0.603000 0.220500 0.02 0.02
4 0.610000 0.204000 0.02 0.02
4 0.615333 0.219750 0.02 0.02
4 0.621500 0.202750 0.02 0.02
4 0.578833 0.189750 0.02 0.02
4 0.603333 0.189000 0.02 0.02
4 0.615667 0.188000 0.02 0.02
4 0.628000 0.188500 0.02 0.02
4 0.640167 0.188250 0.02 0.02
4 0.632833 0.205500 0.02 0.02
4 0.650667 0.224000 0.02 0.02
4 0.663000 0.225250 0.02 0.02
4 0.675667 0.226750 0.02 0.02
6 0.651500 0.154000 0.02 0.02
6 0.659167 0.139500 0.02 0.02
6 0.671333 0.139750 0.02 0.02
6 0.665500 0.156500 0.02 0.02
6 0.639667 0.156750 0.02 0.02
6 0.646167 0.171750 0.02 0.02
6 0.658500 0.171000 0.02 0.02
6 0.671167 0.172500 0.02 0.02
6 0.678000 0.157250 0.02 0.02
6 0.684000 0.140500 0.02 0.02
6 0.696333 0.140500 0.02 0.02
6 0.708167 0.140750 0.02 0.02
6 0.689667 0.157000 0.02 0.02
6 0.701333 0.157250 0.02 0.02
6 0.683500 0.172750 0.02 0.02
6 0.695167 0.173250 0.02 0.02
6 0.707167 0.173000 0.02 0.02
6 0.627833 0.154000 0.02 0.02
6 0.615333 0.154250 0.02 0.02
3 0.521667 0.305000 0.02 0.02
3 0.504333 0.324500 0.02 0.02
3 0.491500 0.322750 0.02 0.02
3 0.478667 0.322500 0.02 0.02
3 0.485667 0.307750 0.02 0.02
3 0.466833 0.321500 0.02 0.02
3 0.454667 0.321000 0.02 0.02
3 0.461667 0.306000 0.02 0.02
3 0.474000 0.306000 0.02 0.02
3 0.468000 0.290500 0.02 0.02
3 0.475667 0.278000 0.02 0.02
3 0.455833 0.290750 0.02 0.02
2 0.454500 0.352500 0.02 0.02
2 0.460167 0.367750 0.02 0.02
2 0.436500 0.368250 0.02 0.02
2 0.454500 0.384250 0.02 0.02
2 0.448500 0.396750 0.02 0.02
2 0.459500 0.399000 0.02 0.02
2 0.453500 0.413000 0.02 0.02
3 0.394333 0.351250 0.02 0.02
3 0.406667 0.352000 0.02 0.02
3 0.370833 0.320000 0.02 0.02
4 0.382833 0.321000 0.02 0.02
4 0.388500 0.304750 0.02 0.02
4 0.395000 0.320750 0.02 0.02
4 0.406500 0.321000 0.02 0.02
4 0.412667 0.306000 0.02 0.02
3 0.376667 0.272000 0.02 0.02
3 0.382667 0.289000 0.02 0.02
3 0.394500 0.288250 0.02 0.02
3 0.411833 0.274750 0.02 0.02
3 0.382000 0.253750 0.02 0.02
3 0.376000 0.236750 0.02 0.02
3 0.363667 0.236750 0.02 0.02
4 0.370333 0.254250 0.02 0.02
4 0.364167 0.272500 0.02 0.02
4 0.358333 0.288750 0.02 0.02
4 0.364667 0.304500 0.02 0.02
4 0.346000 0.287750 0.02 0.02
4 0.328167 0.271250 0.02 0.02
4 0.319833 0.251000 0.02 0.02
4 0.308167 0.250250 0.02 0.02
3 0.346000 0.255000 0.02 0.02
3 0.358500 0.255000 0.02 0.02
2 0.436333 0.428000 0.02 0.02
0 0.501667 0.413750 0.02 0.02
0 0.543833 0.429500 0.02 0.02
1 0.568167 0.399750 0.02 0.02
1 0.574333 0.415250 0.02 0.02
1 0.579667 0.400500 0.02 0.02
1 0.585333 0.416500 0.02 0.02
1 0.592167 0.430750 0.02 0.02
1 0.598000 0.446250 0.02 0.02
1 0.604000 0.461000 0.02 0.02
1 0.598333 0.476000 0.02 0.02
