3 0.483333 0.379250 0.02 0.02
3 0.511167 0.366500 0.02 0.02
3 0.396000 0.316750 0.02 0.02
3 0.340500 0.313500 0.02 0.02
3 0.312500 0.298750 0.02 0.02
3 0.306833 0.284500 0.02 0.02
3 0.358000 0.242250 0.02 0.02
3 0.418833 0.230500 0.02 0.02
3 0.284333 0.341000 0.02 0.02
3 0.256500 0.354000 0.02 0.02
3 0.346667 0.271000 0.02 0.02
6 0.335500 0.242250 0.02 0.02
6 0.318833 0.227500 0.02 0.02
6 0.341500 0.227750 0.02 0.02
6 0.341333 0.197750 0.02 0.02
6 0.358000 0.184000 0.02 0.02
6 0.346833 0.153500 0.02 0.02
6 0.363833 0.138750 0.02 0.02
6 0.386500 0.140000 0.02 0.02
6 0.381333 0.123750 0.02 0.02
6 0.312667 0.182000 0.02 0.02
6 0.279000 0.210500 0.02 0.02
6 0.262167 0.282750 0.02 0.02
6 0.522000 0.396000 0.02 0.02
6 0.539000 0.410500 0.02 0.02
6 0.521167 0.424250 0.02 0.02
6 0.550000 0.382750 0.02 0.02
