4 0.305500 0.250750 0.02 0.02
4 0.293333 0.282500 0.02 0.02
4 0.287667 0.297500 0.02 0.02
4 0.281500 0.313000 0.02 0.02
4 0.293667 0.313000 0.02 0.02
4 0.299667 0.329000 0.02 0.02
4 0.287333 0.329250 0.02 0.02
4 0.281333 0.342750 0.02 0.02
4 0.293167 0.343750 0.02 0.02
4 0.305167 0.344500 0.02 0.02
4 0.311667 0.328750 0.02 0.02
4 0.318000 0.313750 0.02 0.02
3 0.305667 0.313250 0.02 0.02
3 0.305833 0.283000 0.02 0.02
3 0.317833 0.282250 0.02 0.02
3 0.336333 0.298500 0.02 0.02
3 0.365667 0.283000 0.02 0.02
3 0.372167 0.299250 0.02 0.02
3 0.378667 0.314750 0.02 0.02
3 0.366167 0.345000 0.02 0.02
3 0.342167 0.345750 0.02 0.02
3 0.336333 0.330000 0.02 0.02
3 0.335833 0.360500 0.02 0.02
3 0.324167 0.361000 0.02 0.02
3 0.299667 0.360500 0.02 0.02
3 0.288000 0.359750 0.02 0.02
3 0.305333 0.375500 0.02 0.02
3 0.329833 0.374250 0.02 0.02
3 0.341667 0.376000 0.02 0.02
3 0.335833 0.390500 0.02 0.02
3 0.347167 0.391500 0.02 0.02
3 0.360167 0.392000 0.02 0.02
3 0.354333 0.407000 0.02 0.02
3 0.366167 0.406750 0.02 0.02
3 0.377833 0.406500 0.02 0.02
3 0.359833 0.421750 0.02 0.02
3 0.353667 0.437000 0.02 0.02
3 0.371333 0.452500 0.02 0.02
3 0.377667 0.468000 0.02 0.02
3 0.383833 0.483250 0.02 0.02
3 0.389667 0.498250 0.02 0.02
3 0.390000 0.467500 0.02 0.02
3 0.395333 0.483000 0.02 0.02
3 0.401500 0.498000 0.02 0.02
3 0.407333 0.513500 0.02 0.02
3 0.383167 0.514250 0.02 0.02
3 0.376667 0.498250 0.02 0.02
3 0.371500 0.483250 0.02 0.02
4 0.365667 0.468000 0.02 0.02
4 0.384167 0.452500 0.02 0.02
4 0.335667 0.452750 0.02 0.02
4 0.341333 0.437750 0.02 0.02
4 0.323667 0.482000 0.02 0.02
4 0.329333 0.436750 0.02 0.02
3 0.497167 0.558500 0.02 0.02
3 0.491500 0.544250 0.02 0.02
3 0.503500 0.544000 0.02 0.02
3 0.502667 0.574250 0.02 0.02
3 0.514667 0.574250 0.02 0.02
3 0.521000 0.559500 0.02 0.02
3 0.527000 0.544750 0.02 0.02
3 0.539167 0.544250 0.02 0.02
3 0.551667 0.545250 0.02 0.02
3 0.563667 0.545000 0.02 0.02
3 0.575667 0.545250 0.02 0.02
3 0.587500 0.545500 0.02 0.02
3 0.594167 0.532250 0.02 0.02
3 0.582167 0.530750 0.02 0.02
4 0.576000 0.516500 0.02 0.02
4 0.564500 0.516000 0.02 0.02
4 0.569833 0.500250 0.02 0.02
4 0.552333 0.486000 0.02 0.02
4 0.564833 0.455500 0.02 0.02
6 0.216167 0.692750 0.02 0.02
6 0.227833 0.692750 0.02 0.02
6 0.239167 0.692500 0.02 0.02
6 0.234000 0.705500 0.02 0.02
6 0.221667 0.706250 0.02 0.02
6 0.221833 0.705750 0.02 0.02
6 0.269000 0.708250 0.02 0.02
6 0.263667 0.723500 0.02 0.02
6 0.275000 0.694250 0.02 0.02
2 0.069667 0.610750 0.02 0.02
2 0.115667 0.562750 0.02 0.02
2 0.135167 0.697000 0.02 0.02
2 0.170167 0.721750 0.02 0.02
2 0.101167 0.593500 0.02 0.02
2 0.103667 0.659500 0.02 0.02
2 0.108667 0.540250 0.02 0.02
2 0.084667 0.612250 0.02 0.02
2 0.128167 0.675250 0.02 0.02
2 0.108667 0.700750 0.02 0.02
2 0.056667 0.520000 0.02 0.02
2 0.120167 0.690250 0.02 0.02
2 0.101167 0.715000 0.02 0.02
0 0.274667 0.633250 0.02 0.02
0 0.737167 0.590500 0.02 0.02
0 0.436167 0.712750 0.02 0.02
1 0.382667 0.573250 0.02 0.02
1 0.707167 0.637000 0.02 0.02
1 0.526167 0.698500 0.02 0.02
1 0.670667 0.700750 0.02 0.02
1 0.479667 0.573250 0.02 0.02
4 0.431167 0.604000 0.02 0.02
4 0.215667 0.602500 0.02 0.02
4 0.256667 0.374500 0.02 0.02
4 0.474667 0.346750 0.02 0.02
4 0.293667 0.375250 0.02 0.02
4 0.257667 0.466750 0.02 0.02
4 0.681667 0.256000 0.02 0.02
4 0.449167 0.559000 0.02 0.02
4 0.450667 0.283750 0.02 0.02
4 0.221667 0.587500 0.02 0.02
4 0.514167 0.635500 0.02 0.02
4 0.287667 0.234250 0.02 0.02
4 0.359667 0.267250 0.02 0.02
4 0.317167 0.375250 0.02 0.02
4 0.311667 0.328750 0.02 0.02
4 0.233167 0.343750 0.02 0.02
4 0.335667 0.421750 0.02 0.02
4 0.496667 0.619750 0.02 0.02
4 0.460667 0.649750 0.02 0.02
4 0.263667 0.359500 0.02 0.02
4 0.456167 0.454750 0.02 0.02
4 0.244667 0.280750 0.02 0.02
4 0.533667 0.529750 0.02 0.02
4 0.520667 0.620500 0.02 0.02
4 0.468667 0.331000 0.02 0.02
4 0.372167 0.360250 0.02 0.02
4 0.634667 0.605500 0.02 0.02
4 0.328167 0.649000 0.02 0.02
4 0.112667 0.462250 0.02 0.02
4 0.191667 0.479500 0.02 0.02
4 0.494167 0.269500 0.02 0.02
4 0.135667 0.341500 0.02 0.02
4 0.075667 0.400000 0.02 0.02
4 0.372167 0.421750 0.02 0.02
4 0.607167 0.439750 0.02 0.02
4 0.209667 0.556750 0.02 0.02
4 0.474167 0.377500 0.02 0.02
4 0.322667 0.633250 0.02 0.02
4 0.503167 0.604000 0.02 0.02
4 0.562667 0.605500 0.02 0.02
4 0.324167 0.329500 0.02 0.02
4 0.347167 0.542500 0.02 0.02
4 0.454667 0.634000 0.02 0.02
4 0.469667 0.237250 0.02 0.02
4 0.340667 0.618250 0.02 0.02
4 0.245167 0.250000 0.02 0.02
4 0.111667 0.403000 0.02 0.02
4 0.378167 0.251500 0.02 0.02
4 0.185167 0.374500 0.02 0.02
4 0.436667 0.619000 0.02 0.02
4 0.442667 0.634000 0.02 0.02
4 0.538667 0.667750 0.02 0.02
4 0.710667 0.302500 0.02 0.02
4 0.402667 0.252250 0.02 0.02
4 0.589667 0.331750 0.02 0.02
4 0.305167 0.344500 0.02 0.02
4 0.456167 0.423250 0.02 0.02
4 0.281667 0.466750 0.02 0.02
4 0.137167 0.584500 0.02 0.02
4 0.419667 0.454000 0.02 0.02
4 0.425167 0.589000 0.02 0.02
4 0.430667 0.633250 0.02 0.02
4 0.250667 0.235000 0.02 0.02
4 0.687667 0.271000 0.02 0.02
4 0.347667 0.298000 0.02 0.02
4 0.626167 0.301000 0.02 0.02
4 0.323667 0.452500 0.02 0.02
4 0.589167 0.454750 0.02 0.02
4 0.704167 0.411250 0.02 0.02
4 0.081667 0.416500 0.02 0.02
4 0.436667 0.650500 0.02 0.02
4 0.383667 0.452500 0.02 0.02
4 0.624667 0.484750 0.02 0.02
4 0.251167 0.602500 0.02 0.02
4 0.384167 0.298750 0.02 0.02
4 0.227167 0.358750 0.02 0.02
4 0.565167 0.454750 0.02 0.02
4 0.638167 0.301000 0.02 0.02
4 0.233667 0.405250 0.02 0.02
4 0.221667 0.556750 0.02 0.02
4 0.569667 0.560500 0.02 0.02
4 0.700667 0.562000 0.02 0.02
4 0.672167 0.576250 0.02 0.02
4 0.203167 0.327250 0.02 0.02
4 0.138167 0.646000 0.02 0.02
4 0.311667 0.234250 0.02 0.02
4 0.493167 0.331000 0.02 0.02
4 0.269667 0.466750 0.02 0.02
4 0.401667 0.468250 0.02 0.02
4 0.370167 0.634000 0.02 0.02
4 0.535667 0.253750 0.02 0.02
4 0.420667 0.268000 0.02 0.02
4 0.366167 0.314500 0.02 0.02
4 0.293167 0.344500 0.02 0.02
4 0.359167 0.572500 0.02 0.02
4 0.611167 0.606250 0.02 0.02
4 0.420667 0.235750 0.02 0.02
4 0.317667 0.344500 0.02 0.02
4 0.365667 0.467500 0.02 0.02
4 0.827167 0.473500 0.02 0.02
4 0.629167 0.591250 0.02 0.02
4 0.384167 0.236500 0.02 0.02
4 0.184667 0.311500 0.02 0.02
4 0.426167 0.346000 0.02 0.02
4 0.281667 0.374500 0.02 0.02
4 0.087667 0.402250 0.02 0.02
4 0.733167 0.457750 0.02 0.02
4 0.382167 0.634000 0.02 0.02
4 0.566667 0.269500 0.02 0.02
4 0.632167 0.348250 0.02 0.02
4 0.468667 0.362500 0.02 0.02
4 0.492667 0.424000 0.02 0.02
4 0.147667 0.248500 0.02 0.02
4 0.275667 0.358750 0.02 0.02
4 0.674167 0.364000 0.02 0.02
4 0.087167 0.431500 0.02 0.02
4 0.720667 0.487000 0.02 0.02
4 0.352667 0.557500 0.02 0.02
4 0.637167 0.425500 0.02 0.02
4 0.677667 0.561250 0.02 0.02
4 0.419167 0.574000 0.02 0.02
4 0.513167 0.220750 0.02 0.02
4 0.511667 0.253750 0.02 0.02
4 0.469167 0.300250 0.02 0.02
4 0.596167 0.379000 0.02 0.02
4 0.119667 0.505750 0.02 0.02
4 0.286667 0.572500 0.02 0.02
4 0.394667 0.634000 0.02 0.02
4 0.598667 0.636250 0.02 0.02
4 0.651667 0.238000 0.02 0.02
4 0.893167 0.269500 0.02 0.02
4 0.172667 0.311500 0.02 0.02
4 0.626167 0.332500 0.02 0.02
4 0.698667 0.364750 0.02 0.02
4 0.293167 0.557500 0.02 0.02
4 0.144167 0.570250 0.02 0.02
4 0.305667 0.220000 0.02 0.02
4 0.390167 0.313750 0.02 0.02
4 0.366167 0.375250 0.02 0.02
4 0.746667 0.427750 0.02 0.02
4 0.679667 0.441250 0.02 0.02
4 0.768667 0.456250 0.02 0.02
4 0.918167 0.176500 0.02 0.02
4 0.221167 0.217750 0.02 0.02
4 0.311667 0.298000 0.02 0.02
4 0.293667 0.313750 0.02 0.02
4 0.401167 0.529000 0.02 0.02
4 0.203667 0.541750 0.02 0.02
4 0.299167 0.572500 0.02 0.02
4 0.490667 0.605500 0.02 0.02
4 0.238667 0.234250 0.02 0.02
4 0.475667 0.252250 0.02 0.02
4 0.427167 0.315250 0.02 0.02
4 0.227167 0.328000 0.02 0.02
4 0.722667 0.334750 0.02 0.02
4 0.559667 0.347500 0.02 0.02
4 0.888167 0.193000 0.02 0.02
4 0.317667 0.250750 0.02 0.02
4 0.408667 0.298750 0.02 0.02
4 0.413667 0.498250 0.02 0.02
4 0.131667 0.659500 0.02 0.02
4 0.518167 0.173500 0.02 0.02
4 0.433167 0.203500 0.02 0.02
4 0.202167 0.265000 0.02 0.02
4 0.197167 0.374500 0.02 0.02
4 0.672167 0.547000 0.02 0.02
4 0.192167 0.602500 0.02 0.02
4 0.693167 0.255250 0.02 0.02
4 0.396667 0.298750 0.02 0.02
4 0.710167 0.334000 0.02 0.02
4 0.141667 0.357250 0.02 0.02
4 0.172667 0.373750 0.02 0.02
4 0.795167 0.397750 0.02 0.02
4 0.245667 0.405250 0.02 0.02
4 0.648667 0.516250 0.02 0.02
4 0.485167 0.619750 0.02 0.02
4 0.257167 0.250000 0.02 0.02
4 0.596167 0.286000 0.02 0.02
4 0.251167 0.359500 0.02 0.02
4 0.734667 0.365500 0.02 0.02
4 0.838667 0.411250 0.02 0.02
4 0.341667 0.436750 0.02 0.02
4 0.191167 0.449500 0.02 0.02
4 0.209667 0.464500 0.02 0.02
4 0.263167 0.541750 0.02 0.02
4 0.905167 0.238000 0.02 0.02
4 0.681667 0.286000 0.02 0.02
4 0.251167 0.328000 0.02 0.02
4 0.486667 0.378250 0.02 0.02
4 0.203667 0.390250 0.02 0.02
4 0.522167 0.529750 0.02 0.02
4 0.660167 0.607000 0.02 0.02
4 0.185667 0.677500 0.02 0.02
4 0.554667 0.236500 0.02 0.02
4 0.450667 0.252250 0.02 0.02
4 0.124667 0.433750 0.02 0.02
4 0.655667 0.441250 0.02 0.02
4 0.695667 0.547000 0.02 0.02
4 0.401667 0.559000 0.02 0.02
4 0.557167 0.652000 0.02 0.02
4 0.568667 0.652750 0.02 0.02
4 0.536167 0.284500 0.02 0.02
4 0.602167 0.301750 0.02 0.02
4 0.100167 0.310000 0.02 0.02
4 0.425667 0.469000 0.02 0.02
4 0.552667 0.485500 0.02 0.02
4 0.334667 0.572500 0.02 0.02
4 0.364667 0.618250 0.02 0.02
4 0.557167 0.620500 0.02 0.02
4 0.472167 0.682000 0.02 0.02
4 0.250667 0.202000 0.02 0.02
4 0.572167 0.253000 0.02 0.02
4 0.632667 0.286000 0.02 0.02
4 0.172667 0.342250 0.02 0.02
4 0.741167 0.350500 0.02 0.02
4 0.068667 0.415750 0.02 0.02
4 0.112667 0.433000 0.02 0.02
4 0.509167 0.620500 0.02 0.02
4 0.888167 0.161500 0.02 0.02
4 0.275167 0.265750 0.02 0.02
4 0.450167 0.499000 0.02 0.02
4 0.619167 0.500500 0.02 0.02
4 0.132167 0.508000 0.02 0.02
4 0.286667 0.542500 0.02 0.02
4 0.647667 0.575500 0.02 0.02
4 0.496667 0.651250 0.02 0.02
4 0.488167 0.220750 0.02 0.02
4 0.208667 0.280750 0.02 0.02
4 0.880167 0.301750 0.02 0.02
4 0.135667 0.373000 0.02 0.02
4 0.311667 0.391000 0.02 0.02
4 0.335667 0.452500 0.02 0.02
4 0.062667 0.460750 0.02 0.02
4 0.648167 0.545500 0.02 0.02
4 0.533167 0.559000 0.02 0.02
4 0.646667 0.223000 0.02 0.02
4 0.876667 0.223000 0.02 0.02
4 0.142167 0.263500 0.02 0.02
4 0.608167 0.316750 0.02 0.02
4 0.885667 0.317500 0.02 0.02
4 0.372167 0.328750 0.02 0.02
4 0.239667 0.389500 0.02 0.02
4 0.203667 0.451000 0.02 0.02
4 0.685667 0.456250 0.02 0.02
4 0.678667 0.502000 0.02 0.02
4 0.311167 0.572500 0.02 0.02
4 0.667667 0.625000 0.02 0.02
4 0.191667 0.632500 0.02 0.02
4 0.657667 0.254500 0.02 0.02
4 0.372167 0.267250 0.02 0.02
4 0.505667 0.269500 0.02 0.02
4 0.481667 0.300250 0.02 0.02
4 0.663167 0.301750 0.02 0.02
4 0.160167 0.311500 0.02 0.02
4 0.704667 0.349750 0.02 0.02
4 0.106667 0.476500 0.02 0.02
4 0.548167 0.285250 0.02 0.02
4 0.275167 0.298000 0.02 0.02
4 0.269667 0.374500 0.02 0.02
4 0.643167 0.440500 0.02 0.02
4 0.456167 0.484000 0.02 0.02
4 0.564167 0.515500 0.02 0.02
4 0.383167 0.603250 0.02 0.02
4 0.883167 0.208000 0.02 0.02
4 0.566167 0.237250 0.02 0.02
4 0.196167 0.249250 0.02 0.02
4 0.438667 0.253000 0.02 0.02
4 0.705167 0.319000 0.02 0.02
4 0.746667 0.397750 0.02 0.02
4 0.136167 0.403750 0.02 0.02
4 0.866667 0.490750 0.02 0.02
4 0.570167 0.501250 0.02 0.02
4 0.539667 0.574000 0.02 0.02
4 0.478167 0.666250 0.02 0.02
4 0.500167 0.253750 0.02 0.02
4 0.673667 0.424750 0.02 0.02
4 0.161667 0.493750 0.02 0.02
4 0.312167 0.266500 0.02 0.02
4 0.615167 0.269500 0.02 0.02
4 0.858667 0.269500 0.02 0.02
4 0.197167 0.280750 0.02 0.02
4 0.129667 0.388000 0.02 0.02
4 0.161167 0.464500 0.02 0.02
4 0.560167 0.253750 0.02 0.02
4 0.639167 0.270250 0.02 0.02
4 0.619167 0.409000 0.02 0.02
4 0.753167 0.412000 0.02 0.02
4 0.114167 0.521500 0.02 0.02
4 0.407167 0.543250 0.02 0.02
4 0.466667 0.698500 0.02 0.02
4 0.316667 0.711250 0.02 0.02
4 0.269667 0.281500 0.02 0.02
4 0.554167 0.300250 0.02 0.02
4 0.257167 0.313000 0.02 0.02
4 0.082167 0.352750 0.02 0.02
4 0.710167 0.365500 0.02 0.02
4 0.710167 0.395500 0.02 0.02
4 0.703667 0.441250 0.02 0.02
4 0.702167 0.532750 0.02 0.02
4 0.156167 0.571750 0.02 0.02
4 0.123167 0.310000 0.02 0.02
4 0.184667 0.342250 0.02 0.02
4 0.281667 0.343000 0.02 0.02
4 0.524167 0.346750 0.02 0.02
4 0.867167 0.363250 0.02 0.02
4 0.686667 0.394750 0.02 0.02
4 0.442667 0.666250 0.02 0.02
4 0.917667 0.208000 0.02 0.02
4 0.263167 0.265750 0.02 0.02
4 0.518167 0.268000 0.02 0.02
4 0.698667 0.302500 0.02 0.02
4 0.608167 0.348250 0.02 0.02
4 0.329667 0.436750 0.02 0.02
4 0.882667 0.441250 0.02 0.02
4 0.461167 0.588250 0.02 0.02
4 0.443167 0.604000 0.02 0.02
4 0.894167 0.238750 0.02 0.02
4 0.209167 0.342250 0.02 0.02
4 0.071167 0.505000 0.02 0.02
4 0.623667 0.576250 0.02 0.02
4 0.124667 0.642250 0.02 0.02
4 0.801167 0.502750 0.02 0.02
4 0.394667 0.664750 0.02 0.02
4 0.887167 0.223750 0.02 0.02
4 0.445167 0.268750 0.02 0.02
4 0.517667 0.300250 0.02 0.02
4 0.644167 0.347500 0.02 0.02
4 0.076167 0.368500 0.02 0.02
4 0.872667 0.378250 0.02 0.02
4 0.679667 0.472000 0.02 0.02
4 0.516167 0.485500 0.02 0.02
4 0.479167 0.604000 0.02 0.02
4 0.334667 0.632500 0.02 0.02
4 0.418167 0.634750 0.02 0.02
4 0.378167 0.283000 0.02 0.02
4 0.281667 0.313750 0.02 0.02
4 0.402667 0.314500 0.02 0.02
4 0.644167 0.317500 0.02 0.02
4 0.245167 0.343750 0.02 0.02
4 0.068667 0.445750 0.02 0.02
4 0.480167 0.484000 0.02 0.02
4 0.424667 0.619000 0.02 0.02
4 0.530167 0.236500 0.02 0.02
4 0.172167 0.247750 0.02 0.02
4 0.239167 0.298000 0.02 0.02
4 0.359667 0.328750 0.02 0.02
4 0.438667 0.346750 0.02 0.02
4 0.323667 0.391000 0.02 0.02
4 0.589667 0.270250 0.02 0.02
4 0.626667 0.270250 0.02 0.02
4 0.330167 0.282250 0.02 0.02
4 0.704167 0.379750 0.02 0.02
4 0.075667 0.461500 0.02 0.02
4 0.155667 0.509500 0.02 0.02
4 0.774167 0.562000 0.02 0.02
4 0.376667 0.588250 0.02 0.02
4 0.497167 0.589000 0.02 0.02
4 0.662667 0.270250 0.02 0.02
4 0.676167 0.271000 0.02 0.02
4 0.675167 0.301000 0.02 0.02
4 0.299167 0.328750 0.02 0.02
4 0.505667 0.330250 0.02 0.02
4 0.891167 0.332500 0.02 0.02
4 0.353667 0.376750 0.02 0.02
4 0.251167 0.390250 0.02 0.02
4 0.257167 0.406000 0.02 0.02
4 0.197167 0.434500 0.02 0.02
4 0.149167 0.463750 0.02 0.02
4 0.782167 0.487000 0.02 0.02
4 0.167667 0.509500 0.02 0.02
4 0.227667 0.601750 0.02 0.02
4 0.500167 0.220750 0.02 0.02
4 0.287167 0.298000 0.02 0.02
4 0.360167 0.298750 0.02 0.02
4 0.868667 0.301000 0.02 0.02
4 0.686667 0.301750 0.02 0.02
4 0.142667 0.327250 0.02 0.02
4 0.698667 0.334750 0.02 0.02
4 0.227667 0.389500 0.02 0.02
4 0.901167 0.424750 0.02 0.02
4 0.697167 0.457000 0.02 0.02
4 0.100667 0.461500 0.02 0.02
4 0.245167 0.526000 0.02 0.02
4 0.358667 0.664750 0.02 0.02
4 0.584667 0.222250 0.02 0.02
4 0.911667 0.223000 0.02 0.02
4 0.341667 0.251500 0.02 0.02
4 0.524167 0.252250 0.02 0.02
4 0.293167 0.281500 0.02 0.02
4 0.317667 0.312250 0.02 0.02
4 0.613667 0.394750 0.02 0.02
4 0.722167 0.396250 0.02 0.02
4 0.872667 0.409750 0.02 0.02
4 0.227667 0.480250 0.02 0.02
4 0.215167 0.481000 0.02 0.02
4 0.394667 0.574000 0.02 0.02
4 0.695667 0.637750 0.02 0.02
4 0.565667 0.300250 0.02 0.02
4 0.511667 0.316750 0.02 0.02
4 0.716667 0.319000 0.02 0.02
4 0.589167 0.394000 0.02 0.02
4 0.698167 0.394750 0.02 0.02
4 0.559167 0.408250 0.02 0.02
4 0.740167 0.412750 0.02 0.02
4 0.347667 0.421750 0.02 0.02
4 0.491167 0.634750 0.02 0.02
4 0.484167 0.682000 0.02 0.02
4 0.595667 0.316750 0.02 0.02
4 0.166667 0.358750 0.02 0.02
4 0.173167 0.404500 0.02 0.02
4 0.186167 0.526000 0.02 0.02
4 0.395667 0.543250 0.02 0.02
4 0.413167 0.558250 0.02 0.02
4 0.275167 0.235000 0.02 0.02
4 0.493667 0.299500 0.02 0.02
4 0.578167 0.300250 0.02 0.02
4 0.450667 0.315250 0.02 0.02
4 0.583667 0.316750 0.02 0.02
4 0.329667 0.345250 0.02 0.02
4 0.245667 0.375250 0.02 0.02
4 0.057167 0.385000 0.02 0.02
4 0.215667 0.450250 0.02 0.02
4 0.144667 0.539500 0.02 0.02
4 0.666167 0.561250 0.02 0.02
4 0.899667 0.192250 0.02 0.02
4 0.299667 0.235000 0.02 0.02
4 0.494167 0.237250 0.02 0.02
4 0.281667 0.250000 0.02 0.02
4 0.116667 0.325750 0.02 0.02
4 0.499667 0.346750 0.02 0.02
4 0.154167 0.358750 0.02 0.02
4 0.751167 0.471250 0.02 0.02
4 0.865667 0.191500 0.02 0.02
4 0.894167 0.208750 0.02 0.02
4 0.323667 0.298000 0.02 0.02
4 0.656667 0.317500 0.02 0.02
4 0.638167 0.332500 0.02 0.02
4 0.129167 0.357250 0.02 0.02
4 0.100667 0.491500 0.02 0.02
4 0.336167 0.266500 0.02 0.02
4 0.881167 0.268750 0.02 0.02
4 0.716167 0.380500 0.02 0.02
4 0.329167 0.406000 0.02 0.02
4 0.094167 0.447250 0.02 0.02
4 0.770167 0.486250 0.02 0.02
4 0.795167 0.487750 0.02 0.02
4 0.396167 0.268000 0.02 0.02
4 0.197167 0.342250 0.02 0.02
4 0.311667 0.361000 0.02 0.02
4 0.099667 0.402250 0.02 0.02
4 0.637167 0.456250 0.02 0.02
4 0.180667 0.541000 0.02 0.02
4 0.665667 0.592000 0.02 0.02
4 0.203667 0.662500 0.02 0.02
4 0.232667 0.217750 0.02 0.02
4 0.336167 0.235750 0.02 0.02
4 0.269667 0.250750 0.02 0.02
4 0.874667 0.285250 0.02 0.02
4 0.619667 0.316750 0.02 0.02
4 0.191167 0.327250 0.02 0.02
4 0.044667 0.384250 0.02 0.02
4 0.631667 0.440500 0.02 0.02
4 0.576167 0.516250 0.02 0.02
4 0.340167 0.649000 0.02 0.02
4 0.543167 0.236500 0.02 0.02
4 0.887667 0.253000 0.02 0.02
4 0.348167 0.268000 0.02 0.02
4 0.668667 0.317500 0.02 0.02
4 0.728667 0.381250 0.02 0.02
4 0.142167 0.388750 0.02 0.02
4 0.758667 0.427000 0.02 0.02
4 0.702667 0.502750 0.02 0.02
4 0.162167 0.587500 0.02 0.02
4 0.070167 0.354250 0.02 0.02
4 0.154167 0.388750 0.02 0.02
4 0.867167 0.394750 0.02 0.02
4 0.814167 0.444250 0.02 0.02
4 0.106667 0.447250 0.02 0.02
4 0.649167 0.454750 0.02 0.02
4 0.876667 0.456250 0.02 0.02
4 0.899167 0.254500 0.02 0.02
4 0.281167 0.281500 0.02 0.02
4 0.414167 0.283000 0.02 0.02
4 0.669167 0.286000 0.02 0.02
4 0.088167 0.369250 0.02 0.02
4 0.571667 0.377500 0.02 0.02
4 0.715167 0.412000 0.02 0.02
4 0.069167 0.476500 0.02 0.02
4 0.876167 0.160750 0.02 0.02
4 0.905667 0.207250 0.02 0.02
4 0.245167 0.218500 0.02 0.02
4 0.881667 0.238750 0.02 0.02
4 0.299667 0.266500 0.02 0.02
4 0.377667 0.344500 0.02 0.02
4 0.480667 0.362500 0.02 0.02
4 0.149667 0.434500 0.02 0.02
4 0.801167 0.473500 0.02 0.02
4 0.800667 0.532000 0.02 0.02
4 0.900167 0.161500 0.02 0.02
4 0.390667 0.251500 0.02 0.02
4 0.621167 0.253000 0.02 0.02
4 0.548667 0.253750 0.02 0.02
4 0.324167 0.266500 0.02 0.02
4 0.148167 0.280750 0.02 0.02
4 0.891667 0.301750 0.02 0.02
4 0.089167 0.310000 0.02 0.02
4 0.269167 0.313000 0.02 0.02
4 0.896167 0.347500 0.02 0.02
4 0.787667 0.502000 0.02 0.02
4 0.455667 0.604000 0.02 0.02
4 0.139167 0.675250 0.02 0.02
4 0.711167 0.716500 0.02 0.02
4 0.525167 0.221500 0.02 0.02
4 0.118667 0.418750 0.02 0.02
4 0.099667 0.432250 0.02 0.02
4 0.119167 0.477250 0.02 0.02
4 0.808167 0.517750 0.02 0.02
4 0.641667 0.591250 0.02 0.02
4 0.221167 0.648250 0.02 0.02
4 0.178667 0.326500 0.02 0.02
4 0.221167 0.343750 0.02 0.02
4 0.215167 0.389500 0.02 0.02
4 0.721667 0.427000 0.02 0.02
4 0.734167 0.428500 0.02 0.02
4 0.136667 0.433750 0.02 0.02
4 0.630667 0.502000 0.02 0.02
4 0.138167 0.523750 0.02 0.02
4 0.792167 0.577000 0.02 0.02
4 0.653167 0.592000 0.02 0.02
4 0.611167 0.637750 0.02 0.02
4 0.518167 0.205000 0.02 0.02
4 0.658167 0.223000 0.02 0.02
4 0.518667 0.238000 0.02 0.02
4 0.584167 0.253750 0.02 0.02
4 0.644667 0.286750 0.02 0.02
4 0.651167 0.301000 0.02 0.02
4 0.643667 0.471250 0.02 0.02
4 0.667167 0.502000 0.02 0.02
4 0.150167 0.586000 0.02 0.02
4 0.215167 0.295750 0.02 0.02
4 0.590667 0.301000 0.02 0.02
4 0.613667 0.301000 0.02 0.02
4 0.456667 0.331000 0.02 0.02
4 0.885167 0.347500 0.02 0.02
4 0.341667 0.406000 0.02 0.02
4 0.691667 0.441250 0.02 0.02
4 0.752167 0.453250 0.02 0.02
4 0.814667 0.474250 0.02 0.02
4 0.323167 0.481750 0.02 0.02
4 0.649667 0.486250 0.02 0.02
4 0.821167 0.517750 0.02 0.02
4 0.863667 0.284500 0.02 0.02
4 0.215167 0.328000 0.02 0.02
4 0.148167 0.343000 0.02 0.02
4 0.239167 0.359500 0.02 0.02
4 0.850167 0.380500 0.02 0.02
4 0.850667 0.410500 0.02 0.02
4 0.709667 0.427000 0.02 0.02
4 0.118667 0.448000 0.02 0.02
4 0.714167 0.502750 0.02 0.02
4 0.586167 0.700000 0.02 0.02
4 0.608667 0.253750 0.02 0.02
4 0.645167 0.254500 0.02 0.02
4 0.342167 0.283000 0.02 0.02
4 0.263167 0.296500 0.02 0.02
4 0.111167 0.309250 0.02 0.02
4 0.872667 0.347500 0.02 0.02
4 0.063667 0.369250 0.02 0.02
4 0.118167 0.388000 0.02 0.02
4 0.076167 0.489250 0.02 0.02
4 0.275167 0.542500 0.02 0.02
4 0.635667 0.575500 0.02 0.02
4 0.348667 0.236500 0.02 0.02
4 0.602167 0.269500 0.02 0.02
4 0.650667 0.269500 0.02 0.02
4 0.160167 0.279250 0.02 0.02
4 0.808167 0.488500 0.02 0.02
4 0.678167 0.532000 0.02 0.02
4 0.683667 0.547000 0.02 0.02
4 0.491167 0.574750 0.02 0.02
4 0.578667 0.269500 0.02 0.02
4 0.487667 0.283750 0.02 0.02
4 0.160167 0.373000 0.02 0.02
4 0.130667 0.448000 0.02 0.02
4 0.155167 0.479500 0.02 0.02
4 0.180167 0.510250 0.02 0.02
4 0.509167 0.588250 0.02 0.02
4 0.554667 0.268750 0.02 0.02
4 0.620667 0.286000 0.02 0.02
4 0.839667 0.317500 0.02 0.02
4 0.517667 0.362500 0.02 0.02
4 0.727167 0.473500 0.02 0.02
4 0.167167 0.692500 0.02 0.02
4 0.506167 0.238000 0.02 0.02
4 0.178667 0.263500 0.02 0.02
4 0.383667 0.267250 0.02 0.02
4 0.153667 0.295000 0.02 0.02
4 0.142667 0.419500 0.02 0.02
4 0.805167 0.575500 0.02 0.02
4 0.494667 0.205000 0.02 0.02
4 0.597167 0.223000 0.02 0.02
4 0.293667 0.250750 0.02 0.02
4 0.904667 0.269500 0.02 0.02
4 0.105667 0.325000 0.02 0.02
4 0.725167 0.502750 0.02 0.02
4 0.143667 0.508000 0.02 0.02
4 0.214667 0.265000 0.02 0.02
4 0.739667 0.381250 0.02 0.02
4 0.131167 0.477250 0.02 0.02
4 0.805667 0.546250 0.02 0.02
4 0.905667 0.176500 0.02 0.02
4 0.190167 0.264250 0.02 0.02
4 0.232667 0.281500 0.02 0.02
4 0.814167 0.532000 0.02 0.02
4 0.256667 0.281500 0.02 0.02
4 0.129667 0.325750 0.02 0.02
4 0.058167 0.355000 0.02 0.02
4 0.776667 0.381250 0.02 0.02
4 0.149167 0.403750 0.02 0.02
4 0.727667 0.442750 0.02 0.02
4 0.126667 0.523000 0.02 0.02
4 0.621167 0.221500 0.02 0.02
4 0.615167 0.237250 0.02 0.02
4 0.221167 0.280750 0.02 0.02
4 0.221167 0.313000 0.02 0.02
4 0.154167 0.327250 0.02 0.02
4 0.619667 0.439750 0.02 0.02
4 0.761667 0.531250 0.02 0.02
4 0.329667 0.252250 0.02 0.02
4 0.287667 0.328750 0.02 0.02
4 0.518167 0.330250 0.02 0.02
4 0.191167 0.358000 0.02 0.02
4 0.451167 0.376750 0.02 0.02
4 0.751667 0.504250 0.02 0.02
4 0.511167 0.346000 0.02 0.02
4 0.734167 0.397000 0.02 0.02
4 0.865667 0.457750 0.02 0.02
4 0.174667 0.616750 0.02 0.02
4 0.166167 0.232750 0.02 0.02
4 0.627167 0.238000 0.02 0.02
4 0.208167 0.249250 0.02 0.02
4 0.785167 0.592750 0.02 0.02
4 0.882167 0.176500 0.02 0.02
4 0.306167 0.251500 0.02 0.02
4 0.179167 0.296500 0.02 0.02
4 0.347667 0.361000 0.02 0.02
4 0.801667 0.444250 0.02 0.02
4 0.107167 0.505750 0.02 0.02
4 0.168167 0.541000 0.02 0.02
4 0.793667 0.546250 0.02 0.02
4 0.870167 0.270250 0.02 0.02
4 0.402667 0.282250 0.02 0.02
4 0.135667 0.310750 0.02 0.02
4 0.889667 0.426250 0.02 0.02
4 0.715167 0.472000 0.02 0.02
4 0.745167 0.487000 0.02 0.02
4 0.696167 0.517000 0.02 0.02
4 0.352167 0.681250 0.02 0.02
4 0.160167 0.248500 0.02 0.02
4 0.876167 0.253750 0.02 0.02
4 0.408667 0.268000 0.02 0.02
4 0.456667 0.268750 0.02 0.02
4 0.908667 0.378250 0.02 0.02
4 0.174167 0.495250 0.02 0.02
4 0.674167 0.640750 0.02 0.02
4 0.856667 0.394750 0.02 0.02
4 0.346667 0.664750 0.02 0.02
4 0.257167 0.679000 0.02 0.02
4 0.913167 0.424000 0.02 0.02
4 0.860667 0.442000 0.02 0.02
4 0.690667 0.502750 0.02 0.02
4 0.150167 0.524500 0.02 0.02
4 0.162667 0.524500 0.02 0.02
4 0.876667 0.191500 0.02 0.02
4 0.668667 0.379000 0.02 0.02
4 0.179167 0.419500 0.02 0.02
4 0.763667 0.471250 0.02 0.02
4 0.855667 0.485500 0.02 0.02
4 0.156167 0.540250 0.02 0.02
4 0.650667 0.333250 0.02 0.02
4 0.642667 0.501250 0.02 0.02
4 0.611667 0.547000 0.02 0.02
4 0.852667 0.130750 0.02 0.02
4 0.608667 0.286000 0.02 0.02
4 0.190667 0.295750 0.02 0.02
4 0.202667 0.295750 0.02 0.02
4 0.179167 0.358750 0.02 0.02
4 0.849667 0.441250 0.02 0.02
4 0.094667 0.475750 0.02 0.02
4 0.089167 0.509500 0.02 0.02
4 0.426667 0.283750 0.02 0.02
4 0.529667 0.301000 0.02 0.02
4 0.147667 0.310000 0.02 0.02
4 0.879667 0.331750 0.02 0.02
4 0.257167 0.343750 0.02 0.02
4 0.311167 0.541750 0.02 0.02
4 0.508167 0.714250 0.02 0.02
4 0.529667 0.268750 0.02 0.02
4 0.262667 0.328000 0.02 0.02
4 0.143667 0.601000 0.02 0.02
4 0.899167 0.223750 0.02 0.02
4 0.172167 0.280000 0.02 0.02
4 0.803667 0.288250 0.02 0.02
4 0.227667 0.295750 0.02 0.02
4 0.123167 0.372250 0.02 0.02
4 0.896167 0.378250 0.02 0.02
4 0.685167 0.609250 0.02 0.02
4 0.595667 0.253750 0.02 0.02
4 0.633167 0.254500 0.02 0.02
4 0.705167 0.286750 0.02 0.02
4 0.074667 0.432250 0.02 0.02
4 0.655167 0.470500 0.02 0.02
4 0.707667 0.518500 0.02 0.02
4 0.165667 0.295000 0.02 0.02
4 0.124167 0.403750 0.02 0.02
4 0.173667 0.556750 0.02 0.02
4 0.866167 0.253750 0.02 0.02
4 0.196167 0.311500 0.02 0.02
4 0.680667 0.349000 0.02 0.02
4 0.878167 0.362500 0.02 0.02
4 0.826667 0.442750 0.02 0.02
4 0.088667 0.490000 0.02 0.02
4 0.233167 0.249250 0.02 0.02
4 0.051167 0.370000 0.02 0.02
4 0.861167 0.378250 0.02 0.02
4 0.889667 0.394000 0.02 0.02
4 0.133167 0.538750 0.02 0.02
4 0.150667 0.554500 0.02 0.02
4 0.251167 0.265000 0.02 0.02
4 0.094167 0.354250 0.02 0.02
4 0.220667 0.406000 0.02 0.02
4 0.366167 0.252250 0.02 0.02
4 0.862667 0.316000 0.02 0.02
4 0.702667 0.472750 0.02 0.02
4 0.690167 0.532000 0.02 0.02
4 0.413167 0.649000 0.02 0.02
4 0.897167 0.317500 0.02 0.02
4 0.861667 0.409750 0.02 0.02
4 0.901667 0.394000 0.02 0.02
4 0.304667 0.710500 0.02 0.02
4 0.250667 0.297250 0.02 0.02
4 0.866667 0.424750 0.02 0.02
4 0.906667 0.441250 0.02 0.02
4 0.690667 0.622750 0.02 0.02
4 0.185167 0.280000 0.02 0.02
4 0.245167 0.313000 0.02 0.02
4 0.088167 0.339250 0.02 0.02
4 0.155667 0.449500 0.02 0.02
4 0.901667 0.456250 0.02 0.02
4 0.723167 0.366250 0.02 0.02
4 0.844667 0.426250 0.02 0.02
4 0.799167 0.561250 0.02 0.02
4 0.762667 0.441250 0.02 0.02
4 0.138167 0.554500 0.02 0.02
4 0.110667 0.340750 0.02 0.02
4 0.130167 0.418000 0.02 0.02
4 0.138667 0.616000 0.02 0.02
4 0.733167 0.487000 0.02 0.02
4 0.439167 0.315250 0.02 0.02
4 0.101167 0.520000 0.02 0.02
4 0.693167 0.286000 0.02 0.02
4 0.832667 0.514750 0.02 0.02
4 0.889167 0.456250 0.02 0.02
4 0.100167 0.339250 0.02 0.02
4 0.718167 0.518500 0.02 0.02
4 0.160167 0.404500 0.02 0.02
4 0.061667 0.492250 0.02 0.02
4 0.121167 0.541750 0.02 0.02
4 0.826167 0.603250 0.02 0.02
4 0.123667 0.583000 0.02 0.02
4 0.714667 0.443500 0.02 0.02
4 0.712167 0.535000 0.02 0.02
4 0.689667 0.562750 0.02 0.02
4 0.847167 0.553750 0.02 0.02
4 0.105167 0.577000 0.02 0.02
4 0.099667 0.370750 0.02 0.02
4 0.106167 0.355000 0.02 0.02
4 0.084667 0.553750 0.02 0.02
4 0.082167 0.384250 0.02 0.02
4 0.115667 0.600250 0.02 0.02
4 0.837167 0.527500 0.02 0.02
4 0.092167 0.535750 0.02 0.02
4 0.064167 0.585250 0.02 0.02
4 0.115667 0.660250 0.02 0.02
4 0.734667 0.523000 0.02 0.02
4 0.072667 0.568000 0.02 0.02
4 0.696667 0.606250 0.02 0.02
4 0.328167 0.188500 0.02 0.02
4 0.070167 0.537250 0.02 0.02
4 0.086667 0.646000 0.02 0.02
4 0.360167 0.236500 0.02 0.02
4 0.183167 0.247750 0.02 0.02
4 0.642667 0.412750 0.02 0.02
4 0.776167 0.472000 0.02 0.02
4 0.870167 0.469750 0.02 0.02
4 0.234167 0.377500 0.02 0.02
4 0.691667 0.223000 0.02 0.02
4 0.193167 0.538000 0.02 0.02
4 0.682667 0.580750 0.02 0.02
3 0.269167 0.496000 0.02 0.02
3 0.209667 0.587500 0.02 0.02
3 0.329667 0.496750 0.02 0.02
3 0.359167 0.513250 0.02 0.02
3 0.412167 0.681250 0.02 0.02
3 0.413667 0.469000 0.02 0.02
3 0.595667 0.347500 0.02 0.02
3 0.358667 0.634000 0.02 0.02
3 0.239167 0.662500 0.02 0.02
3 0.605167 0.621250 0.02 0.02
3 0.275667 0.511750 0.02 0.02
3 0.239667 0.571750 0.02 0.02
3 0.591167 0.206500 0.02 0.02
3 0.215167 0.421000 0.02 0.02
3 0.569667 0.530500 0.02 0.02
3 0.347167 0.512500 0.02 0.02
3 0.389167 0.588250 0.02 0.02
3 0.563667 0.575500 0.02 0.02
3 0.538667 0.604750 0.02 0.02
3 0.377667 0.467500 0.02 0.02
3 0.527667 0.544750 0.02 0.02
3 0.432167 0.392500 0.02 0.02
3 0.378167 0.376000 0.02 0.02
3 0.239667 0.541750 0.02 0.02
3 0.421667 0.171250 0.02 0.02
3 0.729167 0.318250 0.02 0.02
3 0.341167 0.587500 0.02 0.02
3 0.202167 0.201250 0.02 0.02
3 0.455667 0.544000 0.02 0.02
3 0.580667 0.684250 0.02 0.02
3 0.305167 0.556750 0.02 0.02
3 0.174167 0.586750 0.02 0.02
3 0.456167 0.300250 0.02 0.02
3 0.466667 0.666250 0.02 0.02
3 0.730667 0.606250 0.02 0.02
3 0.287167 0.359500 0.02 0.02
3 0.413167 0.589000 0.02 0.02
3 0.509667 0.559000 0.02 0.02
3 0.377167 0.618250 0.02 0.02
3 0.263667 0.450250 0.02 0.02
3 0.437167 0.529750 0.02 0.02
3 0.550667 0.605500 0.02 0.02
3 0.448667 0.619000 0.02 0.02
3 0.406167 0.664750 0.02 0.02
3 0.586667 0.668500 0.02 0.02
3 0.499167 0.378250 0.02 0.02
3 0.317167 0.618250 0.02 0.02
3 0.532667 0.620500 0.02 0.02
3 0.492667 0.392500 0.02 0.02
3 0.360167 0.421750 0.02 0.02
3 0.353667 0.467500 0.02 0.02
3 0.299167 0.541750 0.02 0.02
3 0.388667 0.618250 0.02 0.02
3 0.572167 0.346750 0.02 0.02
3 0.143167 0.448750 0.02 0.02
3 0.359667 0.452500 0.02 0.02
3 0.437167 0.559000 0.02 0.02
3 0.341667 0.220000 0.02 0.02
3 0.553167 0.424750 0.02 0.02
3 0.203167 0.359500 0.02 0.02
3 0.626167 0.394750 0.02 0.02
3 0.448667 0.589000 0.02 0.02
3 0.457167 0.236500 0.02 0.02
3 0.402667 0.345250 0.02 0.02
3 0.251667 0.450250 0.02 0.02
3 0.791167 0.608500 0.02 0.02
3 0.389167 0.528250 0.02 0.02
3 0.624167 0.545500 0.02 0.02
3 0.468667 0.423250 0.02 0.02
3 0.125167 0.463000 0.02 0.02
3 0.607167 0.470500 0.02 0.02
3 0.443667 0.484000 0.02 0.02
3 0.407667 0.514000 0.02 0.02
3 0.545167 0.589750 0.02 0.02
3 0.502667 0.667750 0.02 0.02
3 0.475167 0.283750 0.02 0.02
3 0.414667 0.376750 0.02 0.02
3 0.407667 0.453250 0.02 0.02
3 0.263167 0.511750 0.02 0.02
3 0.245167 0.556750 0.02 0.02
3 0.396167 0.422500 0.02 0.02
3 0.305167 0.436750 0.02 0.02
3 0.395167 0.513250 0.02 0.02
3 0.504167 0.514000 0.02 0.02
3 0.528167 0.514750 0.02 0.02
3 0.593167 0.590500 0.02 0.02
3 0.420167 0.361000 0.02 0.02
3 0.191167 0.389500 0.02 0.02
3 0.197667 0.405250 0.02 0.02
3 0.191667 0.510250 0.02 0.02
3 0.755167 0.607750 0.02 0.02
3 0.263167 0.202000 0.02 0.02
3 0.620167 0.347500 0.02 0.02
3 0.378167 0.407500 0.02 0.02
3 0.197667 0.465250 0.02 0.02
3 0.546667 0.469750 0.02 0.02
3 0.250667 0.664000 0.02 0.02
3 0.317167 0.436750 0.02 0.02
3 0.523167 0.439750 0.02 0.02
3 0.383667 0.513250 0.02 0.02
3 0.574667 0.668500 0.02 0.02
3 0.370167 0.697000 0.02 0.02
3 0.468667 0.393250 0.02 0.02
3 0.438667 0.408250 0.02 0.02
3 0.383667 0.422500 0.02 0.02
3 0.281667 0.526750 0.02 0.02
3 0.557667 0.530500 0.02 0.02
3 0.748667 0.623500 0.02 0.02
3 0.438167 0.376750 0.02 0.02
3 0.257167 0.557500 0.02 0.02
3 0.559667 0.378250 0.02 0.02
3 0.462667 0.409000 0.02 0.02
3 0.480667 0.424000 0.02 0.02
3 0.311667 0.451750 0.02 0.02
3 0.510667 0.469750 0.02 0.02
3 0.371167 0.513250 0.02 0.02
3 0.642167 0.530500 0.02 0.02
3 0.470167 0.172000 0.02 0.02
3 0.347667 0.330250 0.02 0.02
3 0.619667 0.379000 0.02 0.02
3 0.789667 0.382000 0.02 0.02
3 0.474167 0.408250 0.02 0.02
3 0.576667 0.424750 0.02 0.02
3 0.468167 0.484750 0.02 0.02
3 0.540167 0.485500 0.02 0.02
3 0.197667 0.495250 0.02 0.02
3 0.245167 0.496000 0.02 0.02
3 0.692667 0.349750 0.02 0.02
3 0.317667 0.496750 0.02 0.02
3 0.672667 0.516250 0.02 0.02
3 0.359167 0.543250 0.02 0.02
3 0.587667 0.545500 0.02 0.02
3 0.269167 0.617500 0.02 0.02
3 0.484667 0.650500 0.02 0.02
3 0.192167 0.662500 0.02 0.02
3 0.286167 0.664000 0.02 0.02
3 0.496167 0.682750 0.02 0.02
3 0.322667 0.695500 0.02 0.02
3 0.414667 0.252250 0.02 0.02
3 0.341667 0.467500 0.02 0.02
3 0.299667 0.511750 0.02 0.02
3 0.467667 0.514000 0.02 0.02
3 0.551667 0.515500 0.02 0.02
3 0.365167 0.557500 0.02 0.02
3 0.406667 0.697000 0.02 0.02
3 0.480667 0.393250 0.02 0.02
3 0.062667 0.400000 0.02 0.02
3 0.191167 0.419500 0.02 0.02
3 0.359667 0.483250 0.02 0.02
3 0.317167 0.556750 0.02 0.02
3 0.316667 0.648250 0.02 0.02
3 0.544667 0.652750 0.02 0.02
3 0.168167 0.661750 0.02 0.02
3 0.275667 0.328750 0.02 0.02
3 0.396167 0.360250 0.02 0.02
3 0.329667 0.376000 0.02 0.02
3 0.481667 0.236500 0.02 0.02
3 0.366167 0.283750 0.02 0.02
3 0.662667 0.364000 0.02 0.02
3 0.511167 0.378250 0.02 0.02
3 0.239167 0.420250 0.02 0.02
3 0.450167 0.529000 0.02 0.02
3 0.630167 0.530500 0.02 0.02
3 0.227667 0.572500 0.02 0.02
3 0.323167 0.602500 0.02 0.02
3 0.366167 0.407500 0.02 0.02
3 0.486667 0.409000 0.02 0.02
3 0.498167 0.499750 0.02 0.02
3 0.606667 0.500500 0.02 0.02
3 0.323167 0.571750 0.02 0.02
3 0.346667 0.602500 0.02 0.02
3 0.461167 0.619750 0.02 0.02
3 0.719667 0.637750 0.02 0.02
3 0.227167 0.662500 0.02 0.02
3 0.637667 0.364000 0.02 0.02
3 0.480167 0.454000 0.02 0.02
3 0.619167 0.470500 0.02 0.02
3 0.251167 0.481000 0.02 0.02
3 0.371667 0.483250 0.02 0.02
3 0.269667 0.526750 0.02 0.02
3 0.425167 0.528250 0.02 0.02
3 0.461167 0.529000 0.02 0.02
3 0.521167 0.559000 0.02 0.02
3 0.623167 0.606250 0.02 0.02
3 0.418667 0.664750 0.02 0.02
3 0.317667 0.526750 0.02 0.02
3 0.532667 0.589750 0.02 0.02
3 0.575167 0.637000 0.02 0.02
3 0.185667 0.646750 0.02 0.02
3 0.215667 0.662500 0.02 0.02
3 0.759167 0.334750 0.02 0.02
3 0.450667 0.346000 0.02 0.02
3 0.716167 0.349750 0.02 0.02
3 0.214667 0.358750 0.02 0.02
3 0.583667 0.409750 0.02 0.02
3 0.776667 0.412000 0.02 0.02
3 0.354167 0.436750 0.02 0.02
3 0.667667 0.441250 0.02 0.02
3 0.691167 0.472000 0.02 0.02
3 0.425667 0.499000 0.02 0.02
3 0.557167 0.589750 0.02 0.02
3 0.472667 0.619750 0.02 0.02
3 0.542167 0.268750 0.02 0.02
3 0.547667 0.316000 0.02 0.02
3 0.540667 0.424750 0.02 0.02
3 0.184667 0.434500 0.02 0.02
3 0.612667 0.455500 0.02 0.02
3 0.667167 0.472000 0.02 0.02
3 0.371167 0.543250 0.02 0.02
3 0.653667 0.561250 0.02 0.02
3 0.352667 0.587500 0.02 0.02
3 0.526667 0.604750 0.02 0.02
3 0.150167 0.616000 0.02 0.02
3 0.520667 0.652000 0.02 0.02
3 0.529667 0.361750 0.02 0.02
3 0.161167 0.435250 0.02 0.02
3 0.498667 0.439000 0.02 0.02
3 0.504167 0.484750 0.02 0.02
3 0.509667 0.499750 0.02 0.02
3 0.245667 0.587500 0.02 0.02
3 0.262667 0.633250 0.02 0.02
3 0.281167 0.436750 0.02 0.02
3 0.221667 0.526000 0.02 0.02
3 0.275167 0.572500 0.02 0.02
3 0.304667 0.617500 0.02 0.02
3 0.506167 0.300250 0.02 0.02
3 0.578167 0.331750 0.02 0.02
3 0.456167 0.392500 0.02 0.02
3 0.468667 0.454000 0.02 0.02
3 0.600667 0.485500 0.02 0.02
3 0.209667 0.526000 0.02 0.02
3 0.599167 0.575500 0.02 0.02
3 0.587167 0.636250 0.02 0.02
3 0.470167 0.203500 0.02 0.02
3 0.463667 0.252250 0.02 0.02
3 0.631667 0.379000 0.02 0.02
3 0.293167 0.405250 0.02 0.02
3 0.601667 0.424000 0.02 0.02
3 0.571167 0.440500 0.02 0.02
3 0.311167 0.512500 0.02 0.02
3 0.334667 0.603250 0.02 0.02
3 0.592167 0.175000 0.02 0.02
3 0.488667 0.188500 0.02 0.02
3 0.536167 0.190000 0.02 0.02
3 0.682667 0.190000 0.02 0.02
3 0.458167 0.204250 0.02 0.02
3 0.239167 0.328000 0.02 0.02
3 0.534667 0.439000 0.02 0.02
3 0.661167 0.487000 0.02 0.02
3 0.558667 0.500500 0.02 0.02
3 0.341167 0.527500 0.02 0.02
3 0.550667 0.637000 0.02 0.02
3 0.598667 0.669250 0.02 0.02
3 0.458167 0.171250 0.02 0.02
3 0.354167 0.283000 0.02 0.02
3 0.323667 0.360250 0.02 0.02
3 0.594667 0.470500 0.02 0.02
3 0.480167 0.514000 0.02 0.02
3 0.251667 0.541000 0.02 0.02
3 0.575167 0.545500 0.02 0.02
3 0.737667 0.622000 0.02 0.02
3 0.156167 0.631000 0.02 0.02
3 0.328667 0.711250 0.02 0.02
3 0.571667 0.285250 0.02 0.02
3 0.487167 0.314500 0.02 0.02
3 0.390667 0.345250 0.02 0.02
3 0.631667 0.409750 0.02 0.02
3 0.431667 0.454000 0.02 0.02
3 0.546167 0.499000 0.02 0.02
3 0.370667 0.603250 0.02 0.02
3 0.592667 0.621250 0.02 0.02
3 0.263667 0.390250 0.02 0.02
3 0.516667 0.454000 0.02 0.02
3 0.473667 0.469000 0.02 0.02
3 0.341667 0.496750 0.02 0.02
3 0.204167 0.510250 0.02 0.02
3 0.257167 0.526000 0.02 0.02
3 0.425667 0.559000 0.02 0.02
3 0.461167 0.559000 0.02 0.02
3 0.545167 0.559750 0.02 0.02
3 0.641667 0.560500 0.02 0.02
3 0.257167 0.586750 0.02 0.02
3 0.695667 0.668500 0.02 0.02
3 0.226667 0.202000 0.02 0.02
3 0.292667 0.436000 0.02 0.02
3 0.371667 0.453250 0.02 0.02
3 0.317167 0.466750 0.02 0.02
3 0.636167 0.546250 0.02 0.02
3 0.162667 0.555250 0.02 0.02
3 0.524667 0.189250 0.02 0.02
3 0.409167 0.330250 0.02 0.02
3 0.770667 0.365500 0.02 0.02
3 0.287167 0.390250 0.02 0.02
3 0.287167 0.420250 0.02 0.02
3 0.661667 0.455500 0.02 0.02
3 0.407167 0.574000 0.02 0.02
3 0.408667 0.361750 0.02 0.02
3 0.528667 0.484000 0.02 0.02
3 0.781167 0.517000 0.02 0.02
3 0.510167 0.529000 0.02 0.02
3 0.574667 0.605500 0.02 0.02
3 0.535167 0.408250 0.02 0.02
3 0.299167 0.481750 0.02 0.02
3 0.149667 0.493000 0.02 0.02
3 0.539667 0.514750 0.02 0.02
3 0.418667 0.603250 0.02 0.02
3 0.686667 0.364000 0.02 0.02
3 0.148667 0.373750 0.02 0.02
3 0.408167 0.422500 0.02 0.02
3 0.414167 0.439000 0.02 0.02
3 0.504167 0.454000 0.02 0.02
3 0.353167 0.527500 0.02 0.02
3 0.606167 0.530500 0.02 0.02
3 0.600167 0.545500 0.02 0.02
3 0.340667 0.556750 0.02 0.02
3 0.203667 0.573250 0.02 0.02
3 0.503167 0.573250 0.02 0.02
3 0.568167 0.621250 0.02 0.02
3 0.150667 0.646000 0.02 0.02
3 0.174167 0.646750 0.02 0.02
3 0.227667 0.421000 0.02 0.02
3 0.215667 0.511000 0.02 0.02
3 0.684667 0.516250 0.02 0.02
3 0.660167 0.576250 0.02 0.02
3 0.317167 0.586750 0.02 0.02
3 0.592667 0.653500 0.02 0.02
3 0.506167 0.205000 0.02 0.02
3 0.613667 0.424750 0.02 0.02
3 0.431167 0.573250 0.02 0.02
3 0.575167 0.575500 0.02 0.02
3 0.286667 0.602500 0.02 0.02
3 0.514667 0.604000 0.02 0.02
3 0.476167 0.188500 0.02 0.02
3 0.299667 0.360250 0.02 0.02
3 0.764667 0.412000 0.02 0.02
3 0.311167 0.481750 0.02 0.02
3 0.281667 0.496000 0.02 0.02
3 0.588167 0.516250 0.02 0.02
3 0.514667 0.544000 0.02 0.02
3 0.250667 0.572500 0.02 0.02
3 0.401167 0.588250 0.02 0.02
3 0.400667 0.619000 0.02 0.02
3 0.268667 0.186250 0.02 0.02
3 0.758667 0.365500 0.02 0.02
3 0.523167 0.378250 0.02 0.02
3 0.535167 0.379000 0.02 0.02
3 0.667667 0.409750 0.02 0.02
3 0.426167 0.439000 0.02 0.02
3 0.673667 0.456250 0.02 0.02
3 0.377667 0.498250 0.02 0.02
3 0.239667 0.602500 0.02 0.02
3 0.209667 0.646750 0.02 0.02
3 0.482167 0.204250 0.02 0.02
3 0.559667 0.316000 0.02 0.02
3 0.420667 0.330250 0.02 0.02
3 0.480667 0.331000 0.02 0.02
3 0.529667 0.331000 0.02 0.02
3 0.625167 0.455500 0.02 0.02
3 0.179167 0.480250 0.02 0.02
3 0.263667 0.481750 0.02 0.02
3 0.588167 0.485500 0.02 0.02
3 0.534667 0.499750 0.02 0.02
3 0.419667 0.514000 0.02 0.02
3 0.793667 0.517000 0.02 0.02
3 0.430667 0.544000 0.02 0.02
3 0.557167 0.560500 0.02 0.02
3 0.197667 0.647500 0.02 0.02
3 0.603167 0.206500 0.02 0.02
3 0.462667 0.316000 0.02 0.02
3 0.389667 0.407500 0.02 0.02
3 0.565167 0.424000 0.02 0.02
3 0.209167 0.435250 0.02 0.02
3 0.577167 0.455500 0.02 0.02
3 0.401667 0.497500 0.02 0.02
3 0.216167 0.541750 0.02 0.02
3 0.467167 0.544000 0.02 0.02
3 0.389167 0.558250 0.02 0.02
3 0.617667 0.561250 0.02 0.02
3 0.454667 0.574000 0.02 0.02
3 0.328667 0.587500 0.02 0.02
3 0.532667 0.651250 0.02 0.02
3 0.280667 0.679750 0.02 0.02
3 0.688667 0.206500 0.02 0.02
3 0.371667 0.298750 0.02 0.02
3 0.336167 0.329500 0.02 0.02
3 0.625667 0.364000 0.02 0.02
3 0.637667 0.394750 0.02 0.02
3 0.680167 0.409750 0.02 0.02
3 0.600667 0.455500 0.02 0.02
3 0.167667 0.479500 0.02 0.02
3 0.419667 0.484000 0.02 0.02
3 0.113167 0.491500 0.02 0.02
3 0.269167 0.587500 0.02 0.02
3 0.530167 0.204250 0.02 0.02
3 0.414667 0.315250 0.02 0.02
3 0.384667 0.329500 0.02 0.02
3 0.160167 0.343000 0.02 0.02
3 0.571167 0.409750 0.02 0.02
3 0.056667 0.415000 0.02 0.02
3 0.832667 0.427750 0.02 0.02
3 0.233667 0.436750 0.02 0.02
3 0.233667 0.466000 0.02 0.02
3 0.335667 0.482500 0.02 0.02
3 0.293667 0.496000 0.02 0.02
3 0.551667 0.546250 0.02 0.02
3 0.215667 0.571750 0.02 0.02
3 0.352167 0.649000 0.02 0.02
3 0.541167 0.394000 0.02 0.02
3 0.353667 0.406000 0.02 0.02
3 0.510667 0.439750 0.02 0.02
3 0.516167 0.514000 0.02 0.02
3 0.168167 0.571750 0.02 0.02
3 0.192167 0.572500 0.02 0.02
3 0.515667 0.573250 0.02 0.02
3 0.390667 0.283000 0.02 0.02
3 0.668667 0.349000 0.02 0.02
3 0.359667 0.360250 0.02 0.02
3 0.541167 0.362500 0.02 0.02
3 0.299667 0.390250 0.02 0.02
3 0.444667 0.392500 0.02 0.02
3 0.595167 0.409750 0.02 0.02
3 0.365167 0.498250 0.02 0.02
3 0.304667 0.588250 0.02 0.02
3 0.407167 0.602500 0.02 0.02
3 0.650667 0.363250 0.02 0.02
3 0.335167 0.511750 0.02 0.02
3 0.383667 0.542500 0.02 0.02
3 0.414667 0.344500 0.02 0.02
3 0.384167 0.361000 0.02 0.02
3 0.752667 0.380500 0.02 0.02
3 0.395667 0.482500 0.02 0.02
3 0.485667 0.499750 0.02 0.02
3 0.660167 0.516250 0.02 0.02
3 0.286667 0.633250 0.02 0.02
3 0.400667 0.681250 0.02 0.02
3 0.444667 0.299500 0.02 0.02
3 0.680667 0.317500 0.02 0.02
3 0.553667 0.331750 0.02 0.02
3 0.547167 0.408250 0.02 0.02
3 0.173167 0.434500 0.02 0.02
3 0.298667 0.663250 0.02 0.02
3 0.439167 0.220000 0.02 0.02
3 0.742167 0.287500 0.02 0.02
3 0.335667 0.390250 0.02 0.02
3 0.227167 0.450250 0.02 0.02
3 0.492167 0.484750 0.02 0.02
3 0.293167 0.526750 0.02 0.02
3 0.413667 0.528250 0.02 0.02
3 0.593667 0.531250 0.02 0.02
3 0.233667 0.587500 0.02 0.02
3 0.545167 0.621250 0.02 0.02
3 0.682667 0.700750 0.02 0.02
3 0.208167 0.217000 0.02 0.02
3 0.758667 0.395500 0.02 0.02
3 0.209667 0.405250 0.02 0.02
3 0.451167 0.408250 0.02 0.02
3 0.444167 0.423250 0.02 0.02
3 0.559167 0.439750 0.02 0.02
3 0.528667 0.454750 0.02 0.02
3 0.419667 0.543250 0.02 0.02
3 0.587167 0.575500 0.02 0.02
3 0.587167 0.605500 0.02 0.02
3 0.209667 0.618250 0.02 0.02
3 0.731167 0.637750 0.02 0.02
3 0.446167 0.202750 0.02 0.02
3 0.463167 0.283750 0.02 0.02
3 0.541667 0.331750 0.02 0.02
3 0.359667 0.391750 0.02 0.02
3 0.329167 0.556750 0.02 0.02
3 0.436667 0.589000 0.02 0.02
3 0.705167 0.256000 0.02 0.02
3 0.547167 0.439000 0.02 0.02
3 0.431167 0.514000 0.02 0.02
3 0.106167 0.418000 0.02 0.02
3 0.593667 0.560500 0.02 0.02
3 0.580667 0.652000 0.02 0.02
3 0.621667 0.190000 0.02 0.02
3 0.401667 0.407500 0.02 0.02
3 0.607667 0.409000 0.02 0.02
3 0.275667 0.451000 0.02 0.02
3 0.329667 0.466750 0.02 0.02
3 0.389667 0.497500 0.02 0.02
3 0.269667 0.556750 0.02 0.02
3 0.767667 0.577750 0.02 0.02
3 0.725167 0.654250 0.02 0.02
3 0.174167 0.677500 0.02 0.02
3 0.463667 0.220000 0.02 0.02
3 0.318167 0.282250 0.02 0.02
3 0.632167 0.317500 0.02 0.02
3 0.432167 0.361750 0.02 0.02
3 0.105167 0.386500 0.02 0.02
3 0.221667 0.434500 0.02 0.02
3 0.570667 0.469000 0.02 0.02
3 0.287667 0.512500 0.02 0.02
3 0.443167 0.574000 0.02 0.02
3 0.275167 0.602500 0.02 0.02
3 0.466667 0.634750 0.02 0.02
3 0.544167 0.715000 0.02 0.02
3 0.542667 0.205750 0.02 0.02
3 0.566167 0.362500 0.02 0.02
3 0.275667 0.421000 0.02 0.02
3 0.432167 0.422500 0.02 0.02
3 0.629667 0.561250 0.02 0.02
3 0.180167 0.571750 0.02 0.02
3 0.305667 0.282250 0.02 0.02
3 0.342167 0.375250 0.02 0.02
3 0.215667 0.632500 0.02 0.02
3 0.547667 0.346750 0.02 0.02
3 0.783167 0.397000 0.02 0.02
3 0.281667 0.405250 0.02 0.02
3 0.299667 0.451000 0.02 0.02
3 0.664167 0.716500 0.02 0.02
3 0.578667 0.206500 0.02 0.02
3 0.681667 0.223000 0.02 0.02
3 0.516667 0.393250 0.02 0.02
3 0.625667 0.424750 0.02 0.02
3 0.541167 0.454750 0.02 0.02
3 0.564167 0.485500 0.02 0.02
3 0.546167 0.529750 0.02 0.02
3 0.829167 0.573250 0.02 0.02
3 0.364667 0.588250 0.02 0.02
3 0.563167 0.636250 0.02 0.02
3 0.559667 0.286000 0.02 0.02
3 0.378167 0.314500 0.02 0.02
3 0.122667 0.341500 0.02 0.02
3 0.341667 0.346000 0.02 0.02
3 0.462667 0.346000 0.02 0.02
3 0.643667 0.379750 0.02 0.02
3 0.636667 0.485500 0.02 0.02
3 0.244667 0.617500 0.02 0.02
3 0.232667 0.648250 0.02 0.02
3 0.335667 0.360250 0.02 0.02
3 0.553667 0.362500 0.02 0.02
3 0.498667 0.409000 0.02 0.02
3 0.595167 0.439750 0.02 0.02
3 0.538667 0.635500 0.02 0.02
3 0.210167 0.677500 0.02 0.02
3 0.550667 0.699250 0.02 0.02
3 0.209167 0.312250 0.02 0.02
3 0.747667 0.334000 0.02 0.02
3 0.257167 0.435250 0.02 0.02
3 0.287667 0.451000 0.02 0.02
3 0.666167 0.531250 0.02 0.02
3 0.293167 0.587500 0.02 0.02
3 0.617667 0.590500 0.02 0.02
3 0.256667 0.218500 0.02 0.02
3 0.305667 0.313750 0.02 0.02
3 0.577167 0.394000 0.02 0.02
3 0.583167 0.439750 0.02 0.02
3 0.444167 0.454000 0.02 0.02
3 0.503167 0.544000 0.02 0.02
3 0.526667 0.574750 0.02 0.02
3 0.280167 0.617500 0.02 0.02
3 0.340667 0.712000 0.02 0.02
3 0.287167 0.266500 0.02 0.02
3 0.740667 0.318250 0.02 0.02
3 0.782667 0.427000 0.02 0.02
3 0.437667 0.469000 0.02 0.02
3 0.594167 0.500500 0.02 0.02
3 0.491667 0.544000 0.02 0.02
3 0.472667 0.589000 0.02 0.02
3 0.598167 0.700750 0.02 0.02
3 0.438667 0.283750 0.02 0.02
3 0.505167 0.361750 0.02 0.02
3 0.390167 0.376000 0.02 0.02
3 0.420667 0.391750 0.02 0.02
3 0.565167 0.394000 0.02 0.02
3 0.414167 0.407500 0.02 0.02
3 0.727667 0.412750 0.02 0.02
3 0.390167 0.467500 0.02 0.02
3 0.125667 0.492250 0.02 0.02
3 0.323667 0.511000 0.02 0.02
3 0.787167 0.531250 0.02 0.02
3 0.227667 0.541000 0.02 0.02
3 0.280667 0.649000 0.02 0.02
3 0.512667 0.189250 0.02 0.02
3 0.664167 0.238000 0.02 0.02
3 0.656167 0.410500 0.02 0.02
3 0.686167 0.425500 0.02 0.02
3 0.486667 0.439000 0.02 0.02
3 0.636667 0.516250 0.02 0.02
3 0.162167 0.646750 0.02 0.02
3 0.532167 0.714250 0.02 0.02
3 0.584167 0.285250 0.02 0.02
3 0.590167 0.363250 0.02 0.02
3 0.788667 0.412000 0.02 0.02
3 0.082167 0.447250 0.02 0.02
3 0.179167 0.449500 0.02 0.02
3 0.708667 0.457000 0.02 0.02
3 0.832667 0.458500 0.02 0.02
3 0.455667 0.514750 0.02 0.02
3 0.550167 0.667000 0.02 0.02
3 0.592167 0.685000 0.02 0.02
3 0.310667 0.695500 0.02 0.02
3 0.501167 0.187750 0.02 0.02
3 0.346667 0.573250 0.02 0.02
3 0.816667 0.575500 0.02 0.02
3 0.761667 0.592750 0.02 0.02
3 0.689167 0.653500 0.02 0.02
3 0.292667 0.679750 0.02 0.02
3 0.838667 0.442750 0.02 0.02
3 0.365167 0.527500 0.02 0.02
3 0.611167 0.575500 0.02 0.02
3 0.523667 0.284500 0.02 0.02
3 0.269667 0.436000 0.02 0.02
3 0.396167 0.452500 0.02 0.02
3 0.353167 0.498250 0.02 0.02
3 0.197667 0.526000 0.02 0.02
3 0.779667 0.577000 0.02 0.02
3 0.508667 0.682750 0.02 0.02
3 0.154167 0.263500 0.02 0.02
3 0.723167 0.302500 0.02 0.02
3 0.661667 0.425500 0.02 0.02
3 0.577167 0.485500 0.02 0.02
3 0.185667 0.494500 0.02 0.02
3 0.485667 0.589000 0.02 0.02
3 0.669667 0.255250 0.02 0.02
3 0.493667 0.361750 0.02 0.02
3 0.547667 0.377500 0.02 0.02
3 0.839167 0.380500 0.02 0.02
3 0.662167 0.394000 0.02 0.02
3 0.317667 0.405250 0.02 0.02
3 0.449667 0.469750 0.02 0.02
3 0.558667 0.469750 0.02 0.02
3 0.475167 0.316000 0.02 0.02
3 0.553667 0.393250 0.02 0.02
3 0.511167 0.409000 0.02 0.02
3 0.789167 0.670000 0.02 0.02
3 0.304667 0.679000 0.02 0.02
3 0.656667 0.348250 0.02 0.02
3 0.747167 0.365500 0.02 0.02
3 0.203667 0.420250 0.02 0.02
3 0.401667 0.438250 0.02 0.02
3 0.437667 0.439000 0.02 0.02
3 0.474667 0.439000 0.02 0.02
3 0.498667 0.469750 0.02 0.02
3 0.768667 0.517750 0.02 0.02
3 0.768167 0.546250 0.02 0.02
3 0.565667 0.332500 0.02 0.02
3 0.347667 0.391000 0.02 0.02
3 0.305667 0.406000 0.02 0.02
3 0.776167 0.442000 0.02 0.02
3 0.631167 0.471250 0.02 0.02
3 0.233667 0.526000 0.02 0.02
3 0.773167 0.592750 0.02 0.02
3 0.129667 0.601750 0.02 0.02
3 0.292667 0.617500 0.02 0.02
3 0.778167 0.638500 0.02 0.02
3 0.444667 0.330250 0.02 0.02
3 0.154667 0.419500 0.02 0.02
3 0.250667 0.421000 0.02 0.02
3 0.697167 0.426250 0.02 0.02
3 0.600667 0.515500 0.02 0.02
3 0.569167 0.589750 0.02 0.02
3 0.538667 0.699250 0.02 0.02
3 0.505167 0.392500 0.02 0.02
3 0.517167 0.424000 0.02 0.02
3 0.221667 0.466000 0.02 0.02
3 0.654667 0.530500 0.02 0.02
3 0.770667 0.397000 0.02 0.02
3 0.673167 0.486250 0.02 0.02
3 0.582167 0.500500 0.02 0.02
3 0.239667 0.511750 0.02 0.02
3 0.251667 0.511750 0.02 0.02
3 0.209167 0.374500 0.02 0.02
3 0.166667 0.419500 0.02 0.02
3 0.582667 0.469750 0.02 0.02
3 0.275667 0.481750 0.02 0.02
3 0.384167 0.482500 0.02 0.02
3 0.221167 0.496000 0.02 0.02
3 0.655167 0.501250 0.02 0.02
3 0.228167 0.511750 0.02 0.02
3 0.479667 0.544000 0.02 0.02
3 0.719167 0.669250 0.02 0.02
3 0.699167 0.239500 0.02 0.02
3 0.747667 0.303250 0.02 0.02
3 0.735167 0.334000 0.02 0.02
3 0.116667 0.356500 0.02 0.02
3 0.608167 0.379000 0.02 0.02
3 0.588667 0.424750 0.02 0.02
3 0.740167 0.471250 0.02 0.02
3 0.580667 0.590500 0.02 0.02
3 0.426667 0.376750 0.02 0.02
3 0.173667 0.464500 0.02 0.02
3 0.304667 0.466000 0.02 0.02
3 0.408167 0.483250 0.02 0.02
3 0.335167 0.541750 0.02 0.02
3 0.132667 0.629500 0.02 0.02
3 0.764667 0.381250 0.02 0.02
3 0.505167 0.424000 0.02 0.02
3 0.765667 0.670000 0.02 0.02
3 0.324167 0.112750 0.02 0.02
3 0.764667 0.350500 0.02 0.02
3 0.329667 0.527500 0.02 0.02
3 0.582167 0.529750 0.02 0.02
3 0.185667 0.557500 0.02 0.02
3 0.221667 0.678250 0.02 0.02
3 0.298167 0.694750 0.02 0.02
3 0.438167 0.498250 0.02 0.02
3 0.624167 0.515500 0.02 0.02
3 0.198167 0.587500 0.02 0.02
3 0.467167 0.604000 0.02 0.02
3 0.657167 0.286000 0.02 0.02
3 0.336167 0.298750 0.02 0.02
3 0.601667 0.364000 0.02 0.02
3 0.775167 0.502000 0.02 0.02
3 0.179667 0.661750 0.02 0.02
3 0.323667 0.421000 0.02 0.02
3 0.419667 0.423250 0.02 0.02
3 0.770167 0.427000 0.02 0.02
3 0.603167 0.716500 0.02 0.02
3 0.430167 0.728500 0.02 0.02
3 0.788667 0.443500 0.02 0.02
3 0.697167 0.486250 0.02 0.02
3 0.708167 0.487000 0.02 0.02
3 0.670667 0.223000 0.02 0.02
3 0.614167 0.331750 0.02 0.02
3 0.649667 0.394000 0.02 0.02
3 0.167167 0.450250 0.02 0.02
3 0.462667 0.468250 0.02 0.02
3 0.258167 0.496000 0.02 0.02
3 0.542667 0.300250 0.02 0.02
3 0.602167 0.332500 0.02 0.02
3 0.599167 0.605500 0.02 0.02
3 0.598167 0.158500 0.02 0.02
3 0.753167 0.349750 0.02 0.02
3 0.649167 0.424750 0.02 0.02
3 0.431667 0.484000 0.02 0.02
3 0.734667 0.303250 0.02 0.02
3 0.263667 0.420250 0.02 0.02
3 0.233167 0.496000 0.02 0.02
3 0.526667 0.636250 0.02 0.02
3 0.736667 0.653500 0.02 0.02
3 0.784167 0.654250 0.02 0.02
3 0.382667 0.727000 0.02 0.02
3 0.432167 0.330250 0.02 0.02
3 0.766667 0.607000 0.02 0.02
3 0.365667 0.343750 0.02 0.02
3 0.844667 0.364750 0.02 0.02
3 0.808167 0.458500 0.02 0.02
3 0.657667 0.731500 0.02 0.02
3 0.663167 0.332500 0.02 0.02
3 0.088667 0.460750 0.02 0.02
3 0.610167 0.668500 0.02 0.02
3 0.800167 0.671500 0.02 0.02
3 0.596667 0.191500 0.02 0.02
3 0.615667 0.205750 0.02 0.02
3 0.674667 0.332500 0.02 0.02
3 0.748667 0.654250 0.02 0.02
3 0.688167 0.715000 0.02 0.02
3 0.640167 0.207250 0.02 0.02
3 0.572667 0.221500 0.02 0.02
3 0.396167 0.329500 0.02 0.02
3 0.761167 0.624250 0.02 0.02
3 0.692167 0.410500 0.02 0.02
3 0.743167 0.607750 0.02 0.02
3 0.121667 0.619750 0.02 0.02
3 0.244667 0.647500 0.02 0.02
3 0.256667 0.186250 0.02 0.02
3 0.687667 0.238000 0.02 0.02
3 0.082167 0.475000 0.02 0.02
3 0.694667 0.700000 0.02 0.02
3 0.346667 0.727000 0.02 0.02
3 0.324167 0.203500 0.02 0.02
3 0.451667 0.220000 0.02 0.02
3 0.426167 0.408250 0.02 0.02
3 0.287167 0.481750 0.02 0.02
3 0.778667 0.607000 0.02 0.02
3 0.257167 0.649000 0.02 0.02
3 0.754167 0.669250 0.02 0.02
3 0.538167 0.730000 0.02 0.02
3 0.772167 0.624250 0.02 0.02
3 0.572167 0.316000 0.02 0.02
3 0.692167 0.318250 0.02 0.02
3 0.492167 0.454750 0.02 0.02
3 0.485167 0.559000 0.02 0.02
3 0.725667 0.621250 0.02 0.02
3 0.640167 0.714250 0.02 0.02
3 0.838667 0.349000 0.02 0.02
3 0.486667 0.469000 0.02 0.02
3 0.496667 0.559000 0.02 0.02
3 0.742167 0.668500 0.02 0.02
3 0.334167 0.727750 0.02 0.02
3 0.166667 0.388750 0.02 0.02
3 0.382667 0.665500 0.02 0.02
3 0.735667 0.684250 0.02 0.02
3 0.701167 0.685000 0.02 0.02
3 0.497667 0.530500 0.02 0.02
3 0.615167 0.717250 0.02 0.02
3 0.686667 0.334000 0.02 0.02
3 0.061167 0.558250 0.02 0.02
3 0.760667 0.685750 0.02 0.02
3 0.754167 0.638500 0.02 0.02
3 0.747667 0.715000 0.02 0.02
3 0.209167 0.496000 0.02 0.02
3 0.821667 0.590500 0.02 0.02
3 0.806167 0.688000 0.02 0.02
3 0.050167 0.430000 0.02 0.02
3 0.186167 0.465250 0.02 0.02
3 0.660667 0.547000 0.02 0.02
3 0.250667 0.633250 0.02 0.02
3 0.771167 0.653500 0.02 0.02
3 0.795167 0.652750 0.02 0.02
3 0.549667 0.730750 0.02 0.02
3 0.473667 0.559000 0.02 0.02
3 0.771167 0.685750 0.02 0.02
3 0.766667 0.638500 0.02 0.02
3 0.789667 0.639250 0.02 0.02
3 0.805667 0.655750 0.02 0.02
3 0.707667 0.669250 0.02 0.02
3 0.754667 0.701500 0.02 0.02
3 0.578167 0.362500 0.02 0.02
3 0.781167 0.460000 0.02 0.02
3 0.684667 0.639250 0.02 0.02
3 0.731167 0.670000 0.02 0.02
3 0.795667 0.623500 0.02 0.02
3 0.801667 0.639250 0.02 0.02
3 0.467167 0.574000 0.02 0.02
3 0.609167 0.700750 0.02 0.02
3 0.777667 0.670750 0.02 0.02
3 0.348667 0.481750 0.02 0.02
3 0.833167 0.487750 0.02 0.02
3 0.238667 0.632500 0.02 0.02
3 0.618167 0.531250 0.02 0.02
3 0.765667 0.700000 0.02 0.02
3 0.758667 0.715750 0.02 0.02
3 0.680167 0.379750 0.02 0.02
3 0.843167 0.456250 0.02 0.02
3 0.818667 0.620500 0.02 0.02
3 0.564167 0.546250 0.02 0.02
3 0.711667 0.685000 0.02 0.02
3 0.723667 0.685750 0.02 0.02
3 0.747167 0.686500 0.02 0.02
3 0.306167 0.373750 0.02 0.02
3 0.721167 0.457750 0.02 0.02
3 0.761167 0.654250 0.02 0.02
3 0.728667 0.698500 0.02 0.02
3 0.462667 0.377500 0.02 0.02
3 0.809667 0.560500 0.02 0.02
3 0.742167 0.699250 0.02 0.02
3 0.808667 0.622000 0.02 0.02
3 0.539667 0.544750 0.02 0.02
3 0.718167 0.702250 0.02 0.02
3 0.812167 0.637000 0.02 0.02
3 0.111667 0.371500 0.02 0.02
3 0.741667 0.640000 0.02 0.02
3 0.657667 0.381250 0.02 0.02
3 0.461667 0.436000 0.02 0.02
3 0.271667 0.406000 0.02 0.02
3 0.243167 0.433000 0.02 0.02
