3 0.247833 0.244250 0.02 0.02
3 0.236167 0.244750 0.02 0.02
3 0.230500 0.229250 0.02 0.02
3 0.241833 0.229500 0.02 0.02
3 0.253833 0.228500 0.02 0.02
3 0.236000 0.214000 0.02 0.02
3 0.241833 0.198500 0.02 0.02
3 0.225000 0.213500 0.02 0.02
3 0.218500 0.228750 0.02 0.02
3 0.254000 0.260000 0.02 0.02
3 0.259667 0.275500 0.02 0.02
3 0.266167 0.289750 0.02 0.02
3 0.271833 0.274500 0.02 0.02
3 0.283333 0.275250 0.02 0.02
4 0.259333 0.244000 0.02 0.02
4 0.271333 0.244500 0.02 0.02
4 0.264667 0.229250 0.02 0.02
4 0.259333 0.213000 0.02 0.02
4 0.247333 0.213500 0.02 0.02
4 0.253000 0.198000 0.02 0.02
