3 0.328667 0.512750 0.02 0.02
3 0.351167 0.513000 0.02 0.02
3 0.312500 0.554750 0.02 0.02
3 0.318167 0.569250 0.02 0.02
3 0.324000 0.583500 0.02 0.02
3 0.262667 0.595000 0.02 0.02
3 0.274000 0.595750 0.02 0.02
3 0.274667 0.622500 0.02 0.02
3 0.218167 0.593500 0.02 0.02
3 0.217333 0.565000 0.02 0.02
3 0.176500 0.550500 0.02 0.02
3 0.130167 0.548250 0.02 0.02
3 0.118500 0.547000 0.02 0.02
3 0.106667 0.547750 0.02 0.02
3 0.112500 0.561500 0.02 0.02
3 0.106333 0.519000 0.02 0.02
3 0.071000 0.516500 0.02 0.02
2 0.505000 0.582750 0.02 0.02
2 0.494333 0.610500 0.02 0.02
2 0.522167 0.651250 0.02 0.02
2 0.516500 0.665250 0.02 0.02
2 0.510833 0.681000 0.02 0.02
2 0.550167 0.692500 0.02 0.02
2 0.561500 0.693250 0.02 0.02
2 0.572333 0.693750 0.02 0.02
2 0.566333 0.679750 0.02 0.02
2 0.577667 0.678250 0.02 0.02
2 0.566833 0.707750 0.02 0.02
2 0.577167 0.708000 0.02 0.02
2 0.561167 0.721750 0.02 0.02
2 0.578000 0.737000 0.02 0.02
2 0.589333 0.736500 0.02 0.02
2 0.600333 0.736250 0.02 0.02
2 0.612333 0.735750 0.02 0.02
2 0.606333 0.721500 0.02 0.02
2 0.617000 0.720250 0.02 0.02
2 0.629000 0.720250 0.02 0.02
2 0.623000 0.735500 0.02 0.02
2 0.629000 0.750750 0.02 0.02
2 0.634000 0.735750 0.02 0.02
2 0.639833 0.720500 0.02 0.02
3 0.769000 0.725750 0.02 0.02
3 0.780000 0.725500 0.02 0.02
3 0.791833 0.724750 0.02 0.02
3 0.785833 0.739250 0.02 0.02
3 0.786000 0.711500 0.02 0.02
0 0.419000 0.398250 0.02 0.02
0 0.425000 0.413000 0.02 0.02
0 0.431833 0.427750 0.02 0.02
0 0.402833 0.442250 0.02 0.02
0 0.401833 0.384250 0.02 0.02
