2 0.321833 0.247500 0.02 0.02
2 0.311167 0.247750 0.02 0.02
2 0.332667 0.247750 0.02 0.02
2 0.342833 0.248250 0.02 0.02
2 0.327167 0.233500 0.02 0.02
2 0.332333 0.219000 0.02 0.02
2 0.343000 0.219250 0.02 0.02
2 0.337500 0.233750 0.02 0.02
2 0.348500 0.234250 0.02 0.02
2 0.354333 0.219500 0.02 0.02
2 0.327333 0.262000 0.02 0.02
2 0.337500 0.261500 0.02 0.02
2 0.347833 0.262750 0.02 0.02
2 0.359667 0.263250 0.02 0.02
2 0.332333 0.276500 0.02 0.02
2 0.342667 0.276750 0.02 0.02
2 0.354000 0.277250 0.02 0.02
4 0.316000 0.233250 0.02 0.02
3 0.310333 0.218750 0.02 0.02
3 0.300167 0.218500 0.02 0.02
3 0.305167 0.232750 0.02 0.02
3 0.305667 0.203750 0.02 0.02
3 0.316167 0.204750 0.02 0.02
3 0.327333 0.204500 0.02 0.02
4 0.294167 0.203000 0.02 0.02
4 0.283500 0.203000 0.02 0.02
4 0.278667 0.188750 0.02 0.02
4 0.288833 0.188750 0.02 0.02
4 0.299667 0.189750 0.02 0.02
4 0.311167 0.190500 0.02 0.02
4 0.316667 0.176250 0.02 0.02
4 0.327667 0.175750 0.02 0.02
4 0.322000 0.189750 0.02 0.02
4 0.294667 0.176000 0.02 0.02
4 0.283167 0.174750 0.02 0.02
3 0.272500 0.203000 0.02 0.02
3 0.267167 0.190000 0.02 0.02
3 0.261667 0.174500 0.02 0.02
3 0.255333 0.188750 0.02 0.02
3 0.244333 0.188250 0.02 0.02
3 0.250667 0.175250 0.02 0.02
3 0.255667 0.161000 0.02 0.02
6 0.261333 0.203500 0.02 0.02
6 0.250500 0.202750 0.02 0.02
6 0.278500 0.218000 0.02 0.02
6 0.289000 0.218250 0.02 0.02
6 0.283500 0.232500 0.02 0.02
6 0.294333 0.232000 0.02 0.02
6 0.288667 0.246500 0.02 0.02
6 0.278000 0.247000 0.02 0.02
6 0.266500 0.246750 0.02 0.02
6 0.254667 0.246000 0.02 0.02
6 0.243833 0.246750 0.02 0.02
6 0.233333 0.246500 0.02 0.02
1 0.282833 0.260500 0.02 0.02
1 0.266667 0.275500 0.02 0.02
1 0.271833 0.288750 0.02 0.02
1 0.277500 0.303250 0.02 0.02
1 0.288833 0.303500 0.02 0.02
1 0.261500 0.289250 0.02 0.02
1 0.239000 0.345500 0.02 0.02
1 0.250500 0.345000 0.02 0.02
1 0.255833 0.359500 0.02 0.02
1 0.266833 0.358750 0.02 0.02
1 0.256000 0.332000 0.02 0.02
1 0.266833 0.332250 0.02 0.02
1 0.278000 0.332500 0.02 0.02
3 0.255167 0.386750 0.02 0.02
3 0.249833 0.399750 0.02 0.02
3 0.260833 0.400750 0.02 0.02
3 0.266167 0.415000 0.02 0.02
3 0.255333 0.413750 0.02 0.02
3 0.244833 0.413500 0.02 0.02
3 0.239000 0.428000 0.02 0.02
3 0.249500 0.426500 0.02 0.02
3 0.261500 0.428500 0.02 0.02
3 0.272333 0.428750 0.02 0.02
4 0.255333 0.441750 0.02 0.02
4 0.266000 0.442250 0.02 0.02
4 0.238833 0.454250 0.02 0.02
4 0.277000 0.469500 0.02 0.02
3 0.809000 0.487000 0.02 0.02
3 0.814667 0.473750 0.02 0.02
3 0.793000 0.473000 0.02 0.02
3 0.798500 0.459250 0.02 0.02
4 0.804500 0.473500 0.02 0.02
4 0.798167 0.487000 0.02 0.02
4 0.803000 0.500250 0.02 0.02
4 0.814333 0.500750 0.02 0.02
4 0.808833 0.514000 0.02 0.02
3 0.797500 0.513750 0.02 0.02
6 0.787333 0.513500 0.02 0.02
6 0.781500 0.500750 0.02 0.02
6 0.787667 0.486500 0.02 0.02
