6 0.319000 0.099500 0.02 0.02
6 0.325500 0.116750 0.02 0.02
6 0.331667 0.134500 0.02 0.02
6 0.337333 0.151250 0.02 0.02
6 0.332000 0.168750 0.02 0.02
6 0.326333 0.186250 0.02 0.02
6 0.338000 0.185500 0.02 0.02
6 0.350333 0.184500 0.02 0.02
6 0.344833 0.202750 0.02 0.02
6 0.338667 0.220000 0.02 0.02
6 0.345167 0.236000 0.02 0.02
6 0.346167 0.268000 0.02 0.02
6 0.358167 0.267750 0.02 0.02
6 0.370167 0.268000 0.02 0.02
6 0.364500 0.284000 0.02 0.02
6 0.358667 0.298500 0.02 0.02
6 0.353500 0.314250 0.02 0.02
