6 0.335333 0.397500 0.02 0.02
6 0.335000 0.425750 0.02 0.02
6 0.312667 0.452750 0.02 0.02
6 0.285333 0.439000 0.02 0.02
6 0.274667 0.410250 0.02 0.02
6 0.280833 0.367750 0.02 0.02
6 0.351500 0.468500 0.02 0.02
6 0.138000 0.585250 0.02 0.02
6 0.122167 0.570500 0.02 0.02
6 0.192667 0.672250 0.02 0.02
6 0.166167 0.686250 0.02 0.02
6 0.166333 0.628500 0.02 0.02
6 0.481833 0.576000 0.02 0.02
6 0.487833 0.561000 0.02 0.02
6 0.493167 0.603750 0.02 0.02
6 0.870000 0.705250 0.02 0.02
6 0.859167 0.674000 0.02 0.02
6 0.835167 0.677250 0.02 0.02
6 0.802500 0.681500 0.02 0.02
6 0.823167 0.708750 0.02 0.02
