4 0.899333 0.305000 0.02 0.02
4 0.893000 0.320500 0.02 0.02
4 0.886333 0.336250 0.02 0.02
4 0.880167 0.352750 0.02 0.02
4 0.873333 0.368500 0.02 0.02
4 0.867500 0.383250 0.02 0.02
4 0.860500 0.400250 0.02 0.02
4 0.853333 0.416750 0.02 0.02
4 0.845833 0.432750 0.02 0.02
4 0.851667 0.449750 0.02 0.02
4 0.858667 0.432750 0.02 0.02
4 0.841167 0.415750 0.02 0.02
4 0.828500 0.416750 0.02 0.02
4 0.816500 0.417000 0.02 0.02
4 0.811167 0.401250 0.02 0.02
4 0.822833 0.401250 0.02 0.02
4 0.835000 0.400250 0.02 0.02
4 0.847833 0.400500 0.02 0.02
4 0.866500 0.414250 0.02 0.02
4 0.873000 0.400000 0.02 0.02
4 0.877667 0.416750 0.02 0.02
4 0.871167 0.433500 0.02 0.02
4 0.883833 0.433000 0.02 0.02
4 0.890667 0.417250 0.02 0.02
4 0.884833 0.400750 0.02 0.02
4 0.897167 0.401000 0.02 0.02
4 0.909333 0.401250 0.02 0.02
4 0.914167 0.417000 0.02 0.02
4 0.902167 0.417500 0.02 0.02
6 0.921500 0.401000 0.02 0.02
6 0.927833 0.417000 0.02 0.02
6 0.932667 0.433000 0.02 0.02
6 0.945500 0.433000 0.02 0.02
6 0.938833 0.448500 0.02 0.02
6 0.945000 0.464250 0.02 0.02
6 0.950833 0.447500 0.02 0.02
6 0.949667 0.477750 0.02 0.02
6 0.944500 0.493000 0.02 0.02
6 0.919333 0.464000 0.02 0.02
6 0.834167 0.431750 0.02 0.02
6 0.826667 0.448750 0.02 0.02
1 0.814833 0.448750 0.02 0.02
1 0.820833 0.464000 0.02 0.02
1 0.808667 0.464500 0.02 0.02
1 0.839000 0.480000 0.02 0.02
1 0.833000 0.494500 0.02 0.02
1 0.857667 0.526500 0.02 0.02
1 0.869833 0.527000 0.02 0.02
1 0.875833 0.542000 0.02 0.02
1 0.881333 0.557250 0.02 0.02
1 0.869167 0.557750 0.02 0.02
1 0.862833 0.572250 0.02 0.02
1 0.886833 0.571500 0.02 0.02
1 0.856667 0.587750 0.02 0.02
1 0.861500 0.603000 0.02 0.02
1 0.880167 0.618250 0.02 0.02
1 0.892500 0.618250 0.02 0.02
1 0.873333 0.633000 0.02 0.02
1 0.867333 0.618250 0.02 0.02
1 0.861500 0.633500 0.02 0.02
1 0.856000 0.618250 0.02 0.02
1 0.849500 0.634000 0.02 0.02
1 0.867167 0.648000 0.02 0.02
1 0.855000 0.648750 0.02 0.02
1 0.861000 0.663250 0.02 0.02
1 0.872833 0.663250 0.02 0.02
1 0.866500 0.678500 0.02 0.02
1 0.854167 0.679000 0.02 0.02
1 0.860000 0.693250 0.02 0.02
1 0.847833 0.694000 0.02 0.02
1 0.835667 0.694500 0.02 0.02
1 0.829167 0.709250 0.02 0.02
1 0.841333 0.709750 0.02 0.02
1 0.854000 0.709000 0.02 0.02
1 0.865333 0.707750 0.02 0.02
1 0.878000 0.706500 0.02 0.02
1 0.858833 0.723500 0.02 0.02
1 0.852333 0.737750 0.02 0.02
1 0.864333 0.737750 0.02 0.02
1 0.835000 0.724750 0.02 0.02
1 0.823500 0.724500 0.02 0.02
1 0.829167 0.739250 0.02 0.02
1 0.816833 0.739750 0.02 0.02
1 0.805167 0.739750 0.02 0.02
1 0.798500 0.753750 0.02 0.02
1 0.809833 0.754000 0.02 0.02
1 0.822500 0.754500 0.02 0.02
1 0.834500 0.754000 0.02 0.02
1 0.846167 0.753750 0.02 0.02
1 0.840500 0.740250 0.02 0.02
1 0.839500 0.769500 0.02 0.02
1 0.827667 0.769250 0.02 0.02
1 0.815833 0.769750 0.02 0.02
1 0.804000 0.769000 0.02 0.02
1 0.792500 0.769750 0.02 0.02
1 0.780167 0.769500 0.02 0.02
1 0.809500 0.783750 0.02 0.02
1 0.821667 0.783750 0.02 0.02
1 0.797500 0.784250 0.02 0.02
1 0.814667 0.798500 0.02 0.02
1 0.802500 0.799000 0.02 0.02
1 0.791667 0.799500 0.02 0.02
1 0.808500 0.813500 0.02 0.02
1 0.820500 0.813750 0.02 0.02
1 0.832333 0.813500 0.02 0.02
1 0.839000 0.799500 0.02 0.02
1 0.850667 0.798500 0.02 0.02
1 0.856333 0.813000 0.02 0.02
1 0.868333 0.813000 0.02 0.02
1 0.863000 0.798750 0.02 0.02
1 0.875000 0.797500 0.02 0.02
1 0.856833 0.782750 0.02 0.02
1 0.851500 0.768500 0.02 0.02
1 0.845000 0.784250 0.02 0.02
1 0.833167 0.784250 0.02 0.02
1 0.799500 0.724500 0.02 0.02
1 0.805500 0.710250 0.02 0.02
0 0.824000 0.694000 0.02 0.02
2 0.812000 0.695250 0.02 0.02
2 0.818000 0.680000 0.02 0.02
2 0.824000 0.665000 0.02 0.02
2 0.830500 0.649750 0.02 0.02
2 0.837500 0.633750 0.02 0.02
2 0.843833 0.618750 0.02 0.02
2 0.832333 0.619500 0.02 0.02
2 0.825833 0.604000 0.02 0.02
2 0.819333 0.618250 0.02 0.02
2 0.813000 0.604000 0.02 0.02
2 0.819667 0.588000 0.02 0.02
2 0.831167 0.588000 0.02 0.02
2 0.826667 0.572500 0.02 0.02
2 0.813500 0.573250 0.02 0.02
2 0.808667 0.557500 0.02 0.02
2 0.820333 0.557000 0.02 0.02
2 0.831833 0.556750 0.02 0.02
2 0.814667 0.541750 0.02 0.02
2 0.826500 0.541500 0.02 0.02
2 0.802167 0.542000 0.02 0.02
2 0.833167 0.526250 0.02 0.02
2 0.845333 0.526750 0.02 0.02
2 0.839500 0.511750 0.02 0.02
2 0.827000 0.510750 0.02 0.02
2 0.815167 0.509750 0.02 0.02
2 0.808500 0.525750 0.02 0.02
2 0.820833 0.495000 0.02 0.02
2 0.826333 0.479250 0.02 0.02
2 0.832833 0.464500 0.02 0.02
6 0.845167 0.464000 0.02 0.02
6 0.852167 0.480000 0.02 0.02
6 0.857333 0.495750 0.02 0.02
6 0.863167 0.510500 0.02 0.02
6 0.869500 0.495250 0.02 0.02
6 0.845000 0.496000 0.02 0.02
3 0.875833 0.510000 0.02 0.02
1 0.863167 0.541250 0.02 0.02
1 0.850500 0.541500 0.02 0.02
1 0.838333 0.541250 0.02 0.02
1 0.844167 0.556500 0.02 0.02
1 0.857167 0.556750 0.02 0.02
1 0.849667 0.572250 0.02 0.02
1 0.838000 0.572500 0.02 0.02
1 0.844000 0.587750 0.02 0.02
1 0.838000 0.602750 0.02 0.02
1 0.849833 0.603000 0.02 0.02
2 0.811500 0.724500 0.02 0.02
2 0.836500 0.664250 0.02 0.02
2 0.849000 0.664250 0.02 0.02
2 0.842500 0.679500 0.02 0.02
2 0.813000 0.634250 0.02 0.02
2 0.818833 0.649750 0.02 0.02
2 0.807833 0.619500 0.02 0.02
6 0.825333 0.635000 0.02 0.02
4 0.752167 0.333500 0.02 0.02
3 0.497333 0.332500 0.02 0.02
3 0.454833 0.381000 0.02 0.02
6 0.461167 0.364250 0.02 0.02
6 0.448833 0.364000 0.02 0.02
6 0.497333 0.364750 0.02 0.02
6 0.491333 0.381500 0.02 0.02
6 0.521333 0.366000 0.02 0.02
6 0.424500 0.364000 0.02 0.02
6 0.412333 0.363250 0.02 0.02
6 0.400833 0.363500 0.02 0.02
6 0.406333 0.380000 0.02 0.02
6 0.418333 0.347000 0.02 0.02
4 0.406500 0.347500 0.02 0.02
4 0.430833 0.346750 0.02 0.02
4 0.442833 0.347000 0.02 0.02
4 0.455000 0.347250 0.02 0.02
4 0.467500 0.346500 0.02 0.02
4 0.473667 0.331000 0.02 0.02
4 0.461333 0.329750 0.02 0.02
4 0.449667 0.329750 0.02 0.02
4 0.485500 0.331250 0.02 0.02
4 0.492333 0.314750 0.02 0.02
4 0.479500 0.315000 0.02 0.02
4 0.468000 0.314000 0.02 0.02
4 0.455500 0.312500 0.02 0.02
4 0.504000 0.314000 0.02 0.02
4 0.498000 0.298250 0.02 0.02
4 0.486333 0.298250 0.02 0.02
4 0.474667 0.297250 0.02 0.02
4 0.462167 0.295250 0.02 0.02
4 0.449000 0.295500 0.02 0.02
6 0.455833 0.280000 0.02 0.02
6 0.470500 0.280250 0.02 0.02
6 0.484667 0.281250 0.02 0.02
6 0.500667 0.281000 0.02 0.02
6 0.509833 0.296500 0.02 0.02
4 0.443500 0.313250 0.02 0.02
4 0.436833 0.329250 0.02 0.02
4 0.424667 0.330250 0.02 0.02
4 0.412333 0.330000 0.02 0.02
4 0.400000 0.330000 0.02 0.02
4 0.394500 0.312750 0.02 0.02
4 0.406333 0.313000 0.02 0.02
6 0.388500 0.330000 0.02 0.02
6 0.382667 0.346750 0.02 0.02
2 0.394833 0.347000 0.02 0.02
2 0.388167 0.363500 0.02 0.02
2 0.394167 0.379500 0.02 0.02
2 0.382667 0.380000 0.02 0.02
2 0.376167 0.363250 0.02 0.02
2 0.388500 0.396000 0.02 0.02
2 0.418500 0.380000 0.02 0.02
2 0.436667 0.363500 0.02 0.02
2 0.430833 0.380500 0.02 0.02
2 0.442333 0.380000 0.02 0.02
2 0.412833 0.395750 0.02 0.02
2 0.424833 0.396250 0.02 0.02
2 0.418500 0.413250 0.02 0.02
2 0.406667 0.413000 0.02 0.02
2 0.394333 0.412750 0.02 0.02
2 0.382667 0.412250 0.02 0.02
2 0.376833 0.396250 0.02 0.02
2 0.371000 0.412000 0.02 0.02
2 0.358000 0.411250 0.02 0.02
2 0.365500 0.396500 0.02 0.02
2 0.370167 0.380500 0.02 0.02
2 0.358000 0.379250 0.02 0.02
2 0.364500 0.363250 0.02 0.02
6 0.370333 0.346750 0.02 0.02
6 0.358500 0.345500 0.02 0.02
6 0.352667 0.362500 0.02 0.02
6 0.340500 0.362000 0.02 0.02
6 0.333500 0.378750 0.02 0.02
2 0.346333 0.378500 0.02 0.02
4 0.346333 0.345500 0.02 0.02
4 0.334000 0.345500 0.02 0.02
2 0.327833 0.361250 0.02 0.02
2 0.315333 0.362250 0.02 0.02
2 0.321500 0.378500 0.02 0.02
6 0.321667 0.344500 0.02 0.02
6 0.309833 0.345000 0.02 0.02
6 0.298000 0.344750 0.02 0.02
2 0.303667 0.361250 0.02 0.02
