6 0.053667 0.403250 0.02 0.02
6 0.064833 0.404000 0.02 0.02
6 0.078167 0.407250 0.02 0.02
6 0.090667 0.409750 0.02 0.02
4 0.191833 0.465750 0.02 0.02
4 0.186500 0.481000 0.02 0.02
4 0.187500 0.481000 0.02 0.02
4 0.203833 0.466250 0.02 0.02
4 0.215333 0.468500 0.02 0.02
4 0.227500 0.469500 0.02 0.02
4 0.240667 0.470500 0.02 0.02
6 0.253000 0.471000 0.02 0.02
6 0.264833 0.471500 0.02 0.02
6 0.277000 0.472000 0.02 0.02
6 0.283167 0.488000 0.02 0.02
6 0.295167 0.488250 0.02 0.02
6 0.307667 0.489000 0.02 0.02
6 0.319667 0.489500 0.02 0.02
6 0.332000 0.490500 0.02 0.02
3 0.337667 0.506250 0.02 0.02
3 0.349333 0.507000 0.02 0.02
3 0.367333 0.524000 0.02 0.02
3 0.361000 0.539000 0.02 0.02
3 0.373833 0.539000 0.02 0.02
3 0.385833 0.539500 0.02 0.02
3 0.397833 0.539000 0.02 0.02
3 0.410500 0.540000 0.02 0.02
3 0.415500 0.526250 0.02 0.02
3 0.402667 0.524500 0.02 0.02
3 0.379167 0.493000 0.02 0.02
3 0.421333 0.540500 0.02 0.02
3 0.434000 0.540250 0.02 0.02
6 0.445833 0.540000 0.02 0.02
4 0.397333 0.352250 0.02 0.02
6 0.391500 0.335250 0.02 0.02
6 0.385333 0.317000 0.02 0.02
6 0.379500 0.299500 0.02 0.02
6 0.373667 0.282500 0.02 0.02
3 0.427500 0.432750 0.02 0.02
3 0.415167 0.463000 0.02 0.02
3 0.427500 0.464250 0.02 0.02
3 0.451833 0.464750 0.02 0.02
3 0.463667 0.464250 0.02 0.02
4 0.475667 0.465250 0.02 0.02
3 0.482000 0.481250 0.02 0.02
3 0.493333 0.480500 0.02 0.02
3 0.499833 0.495750 0.02 0.02
3 0.505667 0.511500 0.02 0.02
3 0.517000 0.511000 0.02 0.02
3 0.530000 0.511000 0.02 0.02
3 0.547333 0.526500 0.02 0.02
3 0.559333 0.526000 0.02 0.02
4 0.631000 0.554750 0.02 0.02
4 0.666333 0.585000 0.02 0.02
4 0.678833 0.584250 0.02 0.02
4 0.690500 0.584000 0.02 0.02
4 0.702500 0.583250 0.02 0.02
4 0.714333 0.583000 0.02 0.02
4 0.726500 0.582250 0.02 0.02
4 0.738500 0.581500 0.02 0.02
4 0.789000 0.488750 0.02 0.02
4 0.776833 0.488500 0.02 0.02
6 0.861500 0.673000 0.02 0.02
6 0.868333 0.658500 0.02 0.02
6 0.873833 0.643000 0.02 0.02
4 0.879500 0.627500 0.02 0.02
6 0.855333 0.688750 0.02 0.02
6 0.846500 0.182750 0.02 0.02
6 0.834333 0.182750 0.02 0.02
6 0.841333 0.197750 0.02 0.02
6 0.810500 0.181000 0.02 0.02
6 0.822667 0.181500 0.02 0.02
6 0.860000 0.183250 0.02 0.02
