6 0.170833 0.648000 0.02 0.02
6 0.183167 0.646000 0.02 0.02
6 0.195500 0.643750 0.02 0.02
6 0.208000 0.643000 0.02 0.02
6 0.220333 0.643750 0.02 0.02
6 0.190000 0.662000 0.02 0.02
6 0.189167 0.628000 0.02 0.02
6 0.195667 0.612000 0.02 0.02
6 0.208000 0.612250 0.02 0.02
6 0.178333 0.598500 0.02 0.02
6 0.196500 0.582750 0.02 0.02
3 0.274500 0.506000 0.02 0.02
3 0.601833 0.455000 0.02 0.02
3 0.614167 0.422250 0.02 0.02
3 0.608333 0.438000 0.02 0.02
3 0.627667 0.422250 0.02 0.02
3 0.652500 0.422750 0.02 0.02
3 0.664333 0.421000 0.02 0.02
3 0.676667 0.421250 0.02 0.02
3 0.658167 0.437500 0.02 0.02
3 0.688667 0.452250 0.02 0.02
3 0.651667 0.454000 0.02 0.02
