3 0.586167 0.640000 0.02 0.02
3 0.592000 0.653500 0.02 0.02
3 0.579833 0.653000 0.02 0.02
3 0.614500 0.652750 0.02 0.02
6 0.597333 0.640250 0.02 0.02
3 0.557333 0.654250 0.02 0.02
3 0.551000 0.668250 0.02 0.02
3 0.539333 0.667250 0.02 0.02
3 0.534833 0.654000 0.02 0.02
3 0.528667 0.666250 0.02 0.02
6 0.562667 0.668750 0.02 0.02
6 0.573667 0.668250 0.02 0.02
6 0.580667 0.681250 0.02 0.02
6 0.585500 0.694500 0.02 0.02
6 0.591833 0.682000 0.02 0.02
6 0.567167 0.681000 0.02 0.02
3 0.517333 0.666250 0.02 0.02
3 0.511333 0.651750 0.02 0.02
3 0.505167 0.667500 0.02 0.02
3 0.493000 0.667000 0.02 0.02
3 0.482333 0.666250 0.02 0.02
3 0.463667 0.679250 0.02 0.02
3 0.429333 0.651000 0.02 0.02
6 0.219000 0.592750 0.02 0.02
6 0.213833 0.606500 0.02 0.02
6 0.208167 0.619000 0.02 0.02
6 0.203333 0.633000 0.02 0.02
6 0.197167 0.646500 0.02 0.02
4 0.308500 0.163500 0.02 0.02
4 0.284333 0.198000 0.02 0.02
6 0.391333 0.163500 0.02 0.02
6 0.386000 0.145000 0.02 0.02
6 0.397333 0.145000 0.02 0.02
6 0.409333 0.145750 0.02 0.02
6 0.374000 0.145000 0.02 0.02
6 0.361833 0.145000 0.02 0.02
4 0.495167 0.495750 0.02 0.02
4 0.506000 0.494000 0.02 0.02
4 0.517833 0.495500 0.02 0.02
4 0.529333 0.493750 0.02 0.02
4 0.523833 0.510500 0.02 0.02
4 0.539500 0.527250 0.02 0.02
4 0.534167 0.543500 0.02 0.02
4 0.551667 0.528250 0.02 0.02
4 0.535167 0.511000 0.02 0.02
4 0.488667 0.510500 0.02 0.02
4 0.483333 0.495750 0.02 0.02
4 0.557333 0.511250 0.02 0.02
4 0.562167 0.527000 0.02 0.02
