4 0.066667 0.114250 0.02 0.02
4 0.079833 0.115000 0.02 0.02
4 0.092833 0.115500 0.02 0.02
4 0.106333 0.115000 0.02 0.02
4 0.118833 0.114250 0.02 0.02
4 0.130833 0.114000 0.02 0.02
4 0.142667 0.112750 0.02 0.02
4 0.154000 0.113750 0.02 0.02
4 0.165667 0.113500 0.02 0.02
4 0.177500 0.114000 0.02 0.02
4 0.189000 0.113500 0.02 0.02
4 0.194833 0.129250 0.02 0.02
3 0.183500 0.129250 0.02 0.02
3 0.177833 0.145250 0.02 0.02
3 0.160500 0.162250 0.02 0.02
3 0.154667 0.177750 0.02 0.02
3 0.089167 0.192750 0.02 0.02
3 0.095833 0.208250 0.02 0.02
3 0.101833 0.223500 0.02 0.02
3 0.108333 0.238750 0.02 0.02
3 0.121333 0.238250 0.02 0.02
3 0.096667 0.237750 0.02 0.02
3 0.083333 0.207750 0.02 0.02
3 0.070500 0.207500 0.02 0.02
3 0.064667 0.222000 0.02 0.02
3 0.058167 0.236250 0.02 0.02
3 0.070500 0.237750 0.02 0.02
3 0.077333 0.223500 0.02 0.02
3 0.301833 0.282250 0.02 0.02
3 0.308000 0.297500 0.02 0.02
3 0.314333 0.311750 0.02 0.02
3 0.302667 0.311000 0.02 0.02
3 0.319667 0.326000 0.02 0.02
3 0.324833 0.340500 0.02 0.02
3 0.330667 0.326000 0.02 0.02
3 0.319833 0.355250 0.02 0.02
6 0.790667 0.613000 0.02 0.02
6 0.796167 0.626750 0.02 0.02
6 0.801833 0.641250 0.02 0.02
6 0.813333 0.641000 0.02 0.02
6 0.819167 0.626500 0.02 0.02
6 0.825000 0.611750 0.02 0.02
6 0.830667 0.625750 0.02 0.02
6 0.825167 0.641250 0.02 0.02
6 0.790167 0.641750 0.02 0.02
6 0.779167 0.642000 0.02 0.02
6 0.767833 0.644000 0.02 0.02
6 0.836167 0.641000 0.02 0.02
6 0.847500 0.640000 0.02 0.02
