3 0.508167 0.649250 0.02 0.02
3 0.339000 0.670250 0.02 0.02
2 0.310167 0.686250 0.02 0.02
2 0.314667 0.642500 0.02 0.02
0 0.318500 0.570750 0.02 0.02
0 0.313000 0.585000 0.02 0.02
0 0.340667 0.512000 0.02 0.02
0 0.364000 0.511250 0.02 0.02
0 0.381833 0.525250 0.02 0.02
0 0.370667 0.553500 0.02 0.02
0 0.364333 0.539250 0.02 0.02
0 0.394167 0.553250 0.02 0.02
0 0.406333 0.553000 0.02 0.02
0 0.411833 0.538250 0.02 0.02
2 0.295667 0.599500 0.02 0.02
2 0.277000 0.557500 0.02 0.02
2 0.270167 0.544000 0.02 0.02
2 0.282000 0.542750 0.02 0.02
1 0.252333 0.530250 0.02 0.02
1 0.247167 0.544250 0.02 0.02
1 0.240333 0.531000 0.02 0.02
1 0.258333 0.543500 0.02 0.02
1 0.241667 0.558750 0.02 0.02
1 0.228667 0.532500 0.02 0.02
2 0.258500 0.515750 0.02 0.02
2 0.246333 0.516750 0.02 0.02
0 0.233167 0.488750 0.02 0.02
0 0.256667 0.487750 0.02 0.02
0 0.273833 0.471250 0.02 0.02
0 0.237167 0.442750 0.02 0.02
0 0.225500 0.443500 0.02 0.02
0 0.243333 0.427750 0.02 0.02
0 0.244000 0.458500 0.02 0.02
0 0.231833 0.458750 0.02 0.02
0 0.224833 0.414500 0.02 0.02
3 0.194333 0.371500 0.02 0.02
3 0.183000 0.369500 0.02 0.02
3 0.188833 0.354250 0.02 0.02
3 0.188500 0.387000 0.02 0.02
3 0.176833 0.386500 0.02 0.02
3 0.164667 0.385750 0.02 0.02
3 0.198333 0.327500 0.02 0.02
6 0.080167 0.447250 0.02 0.02
4 0.126167 0.491000 0.02 0.02
4 0.138000 0.493250 0.02 0.02
4 0.143667 0.478750 0.02 0.02
4 0.136500 0.463000 0.02 0.02
4 0.139667 0.521250 0.02 0.02
3 0.164000 0.520000 0.02 0.02
3 0.162333 0.492500 0.02 0.02
3 0.168667 0.477000 0.02 0.02
3 0.172333 0.461500 0.02 0.02
4 0.113000 0.592250 0.02 0.02
4 0.100000 0.593250 0.02 0.02
4 0.087167 0.594250 0.02 0.02
6 0.103333 0.649750 0.02 0.02
6 0.104000 0.679750 0.02 0.02
2 0.222333 0.676000 0.02 0.02
2 0.221500 0.645250 0.02 0.02
2 0.215000 0.631000 0.02 0.02
3 0.390167 0.625000 0.02 0.02
3 0.613833 0.647750 0.02 0.02
3 0.648000 0.676000 0.02 0.02
2 0.671500 0.705250 0.02 0.02
6 0.879667 0.484500 0.02 0.02
6 0.866333 0.485750 0.02 0.02
6 0.873833 0.500250 0.02 0.02
6 0.885667 0.501750 0.02 0.02
6 0.891333 0.486750 0.02 0.02
6 0.898000 0.500000 0.02 0.02
2 0.848667 0.502250 0.02 0.02
3 0.878500 0.425000 0.02 0.02
3 0.860833 0.384000 0.02 0.02
3 0.854167 0.371500 0.02 0.02
4 0.860500 0.356000 0.02 0.02
4 0.872167 0.354500 0.02 0.02
4 0.842167 0.343000 0.02 0.02
4 0.830667 0.342750 0.02 0.02
2 0.807000 0.372000 0.02 0.02
