2 0.207333 0.349000 0.02 0.02
2 0.214167 0.364750 0.02 0.02
2 0.225833 0.364500 0.02 0.02
2 0.231167 0.349750 0.02 0.02
2 0.236833 0.335250 0.02 0.02
2 0.242000 0.319250 0.02 0.02
2 0.248000 0.303500 0.02 0.02
2 0.253500 0.289250 0.02 0.02
2 0.230500 0.290250 0.02 0.02
2 0.224333 0.275000 0.02 0.02
2 0.225000 0.305000 0.02 0.02
2 0.219333 0.319750 0.02 0.02
2 0.207500 0.319500 0.02 0.02
3 0.097000 0.359750 0.02 0.02
3 0.091333 0.373500 0.02 0.02
3 0.084833 0.387250 0.02 0.02
3 0.098000 0.388250 0.02 0.02
3 0.110167 0.388250 0.02 0.02
3 0.104333 0.403000 0.02 0.02
3 0.091833 0.402000 0.02 0.02
3 0.092667 0.431750 0.02 0.02
1 0.607000 0.173500 0.02 0.02
1 0.619167 0.173750 0.02 0.02
1 0.630333 0.173500 0.02 0.02
1 0.642333 0.174250 0.02 0.02
1 0.625000 0.190750 0.02 0.02
1 0.629333 0.207500 0.02 0.02
1 0.635333 0.223000 0.02 0.02
1 0.595333 0.172750 0.02 0.02
1 0.584500 0.172750 0.02 0.02
1 0.578333 0.190750 0.02 0.02
