3 0.907000 0.192000 0.02 0.02
3 0.888667 0.178000 0.02 0.02
1 0.852667 0.208000 0.02 0.02
1 0.882500 0.224000 0.02 0.02
1 0.912000 0.209750 0.02 0.02
1 0.924000 0.242250 0.02 0.02
1 0.823000 0.192250 0.02 0.02
1 0.799167 0.191750 0.02 0.02
3 0.806167 0.176250 0.02 0.02
3 0.846833 0.192000 0.02 0.02
3 0.735167 0.173750 0.02 0.02
3 0.688667 0.173500 0.02 0.02
1 0.491167 0.211000 0.02 0.02
1 0.497333 0.189000 0.02 0.02
1 0.453500 0.213500 0.02 0.02
1 0.478833 0.263500 0.02 0.02
6 0.147167 0.709750 0.02 0.02
6 0.135333 0.709000 0.02 0.02
6 0.141500 0.724250 0.02 0.02
6 0.129167 0.723500 0.02 0.02
6 0.123333 0.707500 0.02 0.02
6 0.117167 0.721750 0.02 0.02
6 0.105500 0.690750 0.02 0.02
6 0.099833 0.675250 0.02 0.02
6 0.093667 0.660500 0.02 0.02
6 0.100333 0.646250 0.02 0.02
6 0.105833 0.661500 0.02 0.02
6 0.111167 0.676250 0.02 0.02
2 0.118167 0.662750 0.02 0.02
2 0.123500 0.648000 0.02 0.02
2 0.129000 0.634500 0.02 0.02
2 0.141667 0.635250 0.02 0.02
2 0.135167 0.648750 0.02 0.02
2 0.129333 0.663250 0.02 0.02
2 0.153000 0.636750 0.02 0.02
2 0.159333 0.621750 0.02 0.02
2 0.166167 0.607750 0.02 0.02
2 0.171333 0.593000 0.02 0.02
2 0.184000 0.594750 0.02 0.02
2 0.201667 0.608750 0.02 0.02
2 0.237000 0.550250 0.02 0.02
2 0.254667 0.535750 0.02 0.02
6 0.493167 0.498500 0.02 0.02
2 0.498500 0.482750 0.02 0.02
2 0.511000 0.483500 0.02 0.02
2 0.522000 0.484000 0.02 0.02
2 0.533833 0.483500 0.02 0.02
2 0.545667 0.483750 0.02 0.02
2 0.633833 0.410250 0.02 0.02
2 0.650667 0.394750 0.02 0.02
2 0.680500 0.380000 0.02 0.02
2 0.693000 0.349500 0.02 0.02
2 0.704500 0.349250 0.02 0.02
1 0.834167 0.724750 0.02 0.02
6 0.873000 0.737250 0.02 0.02
6 0.885333 0.736500 0.02 0.02
6 0.879667 0.722750 0.02 0.02
6 0.890333 0.751750 0.02 0.02
6 0.793000 0.739250 0.02 0.02
6 0.804833 0.739500 0.02 0.02
6 0.816500 0.740000 0.02 0.02
6 0.798333 0.755000 0.02 0.02
6 0.786667 0.755250 0.02 0.02
