6 0.513833 0.513250 0.02 0.02
6 0.529833 0.527750 0.02 0.02
6 0.497833 0.472250 0.02 0.02
6 0.482333 0.431250 0.02 0.02
6 0.381000 0.330500 0.02 0.02
6 0.288833 0.286750 0.02 0.02
6 0.261833 0.271500 0.02 0.02
6 0.245333 0.256000 0.02 0.02
6 0.229500 0.241750 0.02 0.02
6 0.213333 0.228250 0.02 0.02
6 0.197000 0.213750 0.02 0.02
6 0.181333 0.226500 0.02 0.02
6 0.164667 0.240250 0.02 0.02
6 0.148333 0.227000 0.02 0.02
6 0.131167 0.212250 0.02 0.02
6 0.119000 0.182500 0.02 0.02
6 0.118167 0.153000 0.02 0.02
6 0.101000 0.166000 0.02 0.02
6 0.089500 0.137000 0.02 0.02
