2 0.276000 0.358750 0.02 0.02
2 0.285833 0.360000 0.02 0.02
2 0.291000 0.347000 0.02 0.02
2 0.280667 0.345500 0.02 0.02
2 0.286167 0.332250 0.02 0.02
2 0.297000 0.333250 0.02 0.02
2 0.291500 0.318500 0.02 0.02
2 0.302667 0.318500 0.02 0.02
2 0.307500 0.333000 0.02 0.02
2 0.318833 0.333750 0.02 0.02
4 0.236167 0.287250 0.02 0.02
4 0.225333 0.286500 0.02 0.02
4 0.215000 0.285750 0.02 0.02
4 0.209333 0.271250 0.02 0.02
3 0.236333 0.256750 0.02 0.02
3 0.280667 0.259750 0.02 0.02
3 0.242167 0.330000 0.02 0.02
3 0.242333 0.356750 0.02 0.02
3 0.219500 0.354500 0.02 0.02
3 0.248667 0.201250 0.02 0.02
3 0.286333 0.187500 0.02 0.02
3 0.186667 0.299000 0.02 0.02
3 0.192333 0.341250 0.02 0.02
3 0.191667 0.394000 0.02 0.02
3 0.159167 0.366250 0.02 0.02
3 0.118833 0.267750 0.02 0.02
6 0.107167 0.322500 0.02 0.02
6 0.101833 0.362500 0.02 0.02
6 0.095667 0.348750 0.02 0.02
6 0.169500 0.313500 0.02 0.02
6 0.159167 0.313000 0.02 0.02
6 0.164500 0.327250 0.02 0.02
6 0.180667 0.313250 0.02 0.02
4 0.153000 0.297750 0.02 0.02
4 0.158667 0.283750 0.02 0.02
4 0.170833 0.284000 0.02 0.02
4 0.181333 0.283750 0.02 0.02
4 0.175833 0.270000 0.02 0.02
4 0.175833 0.240000 0.02 0.02
2 0.308167 0.246250 0.02 0.02
2 0.336000 0.232750 0.02 0.02
2 0.341833 0.218500 0.02 0.02
2 0.490500 0.148750 0.02 0.02
2 0.484667 0.163000 0.02 0.02
2 0.451667 0.163750 0.02 0.02
4 0.506500 0.164500 0.02 0.02
3 0.577333 0.209250 0.02 0.02
3 0.594833 0.195500 0.02 0.02
3 0.622000 0.179500 0.02 0.02
3 0.577333 0.267250 0.02 0.02
3 0.582500 0.282500 0.02 0.02
3 0.500000 0.294500 0.02 0.02
4 0.538167 0.280750 0.02 0.02
3 0.593167 0.312250 0.02 0.02
1 0.565333 0.381500 0.02 0.02
1 0.559500 0.396500 0.02 0.02
1 0.608167 0.381750 0.02 0.02
1 0.548167 0.422000 0.02 0.02
3 0.611833 0.506250 0.02 0.02
3 0.633667 0.506000 0.02 0.02
3 0.655500 0.507000 0.02 0.02
3 0.667000 0.508250 0.02 0.02
4 0.710167 0.564750 0.02 0.02
