2 0.230500 0.413750 0.02 0.02
2 0.224667 0.428000 0.02 0.02
2 0.218833 0.442500 0.02 0.02
2 0.206500 0.442500 0.02 0.02
2 0.146167 0.438000 0.02 0.02
2 0.349833 0.420750 0.02 0.02
2 0.362000 0.420500 0.02 0.02
2 0.373333 0.421000 0.02 0.02
2 0.355500 0.434500 0.02 0.02
2 0.367500 0.435500 0.02 0.02
2 0.367667 0.406250 0.02 0.02
2 0.355500 0.405500 0.02 0.02
2 0.362000 0.392250 0.02 0.02
2 0.373333 0.391500 0.02 0.02
2 0.367000 0.377500 0.02 0.02
2 0.379000 0.406250 0.02 0.02
2 0.385167 0.421000 0.02 0.02
2 0.344167 0.434000 0.02 0.02
1 0.537500 0.641500 0.02 0.02
1 0.549000 0.642000 0.02 0.02
1 0.560333 0.641000 0.02 0.02
1 0.567500 0.683500 0.02 0.02
1 0.561333 0.698500 0.02 0.02
1 0.608500 0.670500 0.02 0.02
1 0.631333 0.671000 0.02 0.02
1 0.649333 0.656750 0.02 0.02
1 0.648833 0.686250 0.02 0.02
1 0.654500 0.670750 0.02 0.02
1 0.660667 0.657000 0.02 0.02
1 0.666500 0.671750 0.02 0.02
1 0.660667 0.684500 0.02 0.02
1 0.643000 0.672000 0.02 0.02
1 0.637667 0.656500 0.02 0.02
1 0.696167 0.685250 0.02 0.02
1 0.678333 0.671750 0.02 0.02
1 0.684500 0.685000 0.02 0.02
1 0.672667 0.685750 0.02 0.02
1 0.684333 0.657000 0.02 0.02
1 0.696167 0.656250 0.02 0.02
1 0.702000 0.670750 0.02 0.02
1 0.702000 0.642250 0.02 0.02
1 0.714167 0.642500 0.02 0.02
1 0.678167 0.643500 0.02 0.02
1 0.690333 0.642500 0.02 0.02
1 0.731500 0.656000 0.02 0.02
1 0.749333 0.671000 0.02 0.02
0 0.767500 0.626000 0.02 0.02
1 0.762000 0.641000 0.02 0.02
1 0.761667 0.612000 0.02 0.02
1 0.762667 0.583000 0.02 0.02
1 0.774167 0.581750 0.02 0.02
0 0.779833 0.568000 0.02 0.02
0 0.786333 0.582000 0.02 0.02
1 0.667500 0.412250 0.02 0.02
1 0.673333 0.397250 0.02 0.02
1 0.679333 0.382500 0.02 0.02
1 0.685000 0.368750 0.02 0.02
1 0.697167 0.368250 0.02 0.02
4 0.763667 0.353250 0.02 0.02
4 0.776167 0.352000 0.02 0.02
4 0.770333 0.367500 0.02 0.02
4 0.782167 0.366250 0.02 0.02
4 0.788333 0.352250 0.02 0.02
4 0.782500 0.337750 0.02 0.02
4 0.776167 0.323250 0.02 0.02
4 0.763500 0.323250 0.02 0.02
4 0.751500 0.323250 0.02 0.02
4 0.757667 0.308250 0.02 0.02
4 0.745333 0.308500 0.02 0.02
4 0.740667 0.292750 0.02 0.02
4 0.752500 0.293000 0.02 0.02
4 0.887167 0.506000 0.02 0.02
4 0.875167 0.505000 0.02 0.02
4 0.863833 0.505500 0.02 0.02
4 0.857000 0.521500 0.02 0.02
4 0.851500 0.536000 0.02 0.02
3 0.869167 0.521250 0.02 0.02
3 0.863333 0.537250 0.02 0.02
3 0.869333 0.581250 0.02 0.02
3 0.146167 0.409250 0.02 0.02
3 0.158500 0.410250 0.02 0.02
3 0.133333 0.409250 0.02 0.02
3 0.140500 0.394000 0.02 0.02
3 0.116667 0.392250 0.02 0.02
3 0.109833 0.377750 0.02 0.02
3 0.098000 0.376750 0.02 0.02
3 0.145833 0.379500 0.02 0.02
3 0.158000 0.380750 0.02 0.02
3 0.164333 0.395750 0.02 0.02
3 0.163667 0.365500 0.02 0.02
3 0.145500 0.349500 0.02 0.02
3 0.200167 0.368250 0.02 0.02
3 0.206167 0.383250 0.02 0.02
3 0.200833 0.398750 0.02 0.02
3 0.188000 0.396250 0.02 0.02
3 0.195000 0.412750 0.02 0.02
3 0.201333 0.456250 0.02 0.02
3 0.189333 0.455750 0.02 0.02
3 0.195667 0.471000 0.02 0.02
3 0.207500 0.471750 0.02 0.02
3 0.220167 0.501000 0.02 0.02
3 0.243833 0.502250 0.02 0.02
3 0.237500 0.516250 0.02 0.02
3 0.452833 0.553250 0.02 0.02
3 0.464333 0.553250 0.02 0.02
