1 0.730667 0.678750 0.02 0.02
1 0.754000 0.647000 0.02 0.02
1 0.777500 0.646500 0.02 0.02
1 0.724667 0.663000 0.02 0.02
1 0.795333 0.601750 0.02 0.02
1 0.788500 0.616500 0.02 0.02
1 0.778000 0.557750 0.02 0.02
1 0.841833 0.601500 0.02 0.02
1 0.829667 0.601500 0.02 0.02
1 0.829667 0.629750 0.02 0.02
1 0.877333 0.569750 0.02 0.02
1 0.865500 0.570000 0.02 0.02
1 0.870667 0.583750 0.02 0.02
1 0.839167 0.407250 0.02 0.02
1 0.804167 0.408750 0.02 0.02
1 0.809333 0.424250 0.02 0.02
3 0.843500 0.452500 0.02 0.02
3 0.837667 0.467500 0.02 0.02
2 0.876167 0.347000 0.02 0.02
2 0.882667 0.362250 0.02 0.02
2 0.888500 0.376500 0.02 0.02
2 0.881500 0.390500 0.02 0.02
2 0.876167 0.408250 0.02 0.02
2 0.869333 0.392750 0.02 0.02
2 0.861833 0.468500 0.02 0.02
6 0.901333 0.537250 0.02 0.02
6 0.907667 0.521000 0.02 0.02
6 0.913000 0.536250 0.02 0.02
6 0.894667 0.553250 0.02 0.02
6 0.901833 0.507000 0.02 0.02
6 0.896500 0.492250 0.02 0.02
6 0.907667 0.491250 0.02 0.02
6 0.914667 0.506750 0.02 0.02
6 0.920833 0.490000 0.02 0.02
6 0.913500 0.474500 0.02 0.02
6 0.906667 0.552250 0.02 0.02
6 0.853167 0.629000 0.02 0.02
6 0.841667 0.629000 0.02 0.02
6 0.864833 0.628500 0.02 0.02
6 0.876000 0.627000 0.02 0.02
6 0.887833 0.626500 0.02 0.02
6 0.899500 0.625500 0.02 0.02
1 0.835500 0.615500 0.02 0.02
2 0.812500 0.616000 0.02 0.02
2 0.819333 0.571750 0.02 0.02
2 0.754500 0.558500 0.02 0.02
2 0.743000 0.558500 0.02 0.02
2 0.736833 0.543250 0.02 0.02
2 0.719833 0.529250 0.02 0.02
2 0.702667 0.514250 0.02 0.02
2 0.679167 0.513500 0.02 0.02
1 0.684833 0.529250 0.02 0.02
2 0.661500 0.499500 0.02 0.02
1 0.621167 0.514000 0.02 0.02
2 0.627333 0.498250 0.02 0.02
3 0.628500 0.407750 0.02 0.02
3 0.588167 0.364750 0.02 0.02
3 0.582333 0.379750 0.02 0.02
3 0.558833 0.319000 0.02 0.02
3 0.565167 0.304750 0.02 0.02
3 0.571167 0.288250 0.02 0.02
3 0.577500 0.273000 0.02 0.02
3 0.589833 0.273750 0.02 0.02
3 0.583167 0.288250 0.02 0.02
3 0.577000 0.304000 0.02 0.02
3 0.588667 0.304500 0.02 0.02
3 0.559333 0.288500 0.02 0.02
3 0.566167 0.273750 0.02 0.02
1 0.571500 0.320000 0.02 0.02
1 0.512833 0.255500 0.02 0.02
3 0.500000 0.256750 0.02 0.02
4 0.506500 0.272500 0.02 0.02
3 0.494333 0.272500 0.02 0.02
3 0.482667 0.272500 0.02 0.02
3 0.477000 0.256250 0.02 0.02
3 0.465500 0.256250 0.02 0.02
3 0.459500 0.239750 0.02 0.02
3 0.454000 0.223750 0.02 0.02
2 0.489000 0.224250 0.02 0.02
4 0.208333 0.217250 0.02 0.02
3 0.260833 0.134500 0.02 0.02
3 0.266500 0.116250 0.02 0.02
3 0.272333 0.135250 0.02 0.02
3 0.284333 0.135250 0.02 0.02
1 0.296167 0.135500 0.02 0.02
1 0.248833 0.134250 0.02 0.02
1 0.319000 0.137250 0.02 0.02
1 0.313333 0.152750 0.02 0.02
3 0.324833 0.154250 0.02 0.02
3 0.336333 0.153250 0.02 0.02
3 0.355000 0.137500 0.02 0.02
3 0.360833 0.154250 0.02 0.02
3 0.367167 0.138000 0.02 0.02
3 0.378167 0.137000 0.02 0.02
2 0.377667 0.171500 0.02 0.02
2 0.390000 0.171250 0.02 0.02
2 0.401667 0.172500 0.02 0.02
