2 0.558667 0.193750 0.02 0.02
2 0.571167 0.193000 0.02 0.02
2 0.565333 0.209750 0.02 0.02
2 0.577500 0.209250 0.02 0.02
2 0.559500 0.228000 0.02 0.02
2 0.571667 0.226000 0.02 0.02
2 0.584500 0.226250 0.02 0.02
2 0.596833 0.226250 0.02 0.02
2 0.565667 0.243000 0.02 0.02
2 0.578333 0.243750 0.02 0.02
2 0.590833 0.242250 0.02 0.02
2 0.584167 0.258500 0.02 0.02
2 0.596500 0.258250 0.02 0.02
2 0.578667 0.275000 0.02 0.02
2 0.590833 0.275750 0.02 0.02
6 0.455667 0.311500 0.02 0.02
6 0.443167 0.311250 0.02 0.02
6 0.430667 0.310750 0.02 0.02
6 0.418500 0.311500 0.02 0.02
6 0.406333 0.311750 0.02 0.02
6 0.411667 0.295750 0.02 0.02
6 0.423500 0.295750 0.02 0.02
6 0.424167 0.327750 0.02 0.02
6 0.296833 0.380000 0.02 0.02
6 0.271833 0.380750 0.02 0.02
6 0.177500 0.367500 0.02 0.02
6 0.170667 0.350500 0.02 0.02
6 0.169667 0.319250 0.02 0.02
6 0.150667 0.303750 0.02 0.02
6 0.137000 0.272000 0.02 0.02
6 0.119500 0.256000 0.02 0.02
6 0.093667 0.224500 0.02 0.02
6 0.074000 0.208000 0.02 0.02
4 0.264500 0.118000 0.02 0.02
4 0.270833 0.135750 0.02 0.02
4 0.277667 0.151750 0.02 0.02
4 0.284333 0.167250 0.02 0.02
4 0.278667 0.184000 0.02 0.02
4 0.273000 0.201000 0.02 0.02
4 0.260833 0.201250 0.02 0.02
4 0.253500 0.184000 0.02 0.02
4 0.265333 0.151000 0.02 0.02
4 0.296500 0.134500 0.02 0.02
4 0.302667 0.117250 0.02 0.02
4 0.261667 0.235500 0.02 0.02
3 0.694333 0.221750 0.02 0.02
3 0.689000 0.238250 0.02 0.02
3 0.700500 0.237500 0.02 0.02
3 0.695333 0.254250 0.02 0.02
3 0.707333 0.253000 0.02 0.02
3 0.702000 0.270750 0.02 0.02
3 0.657833 0.190000 0.02 0.02
3 0.626500 0.174000 0.02 0.02
3 0.638833 0.173750 0.02 0.02
3 0.620333 0.157000 0.02 0.02
3 0.626500 0.139750 0.02 0.02
3 0.595167 0.123750 0.02 0.02
3 0.582667 0.124750 0.02 0.02
3 0.588833 0.106250 0.02 0.02
3 0.576167 0.107000 0.02 0.02
4 0.601000 0.106250 0.02 0.02
4 0.613333 0.106000 0.02 0.02
4 0.625500 0.105000 0.02 0.02
4 0.636500 0.105000 0.02 0.02
4 0.649667 0.103000 0.02 0.02
4 0.663167 0.102750 0.02 0.02
4 0.675833 0.103000 0.02 0.02
4 0.687500 0.101750 0.02 0.02
4 0.699333 0.101250 0.02 0.02
4 0.711500 0.100500 0.02 0.02
4 0.724167 0.099750 0.02 0.02
4 0.717833 0.116000 0.02 0.02
3 0.705500 0.083500 0.02 0.02
6 0.843667 0.343000 0.02 0.02
6 0.849833 0.326750 0.02 0.02
6 0.856167 0.310750 0.02 0.02
6 0.862000 0.294000 0.02 0.02
6 0.868167 0.278000 0.02 0.02
6 0.875000 0.262250 0.02 0.02
6 0.881667 0.245500 0.02 0.02
6 0.887500 0.230000 0.02 0.02
6 0.893500 0.212250 0.02 0.02
6 0.899833 0.195500 0.02 0.02
6 0.906500 0.179000 0.02 0.02
6 0.913000 0.161000 0.02 0.02
6 0.919167 0.143250 0.02 0.02
6 0.925833 0.126500 0.02 0.02
