3 0.479167 0.371500 0.02 0.02
3 0.491000 0.371500 0.02 0.02
3 0.473500 0.388000 0.02 0.02
3 0.484833 0.388250 0.02 0.02
3 0.479833 0.404500 0.02 0.02
3 0.473333 0.422000 0.02 0.02
3 0.468000 0.436750 0.02 0.02
3 0.435833 0.468250 0.02 0.02
3 0.430000 0.482750 0.02 0.02
3 0.405000 0.388750 0.02 0.02
3 0.415667 0.388000 0.02 0.02
3 0.426833 0.388000 0.02 0.02
3 0.411000 0.405250 0.02 0.02
3 0.406167 0.421500 0.02 0.02
3 0.367833 0.524750 0.02 0.02
4 0.372833 0.511500 0.02 0.02
4 0.385000 0.540000 0.02 0.02
4 0.401833 0.526000 0.02 0.02
4 0.343500 0.468000 0.02 0.02
4 0.288500 0.497250 0.02 0.02
4 0.271667 0.510250 0.02 0.02
4 0.250667 0.509750 0.02 0.02
4 0.271667 0.481250 0.02 0.02
4 0.282833 0.481000 0.02 0.02
4 0.265833 0.465250 0.02 0.02
4 0.276833 0.464500 0.02 0.02
3 0.223000 0.522500 0.02 0.02
3 0.206333 0.536000 0.02 0.02
3 0.195167 0.536000 0.02 0.02
6 0.899000 0.680000 0.02 0.02
6 0.893667 0.697500 0.02 0.02
6 0.887333 0.713250 0.02 0.02
6 0.881500 0.727250 0.02 0.02
6 0.875000 0.742250 0.02 0.02
6 0.868500 0.757000 0.02 0.02
6 0.875167 0.771750 0.02 0.02
6 0.881500 0.786250 0.02 0.02
6 0.887333 0.801000 0.02 0.02
6 0.893833 0.785500 0.02 0.02
6 0.893500 0.756000 0.02 0.02
6 0.893500 0.727250 0.02 0.02
6 0.117333 0.442500 0.02 0.02
6 0.092500 0.438500 0.02 0.02
6 0.080667 0.438250 0.02 0.02
6 0.074000 0.453750 0.02 0.02
6 0.068333 0.469250 0.02 0.02
6 0.061500 0.482500 0.02 0.02
