6 0.319667 0.548500 0.02 0.02
6 0.336833 0.564750 0.02 0.02
6 0.349167 0.534000 0.02 0.02
6 0.378167 0.520000 0.02 0.02
6 0.402167 0.490000 0.02 0.02
6 0.461167 0.461250 0.02 0.02
6 0.514833 0.447000 0.02 0.02
6 0.750000 0.479750 0.02 0.02
6 0.768333 0.435500 0.02 0.02
6 0.815500 0.435500 0.02 0.02
6 0.863000 0.436000 0.02 0.02
6 0.934000 0.408000 0.02 0.02
6 0.952833 0.364000 0.02 0.02
6 0.248333 0.518000 0.02 0.02
6 0.225167 0.458500 0.02 0.02
6 0.124167 0.649750 0.02 0.02
6 0.082333 0.868000 0.02 0.02
6 0.065500 0.824250 0.02 0.02
6 0.112167 0.825000 0.02 0.02
