4 0.465500 0.387250 0.02 0.02
4 0.477667 0.386750 0.02 0.02
4 0.490333 0.386250 0.02 0.02
4 0.503667 0.385500 0.02 0.02
4 0.541667 0.383250 0.02 0.02
4 0.554500 0.382000 0.02 0.02
4 0.567667 0.382250 0.02 0.02
4 0.580167 0.381750 0.02 0.02
4 0.592167 0.381500 0.02 0.02
4 0.586667 0.398000 0.02 0.02
4 0.573500 0.398250 0.02 0.02
4 0.561667 0.398500 0.02 0.02
4 0.548500 0.399000 0.02 0.02
4 0.535333 0.398500 0.02 0.02
4 0.523167 0.400000 0.02 0.02
4 0.511333 0.400750 0.02 0.02
4 0.497333 0.401500 0.02 0.02
4 0.471667 0.402000 0.02 0.02
4 0.460000 0.402750 0.02 0.02
4 0.446333 0.404250 0.02 0.02
4 0.432667 0.404000 0.02 0.02
4 0.439000 0.388750 0.02 0.02
4 0.446000 0.373000 0.02 0.02
4 0.431667 0.373750 0.02 0.02
4 0.426167 0.390000 0.02 0.02
4 0.413167 0.389500 0.02 0.02
4 0.419000 0.372750 0.02 0.02
4 0.431333 0.338500 0.02 0.02
4 0.451167 0.355750 0.02 0.02
3 0.452500 0.388750 0.02 0.02
3 0.489500 0.354500 0.02 0.02
3 0.502667 0.354000 0.02 0.02
3 0.508833 0.337750 0.02 0.02
3 0.508000 0.304000 0.02 0.02
3 0.497333 0.369750 0.02 0.02
3 0.484667 0.402500 0.02 0.02
3 0.516833 0.383750 0.02 0.02
3 0.529000 0.383250 0.02 0.02
3 0.527833 0.351250 0.02 0.02
3 0.534667 0.336250 0.02 0.02
3 0.547000 0.334750 0.02 0.02
3 0.559833 0.333250 0.02 0.02
3 0.540667 0.283500 0.02 0.02
3 0.552833 0.283750 0.02 0.02
3 0.473167 0.435250 0.02 0.02
3 0.485333 0.435500 0.02 0.02
3 0.498667 0.434500 0.02 0.02
3 0.505500 0.451500 0.02 0.02
3 0.511500 0.468250 0.02 0.02
3 0.524833 0.467000 0.02 0.02
3 0.530167 0.448250 0.02 0.02
3 0.537333 0.467000 0.02 0.02
3 0.486667 0.467500 0.02 0.02
3 0.492333 0.450750 0.02 0.02
3 0.479667 0.451750 0.02 0.02
3 0.466167 0.451750 0.02 0.02
3 0.505000 0.483250 0.02 0.02
6 0.518500 0.482750 0.02 0.02
6 0.531167 0.482750 0.02 0.02
6 0.543833 0.481500 0.02 0.02
6 0.498500 0.466500 0.02 0.02
6 0.492500 0.483000 0.02 0.02
6 0.486000 0.499250 0.02 0.02
6 0.499333 0.499750 0.02 0.02
6 0.512167 0.499750 0.02 0.02
6 0.524667 0.499000 0.02 0.02
6 0.537500 0.497500 0.02 0.02
6 0.493167 0.515000 0.02 0.02
6 0.505500 0.514750 0.02 0.02
6 0.518500 0.513500 0.02 0.02
6 0.531500 0.513750 0.02 0.02
6 0.500000 0.531000 0.02 0.02
6 0.512667 0.529750 0.02 0.02
6 0.525000 0.529500 0.02 0.02
6 0.519000 0.546000 0.02 0.02
6 0.506167 0.545500 0.02 0.02
6 0.512667 0.561250 0.02 0.02
4 0.447167 0.178750 0.02 0.02
4 0.454000 0.197250 0.02 0.02
4 0.460833 0.215000 0.02 0.02
4 0.467500 0.233000 0.02 0.02
4 0.474333 0.249500 0.02 0.02
4 0.482000 0.269750 0.02 0.02
4 0.488167 0.286250 0.02 0.02
4 0.495333 0.303250 0.02 0.02
4 0.502333 0.320250 0.02 0.02
3 0.508833 0.337750 0.02 0.02
3 0.502500 0.353750 0.02 0.02
3 0.490667 0.355000 0.02 0.02
3 0.507500 0.303250 0.02 0.02
3 0.539667 0.284250 0.02 0.02
3 0.553000 0.283500 0.02 0.02
3 0.534833 0.336250 0.02 0.02
3 0.528500 0.352250 0.02 0.02
3 0.547333 0.335250 0.02 0.02
3 0.560833 0.333250 0.02 0.02
3 0.497333 0.370250 0.02 0.02
3 0.517667 0.385250 0.02 0.02
3 0.484833 0.402000 0.02 0.02
3 0.452500 0.388750 0.02 0.02
4 0.445500 0.373500 0.02 0.02
4 0.451000 0.356250 0.02 0.02
4 0.456833 0.339000 0.02 0.02
4 0.471333 0.338750 0.02 0.02
4 0.477167 0.321000 0.02 0.02
4 0.483167 0.336750 0.02 0.02
4 0.489500 0.320250 0.02 0.02
4 0.463333 0.320500 0.02 0.02
4 0.450000 0.321250 0.02 0.02
4 0.466833 0.196250 0.02 0.02
4 0.472667 0.177000 0.02 0.02
4 0.479167 0.156750 0.02 0.02
4 0.485000 0.136500 0.02 0.02
4 0.498167 0.135250 0.02 0.02
6 0.491167 0.116750 0.02 0.02
6 0.497667 0.097250 0.02 0.02
6 0.510333 0.094500 0.02 0.02
6 0.505000 0.115250 0.02 0.02
6 0.515833 0.076000 0.02 0.02
6 0.502833 0.076500 0.02 0.02
6 0.490333 0.080750 0.02 0.02
6 0.484333 0.098500 0.02 0.02
6 0.478833 0.082250 0.02 0.02
6 0.472000 0.099250 0.02 0.02
6 0.465667 0.119750 0.02 0.02
6 0.439833 0.120000 0.02 0.02
6 0.446000 0.099750 0.02 0.02
6 0.452000 0.082500 0.02 0.02
6 0.440000 0.081000 0.02 0.02
6 0.427167 0.079000 0.02 0.02
6 0.433500 0.099500 0.02 0.02
6 0.355500 0.437250 0.02 0.02
6 0.349500 0.453500 0.02 0.02
6 0.343500 0.469500 0.02 0.02
6 0.337333 0.484500 0.02 0.02
6 0.331667 0.500250 0.02 0.02
6 0.350167 0.486000 0.02 0.02
6 0.356333 0.469000 0.02 0.02
6 0.363000 0.485750 0.02 0.02
6 0.330167 0.469750 0.02 0.02
6 0.335500 0.453250 0.02 0.02
6 0.323833 0.485500 0.02 0.02
6 0.325167 0.516250 0.02 0.02
6 0.338000 0.516750 0.02 0.02
6 0.332167 0.532000 0.02 0.02
6 0.345000 0.532750 0.02 0.02
6 0.320000 0.531750 0.02 0.02
6 0.312000 0.516750 0.02 0.02
6 0.306667 0.532250 0.02 0.02
6 0.301167 0.547000 0.02 0.02
6 0.313833 0.547500 0.02 0.02
6 0.326667 0.548250 0.02 0.02
6 0.339167 0.548250 0.02 0.02
6 0.351333 0.548250 0.02 0.02
6 0.308833 0.562000 0.02 0.02
6 0.320333 0.563250 0.02 0.02
6 0.333333 0.563500 0.02 0.02
6 0.345667 0.564500 0.02 0.02
6 0.314833 0.578750 0.02 0.02
6 0.327000 0.579250 0.02 0.02
6 0.339500 0.579500 0.02 0.02
6 0.321167 0.593750 0.02 0.02
6 0.334000 0.594500 0.02 0.02
6 0.328000 0.610500 0.02 0.02
