0 0.170667 0.363000 0.02 0.02
0 0.158667 0.391750 0.02 0.02
0 0.199167 0.290250 0.02 0.02
0 0.210667 0.288750 0.02 0.02
0 0.205333 0.304250 0.02 0.02
0 0.193500 0.305000 0.02 0.02
0 0.187333 0.319250 0.02 0.02
0 0.227500 0.274250 0.02 0.02
0 0.233333 0.260000 0.02 0.02
0 0.221667 0.259500 0.02 0.02
0 0.226833 0.244500 0.02 0.02
0 0.238667 0.244750 0.02 0.02
0 0.232000 0.229000 0.02 0.02
0 0.261333 0.215500 0.02 0.02
0 0.267000 0.198750 0.02 0.02
0 0.278667 0.199750 0.02 0.02
0 0.273167 0.215500 0.02 0.02
0 0.284500 0.184000 0.02 0.02
0 0.272667 0.184250 0.02 0.02
0 0.319667 0.153250 0.02 0.02
0 0.325500 0.170000 0.02 0.02
0 0.331500 0.185500 0.02 0.02
0 0.336833 0.169250 0.02 0.02
0 0.343000 0.154250 0.02 0.02
3 0.365833 0.184250 0.02 0.02
3 0.359833 0.200500 0.02 0.02
3 0.354833 0.215500 0.02 0.02
3 0.365333 0.216000 0.02 0.02
3 0.371667 0.200250 0.02 0.02
3 0.383167 0.200750 0.02 0.02
3 0.377500 0.216250 0.02 0.02
3 0.389500 0.215750 0.02 0.02
3 0.325167 0.199500 0.02 0.02
3 0.319333 0.214500 0.02 0.02
1 0.337000 0.200250 0.02 0.02
1 0.330833 0.216000 0.02 0.02
1 0.325000 0.231000 0.02 0.02
1 0.336667 0.231250 0.02 0.02
1 0.313667 0.230250 0.02 0.02
1 0.302167 0.229500 0.02 0.02
1 0.307167 0.215500 0.02 0.02
1 0.296333 0.244750 0.02 0.02
1 0.285167 0.245250 0.02 0.02
1 0.279167 0.260000 0.02 0.02
1 0.273667 0.275000 0.02 0.02
1 0.268000 0.289750 0.02 0.02
1 0.262667 0.274250 0.02 0.02
1 0.267833 0.259750 0.02 0.02
1 0.255833 0.260500 0.02 0.02
1 0.250167 0.274750 0.02 0.02
1 0.244667 0.260000 0.02 0.02
2 0.279167 0.290000 0.02 0.02
2 0.290667 0.290500 0.02 0.02
2 0.302167 0.289250 0.02 0.02
2 0.314000 0.289750 0.02 0.02
2 0.296667 0.305500 0.02 0.02
2 0.301667 0.320500 0.02 0.02
2 0.308333 0.334250 0.02 0.02
2 0.314167 0.348000 0.02 0.02
2 0.308500 0.363250 0.02 0.02
2 0.302833 0.376750 0.02 0.02
2 0.255833 0.406000 0.02 0.02
2 0.267500 0.405750 0.02 0.02
2 0.279500 0.405500 0.02 0.02
2 0.290667 0.405750 0.02 0.02
2 0.273500 0.420250 0.02 0.02
2 0.274000 0.391750 0.02 0.02
4 0.534333 0.102750 0.02 0.02
4 0.526833 0.119000 0.02 0.02
4 0.540333 0.119750 0.02 0.02
4 0.553667 0.118000 0.02 0.02
4 0.567500 0.117750 0.02 0.02
4 0.582833 0.117250 0.02 0.02
4 0.575833 0.100500 0.02 0.02
4 0.589167 0.101500 0.02 0.02
4 0.596167 0.118750 0.02 0.02
4 0.609667 0.117250 0.02 0.02
4 0.621833 0.119000 0.02 0.02
4 0.633333 0.118500 0.02 0.02
4 0.645333 0.118750 0.02 0.02
4 0.656333 0.119250 0.02 0.02
4 0.663000 0.135250 0.02 0.02
4 0.651167 0.134500 0.02 0.02
4 0.639000 0.134750 0.02 0.02
4 0.628167 0.136000 0.02 0.02
6 0.836833 0.593250 0.02 0.02
6 0.848667 0.592250 0.02 0.02
6 0.859500 0.592000 0.02 0.02
6 0.871167 0.591250 0.02 0.02
6 0.865500 0.606250 0.02 0.02
6 0.870667 0.620750 0.02 0.02
6 0.864333 0.637000 0.02 0.02
6 0.882333 0.591250 0.02 0.02
6 0.877167 0.576500 0.02 0.02
6 0.883000 0.561500 0.02 0.02
6 0.888500 0.546500 0.02 0.02
6 0.895167 0.560750 0.02 0.02
3 0.198833 0.319250 0.02 0.02
3 0.182000 0.333750 0.02 0.02
3 0.175833 0.348000 0.02 0.02
3 0.164500 0.319500 0.02 0.02
3 0.175333 0.288750 0.02 0.02
3 0.164000 0.289500 0.02 0.02
3 0.152333 0.290000 0.02 0.02
