3 0.414000 0.238500 0.02 0.02
4 0.357000 0.250000 0.02 0.02
4 0.394000 0.251500 0.02 0.02
4 0.414667 0.269750 0.02 0.02
4 0.420500 0.286500 0.02 0.02
4 0.419000 0.318750 0.02 0.02
4 0.424333 0.398250 0.02 0.02
4 0.461833 0.464500 0.02 0.02
4 0.404000 0.476750 0.02 0.02
4 0.342167 0.474250 0.02 0.02
4 0.304000 0.442000 0.02 0.02
4 0.292500 0.409500 0.02 0.02
4 0.287500 0.298750 0.02 0.02
4 0.287333 0.264500 0.02 0.02
3 0.498833 0.466250 0.02 0.02
3 0.359333 0.523000 0.02 0.02
3 0.372000 0.555750 0.02 0.02
3 0.340500 0.570500 0.02 0.02
3 0.353500 0.538750 0.02 0.02
3 0.402000 0.633500 0.02 0.02
3 0.364000 0.632750 0.02 0.02
3 0.421000 0.619250 0.02 0.02
3 0.583500 0.657500 0.02 0.02
3 0.600833 0.671750 0.02 0.02
3 0.631167 0.686750 0.02 0.02
3 0.663167 0.671750 0.02 0.02
3 0.646000 0.626750 0.02 0.02
3 0.726833 0.673000 0.02 0.02
3 0.846500 0.686500 0.02 0.02
3 0.867167 0.609750 0.02 0.02
3 0.912833 0.594250 0.02 0.02
4 0.620667 0.321500 0.02 0.02
