3 0.589167 0.574500 0.02 0.02
3 0.671167 0.637000 0.02 0.02
3 0.664667 0.652000 0.02 0.02
3 0.546167 0.648000 0.02 0.02
3 0.494167 0.600000 0.02 0.02
3 0.493333 0.631500 0.02 0.02
3 0.670667 0.696500 0.02 0.02
3 0.610333 0.724750 0.02 0.02
3 0.581000 0.740000 0.02 0.02
3 0.698833 0.773250 0.02 0.02
3 0.645333 0.756750 0.02 0.02
3 0.658500 0.727250 0.02 0.02
3 0.639833 0.771250 0.02 0.02
4 0.682333 0.728000 0.02 0.02
4 0.663667 0.742000 0.02 0.02
4 0.669500 0.758000 0.02 0.02
4 0.652000 0.742750 0.02 0.02
4 0.657667 0.757500 0.02 0.02
4 0.663667 0.773250 0.02 0.02
4 0.675000 0.772750 0.02 0.02
4 0.686833 0.773250 0.02 0.02
4 0.693333 0.757750 0.02 0.02
4 0.705000 0.757250 0.02 0.02
4 0.699667 0.743000 0.02 0.02
4 0.711000 0.772500 0.02 0.02
4 0.729167 0.757500 0.02 0.02
4 0.735000 0.772250 0.02 0.02
4 0.740333 0.758250 0.02 0.02
4 0.746167 0.772500 0.02 0.02
4 0.752167 0.757500 0.02 0.02
4 0.746500 0.742250 0.02 0.02
4 0.775333 0.757500 0.02 0.02
4 0.787667 0.757250 0.02 0.02
4 0.781500 0.741750 0.02 0.02
6 0.866833 0.819250 0.02 0.02
6 0.878667 0.821000 0.02 0.02
6 0.890333 0.820750 0.02 0.02
6 0.884000 0.835000 0.02 0.02
6 0.884667 0.805500 0.02 0.02
6 0.896333 0.805750 0.02 0.02
6 0.902000 0.821500 0.02 0.02
6 0.913667 0.822000 0.02 0.02
6 0.925000 0.822250 0.02 0.02
6 0.901333 0.849500 0.02 0.02
6 0.924000 0.849000 0.02 0.02
6 0.926000 0.790000 0.02 0.02
6 0.914500 0.789750 0.02 0.02
6 0.255333 0.592000 0.02 0.02
6 0.243000 0.590500 0.02 0.02
6 0.231333 0.590000 0.02 0.02
6 0.219000 0.588750 0.02 0.02
6 0.242667 0.621500 0.02 0.02
