3 0.158833 0.254500 0.02 0.02
3 0.152667 0.269500 0.02 0.02
3 0.159000 0.286250 0.02 0.02
3 0.165167 0.302000 0.02 0.02
3 0.183167 0.317750 0.02 0.02
6 0.170833 0.255000 0.02 0.02
6 0.146667 0.253500 0.02 0.02
6 0.134000 0.252500 0.02 0.02
6 0.110167 0.251500 0.02 0.02
6 0.121833 0.283500 0.02 0.02
6 0.146000 0.285250 0.02 0.02
6 0.195333 0.285500 0.02 0.02
6 0.177833 0.300750 0.02 0.02
3 0.129000 0.329500 0.02 0.02
3 0.123167 0.343500 0.02 0.02
3 0.135167 0.344250 0.02 0.02
3 0.158833 0.346250 0.02 0.02
3 0.146667 0.375750 0.02 0.02
3 0.177167 0.361500 0.02 0.02
6 0.183667 0.347000 0.02 0.02
6 0.194833 0.376750 0.02 0.02
6 0.207500 0.347000 0.02 0.02
6 0.218833 0.317250 0.02 0.02
6 0.230833 0.347000 0.02 0.02
3 0.201000 0.421750 0.02 0.02
3 0.195333 0.436750 0.02 0.02
3 0.135167 0.434500 0.02 0.02
3 0.117333 0.448500 0.02 0.02
6 0.254333 0.347500 0.02 0.02
6 0.276667 0.349000 0.02 0.02
6 0.288667 0.351000 0.02 0.02
3 0.300333 0.352500 0.02 0.02
3 0.294333 0.367500 0.02 0.02
0 0.319000 0.337750 0.02 0.02
2 0.330000 0.339250 0.02 0.02
2 0.336333 0.324250 0.02 0.02
0 0.325000 0.292250 0.02 0.02
3 0.319167 0.276750 0.02 0.02
3 0.307000 0.276000 0.02 0.02
3 0.412667 0.312000 0.02 0.02
0 0.472833 0.282750 0.02 0.02
0 0.466333 0.298500 0.02 0.02
0 0.460500 0.313750 0.02 0.02
0 0.472167 0.314500 0.02 0.02
1 0.478500 0.298250 0.02 0.02
1 0.490333 0.297000 0.02 0.02
1 0.502167 0.296250 0.02 0.02
1 0.496167 0.312500 0.02 0.02
1 0.507167 0.342250 0.02 0.02
1 0.513167 0.358250 0.02 0.02
1 0.518000 0.373250 0.02 0.02
1 0.511500 0.389000 0.02 0.02
0 0.524000 0.388750 0.02 0.02
0 0.528333 0.403500 0.02 0.02
0 0.506667 0.373500 0.02 0.02
0 0.496167 0.373250 0.02 0.02
0 0.490167 0.389250 0.02 0.02
2 0.484833 0.374250 0.02 0.02
2 0.467167 0.360250 0.02 0.02
2 0.472333 0.345500 0.02 0.02
2 0.478333 0.330000 0.02 0.02
2 0.502167 0.327750 0.02 0.02
2 0.496333 0.343500 0.02 0.02
2 0.502000 0.358500 0.02 0.02
2 0.534500 0.358750 0.02 0.02
2 0.543000 0.314250 0.02 0.02
2 0.526333 0.298000 0.02 0.02
2 0.550167 0.268250 0.02 0.02
2 0.561667 0.268250 0.02 0.02
2 0.555667 0.284250 0.02 0.02
2 0.561500 0.300000 0.02 0.02
1 0.538000 0.267750 0.02 0.02
1 0.531500 0.281500 0.02 0.02
0 0.519500 0.280750 0.02 0.02
0 0.514167 0.297250 0.02 0.02
0 0.507833 0.281000 0.02 0.02
0 0.507500 0.312000 0.02 0.02
1 0.502167 0.265000 0.02 0.02
0 0.478667 0.267000 0.02 0.02
1 0.503000 0.234250 0.02 0.02
1 0.526333 0.203750 0.02 0.02
1 0.539000 0.204000 0.02 0.02
1 0.544167 0.187250 0.02 0.02
0 0.527000 0.170500 0.02 0.02
2 0.556167 0.188500 0.02 0.02
2 0.555833 0.221250 0.02 0.02
2 0.562000 0.235750 0.02 0.02
2 0.586167 0.236250 0.02 0.02
2 0.586167 0.267750 0.02 0.02
1 0.562667 0.170500 0.02 0.02
1 0.574667 0.171500 0.02 0.02
1 0.586500 0.170500 0.02 0.02
1 0.580333 0.187250 0.02 0.02
1 0.602333 0.220500 0.02 0.02
3 0.491000 0.169250 0.02 0.02
6 0.545000 0.153250 0.02 0.02
0 0.557167 0.155250 0.02 0.02
6 0.532667 0.153250 0.02 0.02
6 0.521000 0.152750 0.02 0.02
6 0.497167 0.152000 0.02 0.02
6 0.746167 0.510750 0.02 0.02
6 0.763167 0.525000 0.02 0.02
6 0.769167 0.540250 0.02 0.02
6 0.798000 0.553500 0.02 0.02
6 0.820833 0.553500 0.02 0.02
6 0.855333 0.582250 0.02 0.02
6 0.866500 0.610500 0.02 0.02
6 0.896000 0.623750 0.02 0.02
6 0.907500 0.652500 0.02 0.02
6 0.920000 0.680750 0.02 0.02
6 0.938333 0.665750 0.02 0.02
