0 0.477833 0.463000 0.02 0.02
0 0.523833 0.405000 0.02 0.02
0 0.815000 0.388500 0.02 0.02
0 0.819833 0.373250 0.02 0.02
0 0.820500 0.343250 0.02 0.02
0 0.808667 0.344750 0.02 0.02
0 0.832667 0.342250 0.02 0.02
0 0.837833 0.327500 0.02 0.02
0 0.826500 0.328750 0.02 0.02
0 0.815000 0.328750 0.02 0.02
0 0.804500 0.329750 0.02 0.02
0 0.814500 0.358250 0.02 0.02
0 0.809333 0.373750 0.02 0.02
0 0.815333 0.388500 0.02 0.02
0 0.808333 0.404000 0.02 0.02
0 0.819833 0.403250 0.02 0.02
0 0.832500 0.402250 0.02 0.02
4 0.843500 0.401250 0.02 0.02
4 0.855667 0.401000 0.02 0.02
4 0.849167 0.387250 0.02 0.02
4 0.860500 0.385750 0.02 0.02
4 0.849333 0.416750 0.02 0.02
4 0.860667 0.415250 0.02 0.02
6 0.872833 0.414250 0.02 0.02
6 0.877833 0.400250 0.02 0.02
6 0.884667 0.414000 0.02 0.02
6 0.889833 0.399250 0.02 0.02
6 0.866833 0.401500 0.02 0.02
3 0.872000 0.386000 0.02 0.02
3 0.889500 0.371500 0.02 0.02
3 0.901667 0.370750 0.02 0.02
3 0.897333 0.442250 0.02 0.02
4 0.883833 0.385750 0.02 0.02
4 0.897333 0.386250 0.02 0.02
4 0.896667 0.415000 0.02 0.02
6 0.910000 0.412750 0.02 0.02
6 0.903667 0.398750 0.02 0.02
6 0.910500 0.383250 0.02 0.02
6 0.916167 0.399250 0.02 0.02
6 0.922000 0.411750 0.02 0.02
6 0.916000 0.427750 0.02 0.02
6 0.902833 0.427500 0.02 0.02
6 0.891000 0.427750 0.02 0.02
6 0.866833 0.430000 0.02 0.02
6 0.872000 0.443000 0.02 0.02
3 0.884167 0.325250 0.02 0.02
3 0.895333 0.324000 0.02 0.02
3 0.878333 0.312500 0.02 0.02
1 0.792333 0.329500 0.02 0.02
1 0.780167 0.328750 0.02 0.02
1 0.785833 0.344750 0.02 0.02
1 0.797167 0.344750 0.02 0.02
1 0.792000 0.359000 0.02 0.02
1 0.780667 0.359250 0.02 0.02
1 0.775167 0.344000 0.02 0.02
1 0.768667 0.330000 0.02 0.02
1 0.756833 0.330000 0.02 0.02
1 0.762333 0.344500 0.02 0.02
1 0.768333 0.359250 0.02 0.02
1 0.757833 0.360000 0.02 0.02
1 0.751667 0.344250 0.02 0.02
1 0.746167 0.330000 0.02 0.02
1 0.735000 0.329750 0.02 0.02
1 0.740333 0.345250 0.02 0.02
1 0.745333 0.359500 0.02 0.02
1 0.733500 0.360000 0.02 0.02
1 0.728000 0.343500 0.02 0.02
1 0.723500 0.329250 0.02 0.02
1 0.729667 0.314500 0.02 0.02
1 0.717667 0.315500 0.02 0.02
1 0.705667 0.314250 0.02 0.02
1 0.712333 0.329000 0.02 0.02
1 0.717333 0.344000 0.02 0.02
1 0.722833 0.359500 0.02 0.02
1 0.711833 0.360500 0.02 0.02
1 0.699833 0.360250 0.02 0.02
1 0.706833 0.345000 0.02 0.02
1 0.700000 0.330750 0.02 0.02
1 0.694167 0.314500 0.02 0.02
1 0.683000 0.314750 0.02 0.02
1 0.689000 0.330250 0.02 0.02
1 0.694167 0.345250 0.02 0.02
1 0.683333 0.345250 0.02 0.02
1 0.678167 0.330000 0.02 0.02
1 0.672000 0.314500 0.02 0.02
1 0.666000 0.330000 0.02 0.02
1 0.671000 0.345250 0.02 0.02
1 0.677333 0.360500 0.02 0.02
1 0.688500 0.360000 0.02 0.02
1 0.665833 0.360750 0.02 0.02
1 0.655167 0.358250 0.02 0.02
1 0.643667 0.359250 0.02 0.02
1 0.632167 0.359500 0.02 0.02
1 0.637833 0.344500 0.02 0.02
1 0.649667 0.344000 0.02 0.02
1 0.660833 0.345750 0.02 0.02
1 0.655333 0.329250 0.02 0.02
1 0.643667 0.329500 0.02 0.02
1 0.638000 0.316000 0.02 0.02
1 0.649333 0.315250 0.02 0.02
1 0.661167 0.315000 0.02 0.02
1 0.626333 0.314750 0.02 0.02
1 0.632167 0.330000 0.02 0.02
1 0.625833 0.345250 0.02 0.02
1 0.620333 0.361250 0.02 0.02
1 0.615167 0.344750 0.02 0.02
1 0.608833 0.330500 0.02 0.02
1 0.615000 0.315500 0.02 0.02
6 0.620667 0.330500 0.02 0.02
0 0.546000 0.344750 0.02 0.02
1 0.603000 0.315000 0.02 0.02
1 0.591667 0.314750 0.02 0.02
1 0.580000 0.315250 0.02 0.02
1 0.568167 0.316250 0.02 0.02
1 0.552000 0.330000 0.02 0.02
1 0.563000 0.331000 0.02 0.02
1 0.575333 0.330250 0.02 0.02
1 0.586833 0.330250 0.02 0.02
1 0.602833 0.345250 0.02 0.02
1 0.591667 0.345500 0.02 0.02
1 0.597833 0.329750 0.02 0.02
1 0.580667 0.344250 0.02 0.02
1 0.569167 0.345250 0.02 0.02
1 0.557000 0.345250 0.02 0.02
2 0.471500 0.330000 0.02 0.02
2 0.460333 0.330000 0.02 0.02
2 0.448500 0.329000 0.02 0.02
2 0.363333 0.313750 0.02 0.02
2 0.374167 0.283000 0.02 0.02
2 0.380167 0.268250 0.02 0.02
2 0.402667 0.268500 0.02 0.02
2 0.344833 0.298750 0.02 0.02
2 0.350833 0.283750 0.02 0.02
2 0.363500 0.283750 0.02 0.02
2 0.356667 0.268500 0.02 0.02
2 0.344333 0.269000 0.02 0.02
2 0.339000 0.284000 0.02 0.02
2 0.334167 0.298000 0.02 0.02
2 0.322167 0.298500 0.02 0.02
2 0.328000 0.314500 0.02 0.02
2 0.317000 0.313250 0.02 0.02
2 0.305500 0.314000 0.02 0.02
2 0.299500 0.329750 0.02 0.02
2 0.311000 0.329250 0.02 0.02
2 0.322000 0.327500 0.02 0.02
4 0.190500 0.343500 0.02 0.02
4 0.179833 0.342750 0.02 0.02
4 0.168000 0.342000 0.02 0.02
4 0.156833 0.341500 0.02 0.02
4 0.145167 0.340750 0.02 0.02
4 0.133667 0.340750 0.02 0.02
4 0.123167 0.340250 0.02 0.02
4 0.111667 0.339000 0.02 0.02
3 0.123333 0.428500 0.02 0.02
3 0.151833 0.472750 0.02 0.02
3 0.169333 0.488500 0.02 0.02
3 0.182167 0.576250 0.02 0.02
3 0.135833 0.545250 0.02 0.02
