1 0.272667 0.541500 0.02 0.02
1 0.260500 0.541000 0.02 0.02
1 0.266833 0.525250 0.02 0.02
1 0.254167 0.525000 0.02 0.02
1 0.260833 0.509750 0.02 0.02
1 0.248667 0.508750 0.02 0.02
1 0.236667 0.508500 0.02 0.02
1 0.225167 0.508750 0.02 0.02
1 0.231167 0.492500 0.02 0.02
1 0.243167 0.493750 0.02 0.02
1 0.255333 0.494250 0.02 0.02
1 0.261333 0.478500 0.02 0.02
1 0.248667 0.477750 0.02 0.02
1 0.267333 0.463000 0.02 0.02
1 0.255333 0.462500 0.02 0.02
1 0.273667 0.447250 0.02 0.02
1 0.261500 0.447000 0.02 0.02
1 0.249333 0.446750 0.02 0.02
1 0.237500 0.445500 0.02 0.02
1 0.255667 0.430250 0.02 0.02
1 0.261500 0.414750 0.02 0.02
2 0.273500 0.414250 0.02 0.02
2 0.286000 0.416000 0.02 0.02
2 0.292167 0.399250 0.02 0.02
2 0.298333 0.382750 0.02 0.02
2 0.303833 0.366500 0.02 0.02
2 0.315500 0.368000 0.02 0.02
2 0.328667 0.368500 0.02 0.02
2 0.333500 0.384500 0.02 0.02
2 0.346000 0.385250 0.02 0.02
2 0.340333 0.368500 0.02 0.02
2 0.345833 0.352500 0.02 0.02
2 0.351500 0.335500 0.02 0.02
2 0.358000 0.320250 0.02 0.02
2 0.370333 0.321000 0.02 0.02
2 0.382000 0.321000 0.02 0.02
2 0.376500 0.304500 0.02 0.02
2 0.388000 0.305750 0.02 0.02
2 0.400167 0.306250 0.02 0.02
2 0.413000 0.307000 0.02 0.02
2 0.424667 0.308250 0.02 0.02
1 0.406667 0.291000 0.02 0.02
1 0.382500 0.290000 0.02 0.02
3 0.358167 0.289250 0.02 0.02
3 0.346333 0.289000 0.02 0.02
3 0.333833 0.288500 0.02 0.02
3 0.321833 0.287500 0.02 0.02
3 0.316000 0.303250 0.02 0.02
3 0.304167 0.302500 0.02 0.02
3 0.304833 0.334250 0.02 0.02
3 0.236167 0.315000 0.02 0.02
3 0.223500 0.314500 0.02 0.02
3 0.217333 0.330000 0.02 0.02
3 0.199333 0.314250 0.02 0.02
3 0.193500 0.297500 0.02 0.02
3 0.193333 0.329500 0.02 0.02
3 0.176000 0.344500 0.02 0.02
3 0.158333 0.360750 0.02 0.02
3 0.086333 0.486000 0.02 0.02
3 0.158500 0.297250 0.02 0.02
3 0.147000 0.297250 0.02 0.02
4 0.140500 0.282500 0.02 0.02
4 0.128500 0.282000 0.02 0.02
4 0.153333 0.281500 0.02 0.02
4 0.165333 0.282500 0.02 0.02
4 0.176667 0.282000 0.02 0.02
4 0.188167 0.282500 0.02 0.02
4 0.199167 0.283000 0.02 0.02
4 0.211167 0.283250 0.02 0.02
4 0.223667 0.283250 0.02 0.02
4 0.236333 0.284000 0.02 0.02
4 0.248000 0.285000 0.02 0.02
4 0.205167 0.298250 0.02 0.02
4 0.217000 0.298500 0.02 0.02
4 0.229167 0.298500 0.02 0.02
4 0.241833 0.299000 0.02 0.02
4 0.116000 0.281500 0.02 0.02
4 0.104500 0.280750 0.02 0.02
4 0.092500 0.280500 0.02 0.02
4 0.073167 0.293500 0.02 0.02
4 0.079167 0.310500 0.02 0.02
4 0.085500 0.295000 0.02 0.02
4 0.098167 0.295250 0.02 0.02
4 0.110333 0.296000 0.02 0.02
6 0.164500 0.345500 0.02 0.02
6 0.152333 0.343750 0.02 0.02
6 0.146167 0.361750 0.02 0.02
6 0.140000 0.377000 0.02 0.02
6 0.135000 0.393000 0.02 0.02
6 0.122500 0.393000 0.02 0.02
6 0.116167 0.409250 0.02 0.02
0 0.128167 0.409000 0.02 0.02
0 0.140833 0.410250 0.02 0.02
0 0.153333 0.411000 0.02 0.02
0 0.146500 0.393500 0.02 0.02
0 0.159000 0.395000 0.02 0.02
0 0.152167 0.377500 0.02 0.02
0 0.177167 0.379500 0.02 0.02
0 0.171500 0.396250 0.02 0.02
0 0.182667 0.363000 0.02 0.02
0 0.195167 0.363750 0.02 0.02
0 0.206833 0.363250 0.02 0.02
0 0.219500 0.363500 0.02 0.02
0 0.230667 0.364500 0.02 0.02
0 0.238167 0.381000 0.02 0.02
0 0.248667 0.381000 0.02 0.02
0 0.225333 0.381250 0.02 0.02
0 0.212667 0.379750 0.02 0.02
0 0.201667 0.380000 0.02 0.02
0 0.189333 0.379750 0.02 0.02
0 0.183167 0.396250 0.02 0.02
0 0.195333 0.396500 0.02 0.02
0 0.206500 0.397750 0.02 0.02
0 0.218333 0.397750 0.02 0.02
0 0.164500 0.411250 0.02 0.02
0 0.177833 0.411250 0.02 0.02
0 0.189167 0.412000 0.02 0.02
0 0.200833 0.413250 0.02 0.02
0 0.213167 0.412500 0.02 0.02
0 0.225333 0.413250 0.02 0.02
0 0.231333 0.429750 0.02 0.02
0 0.219333 0.429500 0.02 0.02
0 0.207000 0.429000 0.02 0.02
0 0.195333 0.428250 0.02 0.02
0 0.237167 0.413750 0.02 0.02
0 0.243833 0.397250 0.02 0.02
0 0.261500 0.381500 0.02 0.02
0 0.274500 0.382750 0.02 0.02
0 0.280667 0.398250 0.02 0.02
0 0.280333 0.365500 0.02 0.02
0 0.267500 0.365000 0.02 0.02
0 0.274333 0.348500 0.02 0.02
0 0.292500 0.367250 0.02 0.02
1 0.322667 0.351750 0.02 0.02
1 0.328500 0.335750 0.02 0.02
1 0.358167 0.352500 0.02 0.02
1 0.388000 0.337750 0.02 0.02
1 0.443000 0.356500 0.02 0.02
1 0.484667 0.341500 0.02 0.02
1 0.479667 0.292500 0.02 0.02
1 0.549833 0.359750 0.02 0.02
1 0.587333 0.327500 0.02 0.02
1 0.610000 0.361000 0.02 0.02
1 0.633833 0.361750 0.02 0.02
1 0.651667 0.378750 0.02 0.02
1 0.645000 0.395000 0.02 0.02
1 0.681167 0.395750 0.02 0.02
1 0.692667 0.427250 0.02 0.02
1 0.704667 0.427750 0.02 0.02
1 0.716333 0.427000 0.02 0.02
1 0.715833 0.459000 0.02 0.02
1 0.709500 0.474750 0.02 0.02
1 0.680333 0.459250 0.02 0.02
1 0.674333 0.474000 0.02 0.02
0 0.727500 0.491250 0.02 0.02
0 0.751000 0.491500 0.02 0.02
0 0.763167 0.490500 0.02 0.02
0 0.769833 0.476000 0.02 0.02
0 0.776000 0.460000 0.02 0.02
0 0.764000 0.460250 0.02 0.02
0 0.751333 0.459750 0.02 0.02
0 0.770500 0.444250 0.02 0.02
0 0.782500 0.444250 0.02 0.02
0 0.788333 0.460500 0.02 0.02
3 0.795833 0.444000 0.02 0.02
0 0.781500 0.476500 0.02 0.02
0 0.793833 0.477500 0.02 0.02
0 0.806000 0.477250 0.02 0.02
6 0.800833 0.461250 0.02 0.02
6 0.813000 0.461250 0.02 0.02
6 0.808000 0.445250 0.02 0.02
6 0.820500 0.444750 0.02 0.02
6 0.830833 0.477750 0.02 0.02
6 0.842000 0.508500 0.02 0.02
0 0.829167 0.508500 0.02 0.02
0 0.824000 0.492500 0.02 0.02
0 0.817500 0.508500 0.02 0.02
0 0.835333 0.524500 0.02 0.02
0 0.823167 0.523750 0.02 0.02
3 0.836667 0.493250 0.02 0.02
0 0.811500 0.493250 0.02 0.02
0 0.805167 0.507500 0.02 0.02
0 0.799667 0.493000 0.02 0.02
0 0.787167 0.493250 0.02 0.02
0 0.799000 0.523500 0.02 0.02
0 0.804500 0.539500 0.02 0.02
0 0.792667 0.540250 0.02 0.02
0 0.797833 0.554750 0.02 0.02
0 0.810167 0.554000 0.02 0.02
0 0.780500 0.538500 0.02 0.02
0 0.768167 0.538250 0.02 0.02
0 0.774333 0.523000 0.02 0.02
0 0.786500 0.523250 0.02 0.02
1 0.762500 0.553500 0.02 0.02
1 0.768000 0.569250 0.02 0.02
1 0.749500 0.552750 0.02 0.02
1 0.757167 0.538000 0.02 0.02
1 0.755333 0.568750 0.02 0.02
1 0.761500 0.584250 0.02 0.02
1 0.766833 0.601250 0.02 0.02
1 0.779000 0.600000 0.02 0.02
1 0.791167 0.601250 0.02 0.02
1 0.803167 0.601000 0.02 0.02
1 0.783667 0.615750 0.02 0.02
1 0.772167 0.616250 0.02 0.02
1 0.778167 0.630750 0.02 0.02
1 0.789000 0.630000 0.02 0.02
1 0.765333 0.630000 0.02 0.02
1 0.761167 0.615750 0.02 0.02
1 0.754667 0.600000 0.02 0.02
1 0.749000 0.615750 0.02 0.02
1 0.754333 0.630250 0.02 0.02
1 0.771667 0.645750 0.02 0.02
1 0.760000 0.645500 0.02 0.02
1 0.747667 0.645500 0.02 0.02
1 0.742167 0.630000 0.02 0.02
1 0.737167 0.614250 0.02 0.02
1 0.743167 0.600000 0.02 0.02
1 0.725000 0.614250 0.02 0.02
1 0.730667 0.629750 0.02 0.02
1 0.718167 0.629750 0.02 0.02
1 0.736167 0.645750 0.02 0.02
1 0.723667 0.645000 0.02 0.02
1 0.783667 0.645000 0.02 0.02
1 0.776500 0.660750 0.02 0.02
1 0.765333 0.660500 0.02 0.02
1 0.753667 0.660750 0.02 0.02
1 0.741667 0.660500 0.02 0.02
1 0.729167 0.660000 0.02 0.02
3 0.863833 0.600000 0.02 0.02
3 0.875000 0.630000 0.02 0.02
3 0.868667 0.645000 0.02 0.02
3 0.867167 0.675000 0.02 0.02
0 0.856000 0.645750 0.02 0.02
0 0.850500 0.631500 0.02 0.02
0 0.844833 0.616000 0.02 0.02
0 0.839500 0.601250 0.02 0.02
0 0.851333 0.600500 0.02 0.02
0 0.857000 0.615250 0.02 0.02
6 0.869333 0.615000 0.02 0.02
6 0.863000 0.630250 0.02 0.02
0 0.827167 0.601250 0.02 0.02
0 0.814333 0.600250 0.02 0.02
0 0.808667 0.615750 0.02 0.02
0 0.820667 0.616500 0.02 0.02
0 0.832667 0.615500 0.02 0.02
0 0.814167 0.631000 0.02 0.02
0 0.826000 0.631250 0.02 0.02
0 0.838500 0.631000 0.02 0.02
0 0.807667 0.646000 0.02 0.02
0 0.820167 0.646250 0.02 0.02
0 0.832333 0.646250 0.02 0.02
0 0.844500 0.645250 0.02 0.02
0 0.849500 0.660750 0.02 0.02
0 0.838000 0.661000 0.02 0.02
0 0.825000 0.661250 0.02 0.02
0 0.813333 0.660750 0.02 0.02
3 0.862000 0.659750 0.02 0.02
0 0.494500 0.502500 0.02 0.02
0 0.518500 0.503500 0.02 0.02
0 0.530667 0.503750 0.02 0.02
0 0.488667 0.517250 0.02 0.02
0 0.500667 0.519000 0.02 0.02
0 0.512000 0.519000 0.02 0.02
0 0.524167 0.518750 0.02 0.02
0 0.535833 0.519000 0.02 0.02
0 0.482167 0.533500 0.02 0.02
0 0.494167 0.533500 0.02 0.02
0 0.506167 0.534500 0.02 0.02
0 0.517833 0.534250 0.02 0.02
0 0.529667 0.534750 0.02 0.02
2 0.506000 0.503000 0.02 0.02
2 0.542000 0.504250 0.02 0.02
2 0.536833 0.488250 0.02 0.02
0 0.548000 0.488500 0.02 0.02
0 0.560167 0.488750 0.02 0.02
0 0.572333 0.488750 0.02 0.02
0 0.554167 0.504000 0.02 0.02
0 0.565833 0.504000 0.02 0.02
2 0.578167 0.504500 0.02 0.02
0 0.589833 0.505000 0.02 0.02
2 0.601833 0.504500 0.02 0.02
2 0.613833 0.505250 0.02 0.02
2 0.625500 0.506000 0.02 0.02
2 0.637500 0.506500 0.02 0.02
0 0.649667 0.506000 0.02 0.02
2 0.661500 0.506750 0.02 0.02
1 0.750500 0.522500 0.02 0.02
1 0.756667 0.506500 0.02 0.02
1 0.762667 0.522250 0.02 0.02
0 0.769833 0.507250 0.02 0.02
