4 0.083500 0.333250 0.02 0.02
4 0.096833 0.334250 0.02 0.02
4 0.108833 0.335250 0.02 0.02
4 0.116167 0.319500 0.02 0.02
4 0.103500 0.318750 0.02 0.02
4 0.110167 0.304250 0.02 0.02
3 0.096333 0.365500 0.02 0.02
3 0.089667 0.381250 0.02 0.02
3 0.096000 0.397750 0.02 0.02
3 0.154833 0.322250 0.02 0.02
3 0.167833 0.323000 0.02 0.02
3 0.174000 0.339000 0.02 0.02
3 0.161000 0.338000 0.02 0.02
3 0.187000 0.339500 0.02 0.02
3 0.180000 0.355750 0.02 0.02
3 0.185500 0.371500 0.02 0.02
3 0.179333 0.386000 0.02 0.02
3 0.171833 0.401000 0.02 0.02
3 0.165667 0.415750 0.02 0.02
3 0.177833 0.418250 0.02 0.02
3 0.158667 0.430750 0.02 0.02
3 0.152500 0.446750 0.02 0.02
3 0.158167 0.461250 0.02 0.02
3 0.164833 0.446750 0.02 0.02
3 0.171667 0.431500 0.02 0.02
3 0.176667 0.448250 0.02 0.02
3 0.171000 0.463000 0.02 0.02
3 0.145167 0.430750 0.02 0.02
3 0.139667 0.445000 0.02 0.02
3 0.132167 0.460500 0.02 0.02
3 0.119833 0.460250 0.02 0.02
3 0.106333 0.459000 0.02 0.02
4 0.113833 0.444000 0.02 0.02
4 0.126167 0.444750 0.02 0.02
4 0.133333 0.429750 0.02 0.02
4 0.120167 0.429500 0.02 0.02
4 0.128000 0.414500 0.02 0.02
4 0.140333 0.414250 0.02 0.02
1 0.191167 0.418000 0.02 0.02
1 0.197333 0.434000 0.02 0.02
1 0.209667 0.434000 0.02 0.02
1 0.203833 0.417750 0.02 0.02
1 0.198167 0.403250 0.02 0.02
1 0.204333 0.387000 0.02 0.02
1 0.199167 0.370500 0.02 0.02
1 0.192833 0.355250 0.02 0.02
1 0.205667 0.355000 0.02 0.02
1 0.211667 0.340250 0.02 0.02
1 0.211167 0.371500 0.02 0.02
1 0.223667 0.372000 0.02 0.02
1 0.217333 0.388250 0.02 0.02
1 0.230167 0.388500 0.02 0.02
1 0.223500 0.402250 0.02 0.02
1 0.210833 0.402750 0.02 0.02
1 0.216333 0.418250 0.02 0.02
1 0.229333 0.418750 0.02 0.02
1 0.235833 0.403500 0.02 0.02
1 0.248500 0.405500 0.02 0.02
1 0.241500 0.420000 0.02 0.02
1 0.222500 0.434000 0.02 0.02
1 0.235667 0.434750 0.02 0.02
1 0.248167 0.436250 0.02 0.02
1 0.254167 0.451500 0.02 0.02
1 0.241333 0.449500 0.02 0.02
1 0.229000 0.449250 0.02 0.02
1 0.216167 0.448750 0.02 0.02
1 0.234500 0.464250 0.02 0.02
1 0.247833 0.466750 0.02 0.02
1 0.221500 0.495500 0.02 0.02
1 0.246333 0.496250 0.02 0.02
1 0.252833 0.481500 0.02 0.02
1 0.239333 0.512000 0.02 0.02
3 0.227000 0.511000 0.02 0.02
3 0.233500 0.495500 0.02 0.02
3 0.251667 0.513250 0.02 0.02
3 0.208333 0.494750 0.02 0.02
3 0.201833 0.478750 0.02 0.02
1 0.189833 0.478750 0.02 0.02
1 0.183833 0.463250 0.02 0.02
1 0.195500 0.494750 0.02 0.02
1 0.209333 0.464000 0.02 0.02
1 0.190167 0.447750 0.02 0.02
1 0.268167 0.390250 0.02 0.02
1 0.307167 0.392000 0.02 0.02
1 0.318333 0.392500 0.02 0.02
1 0.311667 0.408000 0.02 0.02
1 0.293000 0.421750 0.02 0.02
1 0.306000 0.422750 0.02 0.02
1 0.345167 0.362750 0.02 0.02
1 0.346000 0.332000 0.02 0.02
1 0.357167 0.395250 0.02 0.02
1 0.381333 0.395750 0.02 0.02
1 0.407833 0.365750 0.02 0.02
1 0.414333 0.381750 0.02 0.02
1 0.393833 0.427000 0.02 0.02
1 0.406833 0.428000 0.02 0.02
1 0.374500 0.440750 0.02 0.02
1 0.387333 0.442750 0.02 0.02
1 0.349333 0.440750 0.02 0.02
1 0.331333 0.425250 0.02 0.02
3 0.381000 0.427250 0.02 0.02
3 0.360333 0.471000 0.02 0.02
3 0.366000 0.487000 0.02 0.02
3 0.354667 0.487250 0.02 0.02
3 0.372000 0.502500 0.02 0.02
3 0.385500 0.503250 0.02 0.02
3 0.398500 0.504250 0.02 0.02
3 0.406000 0.487750 0.02 0.02
3 0.413167 0.475000 0.02 0.02
3 0.401000 0.473250 0.02 0.02
3 0.419167 0.489750 0.02 0.02
0 0.419500 0.459250 0.02 0.02
0 0.322000 0.500750 0.02 0.02
0 0.315167 0.545750 0.02 0.02
0 0.277500 0.514000 0.02 0.02
0 0.242500 0.389500 0.02 0.02
0 0.218167 0.357000 0.02 0.02
0 0.219333 0.292750 0.02 0.02
0 0.225667 0.277750 0.02 0.02
0 0.245333 0.262750 0.02 0.02
0 0.265667 0.216750 0.02 0.02
0 0.278500 0.217250 0.02 0.02
0 0.285167 0.200750 0.02 0.02
0 0.342000 0.218750 0.02 0.02
0 0.329500 0.218250 0.02 0.02
1 0.336167 0.202500 0.02 0.02
1 0.348667 0.202000 0.02 0.02
1 0.354667 0.219500 0.02 0.02
1 0.373833 0.204500 0.02 0.02
1 0.355167 0.186750 0.02 0.02
1 0.368000 0.188500 0.02 0.02
0 0.349333 0.170000 0.02 0.02
0 0.362333 0.171000 0.02 0.02
0 0.387000 0.204000 0.02 0.02
0 0.393500 0.188000 0.02 0.02
0 0.386667 0.237750 0.02 0.02
0 0.399167 0.238000 0.02 0.02
0 0.411000 0.238250 0.02 0.02
1 0.417000 0.255250 0.02 0.02
1 0.469667 0.256750 0.02 0.02
1 0.480667 0.288750 0.02 0.02
1 0.384500 0.301750 0.02 0.02
0 0.340667 0.282750 0.02 0.02
0 0.391667 0.285500 0.02 0.02
6 0.373167 0.269750 0.02 0.02
0 0.807333 0.204250 0.02 0.02
0 0.768500 0.202500 0.02 0.02
0 0.774833 0.219500 0.02 0.02
0 0.779667 0.234500 0.02 0.02
0 0.799833 0.251750 0.02 0.02
1 0.805500 0.268500 0.02 0.02
1 0.791833 0.266250 0.02 0.02
2 0.779167 0.268250 0.02 0.02
2 0.766333 0.267000 0.02 0.02
2 0.753333 0.267750 0.02 0.02
2 0.746833 0.250500 0.02 0.02
2 0.754667 0.234000 0.02 0.02
2 0.760333 0.251750 0.02 0.02
2 0.741667 0.235000 0.02 0.02
2 0.734000 0.250500 0.02 0.02
2 0.715500 0.233750 0.02 0.02
2 0.708000 0.250000 0.02 0.02
2 0.714167 0.266000 0.02 0.02
2 0.701167 0.266500 0.02 0.02
2 0.688000 0.266000 0.02 0.02
2 0.695000 0.250000 0.02 0.02
2 0.682167 0.249750 0.02 0.02
1 0.701667 0.233500 0.02 0.02
1 0.680667 0.280750 0.02 0.02
1 0.687167 0.297500 0.02 0.02
1 0.726500 0.267750 0.02 0.02
0 0.649667 0.264250 0.02 0.02
0 0.642167 0.280750 0.02 0.02
3 0.697000 0.185750 0.02 0.02
3 0.875833 0.285250 0.02 0.02
3 0.863833 0.286000 0.02 0.02
3 0.856333 0.301250 0.02 0.02
3 0.875333 0.316500 0.02 0.02
3 0.881167 0.333000 0.02 0.02
3 0.893833 0.332000 0.02 0.02
3 0.874000 0.348750 0.02 0.02
3 0.856000 0.332500 0.02 0.02
3 0.841833 0.332250 0.02 0.02
1 0.828667 0.331750 0.02 0.02
1 0.835667 0.316000 0.02 0.02
1 0.829667 0.300250 0.02 0.02
1 0.834000 0.348000 0.02 0.02
1 0.821667 0.347500 0.02 0.02
1 0.840000 0.363500 0.02 0.02
3 0.879500 0.363500 0.02 0.02
4 0.927833 0.348750 0.02 0.02
4 0.934833 0.362500 0.02 0.02
4 0.946667 0.364250 0.02 0.02
4 0.952333 0.379000 0.02 0.02
4 0.957667 0.395500 0.02 0.02
4 0.963500 0.410250 0.02 0.02
4 0.951833 0.411250 0.02 0.02
4 0.938833 0.410750 0.02 0.02
4 0.945000 0.394750 0.02 0.02
4 0.941667 0.378750 0.02 0.02
4 0.927667 0.379000 0.02 0.02
4 0.933500 0.394000 0.02 0.02
4 0.918667 0.394250 0.02 0.02
4 0.926000 0.409500 0.02 0.02
4 0.930333 0.425000 0.02 0.02
4 0.910833 0.408500 0.02 0.02
4 0.897833 0.409250 0.02 0.02
6 0.905000 0.394250 0.02 0.02
6 0.911667 0.379500 0.02 0.02
6 0.917000 0.424750 0.02 0.02
6 0.891667 0.394750 0.02 0.02
6 0.569833 0.145250 0.02 0.02
6 0.582167 0.145250 0.02 0.02
6 0.563167 0.161250 0.02 0.02
6 0.593667 0.180250 0.02 0.02
6 0.599667 0.198000 0.02 0.02
6 0.581000 0.179000 0.02 0.02
0 0.612000 0.198000 0.02 0.02
2 0.605500 0.213500 0.02 0.02
2 0.618667 0.215000 0.02 0.02
2 0.598000 0.228250 0.02 0.02
2 0.532500 0.290750 0.02 0.02
2 0.538667 0.275750 0.02 0.02
2 0.545333 0.258750 0.02 0.02
2 0.558000 0.258750 0.02 0.02
2 0.551833 0.275000 0.02 0.02
2 0.557167 0.291750 0.02 0.02
2 0.545000 0.290250 0.02 0.02
2 0.551167 0.307250 0.02 0.02
2 0.538333 0.306000 0.02 0.02
2 0.525500 0.305750 0.02 0.02
0 0.565000 0.275750 0.02 0.02
3 0.314167 0.575250 0.02 0.02
3 0.327333 0.577000 0.02 0.02
3 0.339833 0.575500 0.02 0.02
3 0.352333 0.577750 0.02 0.02
3 0.365500 0.578500 0.02 0.02
3 0.390333 0.579250 0.02 0.02
3 0.404000 0.580500 0.02 0.02
3 0.416167 0.580500 0.02 0.02
3 0.333333 0.591250 0.02 0.02
3 0.326500 0.605750 0.02 0.02
3 0.319167 0.622000 0.02 0.02
3 0.312667 0.637500 0.02 0.02
3 0.325333 0.636250 0.02 0.02
3 0.319167 0.652250 0.02 0.02
3 0.306333 0.651000 0.02 0.02
3 0.312167 0.666500 0.02 0.02
3 0.299333 0.665250 0.02 0.02
3 0.306000 0.681250 0.02 0.02
3 0.293167 0.681500 0.02 0.02
3 0.299000 0.696000 0.02 0.02
3 0.280333 0.680750 0.02 0.02
3 0.286833 0.665250 0.02 0.02
3 0.293333 0.650250 0.02 0.02
3 0.300167 0.636250 0.02 0.02
3 0.294167 0.621000 0.02 0.02
3 0.287333 0.635250 0.02 0.02
3 0.274333 0.635250 0.02 0.02
3 0.282000 0.620500 0.02 0.02
3 0.281333 0.650500 0.02 0.02
3 0.274333 0.665000 0.02 0.02
3 0.268167 0.650750 0.02 0.02
3 0.255167 0.649250 0.02 0.02
3 0.249500 0.633000 0.02 0.02
3 0.256167 0.619250 0.02 0.02
3 0.262333 0.603750 0.02 0.02
3 0.275500 0.605750 0.02 0.02
1 0.792500 0.441250 0.02 0.02
1 0.785500 0.457000 0.02 0.02
1 0.777667 0.472000 0.02 0.02
1 0.792167 0.471500 0.02 0.02
1 0.784500 0.486500 0.02 0.02
1 0.790333 0.502000 0.02 0.02
1 0.777333 0.502250 0.02 0.02
1 0.771000 0.487500 0.02 0.02
