0 0.406667 0.472000 0.02 0.02
0 0.418333 0.472000 0.02 0.02
0 0.412167 0.487750 0.02 0.02
0 0.406500 0.502500 0.02 0.02
0 0.400667 0.456750 0.02 0.02
0 0.388667 0.456750 0.02 0.02
0 0.472500 0.487250 0.02 0.02
0 0.478167 0.502250 0.02 0.02
0 0.454333 0.502250 0.02 0.02
3 0.382000 0.347000 0.02 0.02
3 0.394333 0.346750 0.02 0.02
3 0.406167 0.348000 0.02 0.02
3 0.411500 0.331750 0.02 0.02
3 0.399500 0.331500 0.02 0.02
3 0.424167 0.364000 0.02 0.02
3 0.430000 0.349750 0.02 0.02
3 0.422500 0.332750 0.02 0.02
3 0.436333 0.364250 0.02 0.02
3 0.430000 0.380250 0.02 0.02
3 0.418500 0.380250 0.02 0.02
3 0.400000 0.363250 0.02 0.02
3 0.466500 0.348500 0.02 0.02
3 0.478167 0.349250 0.02 0.02
3 0.483833 0.333500 0.02 0.02
3 0.495500 0.333750 0.02 0.02
3 0.490667 0.349750 0.02 0.02
3 0.484167 0.363750 0.02 0.02
3 0.508000 0.332750 0.02 0.02
3 0.501667 0.318500 0.02 0.02
3 0.495667 0.302500 0.02 0.02
3 0.483667 0.301500 0.02 0.02
3 0.268000 0.331250 0.02 0.02
3 0.274333 0.346750 0.02 0.02
3 0.280500 0.363250 0.02 0.02
3 0.286500 0.379000 0.02 0.02
3 0.292500 0.395500 0.02 0.02
1 0.328833 0.425750 0.02 0.02
1 0.340500 0.425250 0.02 0.02
1 0.353167 0.426000 0.02 0.02
1 0.358833 0.410750 0.02 0.02
1 0.346833 0.441250 0.02 0.02
1 0.340333 0.457250 0.02 0.02
1 0.353000 0.457000 0.02 0.02
1 0.365500 0.457500 0.02 0.02
1 0.358500 0.471750 0.02 0.02
1 0.365000 0.487250 0.02 0.02
1 0.347000 0.502500 0.02 0.02
1 0.340167 0.518000 0.02 0.02
1 0.317167 0.517250 0.02 0.02
1 0.276167 0.502750 0.02 0.02
1 0.281167 0.486500 0.02 0.02
1 0.287833 0.472000 0.02 0.02
1 0.292667 0.456750 0.02 0.02
3 0.298833 0.442500 0.02 0.02
3 0.352333 0.487000 0.02 0.02
3 0.376667 0.516000 0.02 0.02
3 0.382500 0.501750 0.02 0.02
3 0.412167 0.547250 0.02 0.02
3 0.329000 0.577000 0.02 0.02
4 0.394000 0.562000 0.02 0.02
4 0.363833 0.607250 0.02 0.02
4 0.304500 0.577000 0.02 0.02
4 0.090667 0.635250 0.02 0.02
4 0.058333 0.649250 0.02 0.02
4 0.045667 0.589250 0.02 0.02
4 0.040667 0.603500 0.02 0.02
4 0.047667 0.677000 0.02 0.02
4 0.078333 0.664000 0.02 0.02
3 0.071500 0.649500 0.02 0.02
1 0.192167 0.591750 0.02 0.02
