6 0.165000 0.137000 0.02 0.02
6 0.176833 0.136250 0.02 0.02
6 0.188167 0.136750 0.02 0.02
6 0.134333 0.119750 0.02 0.02
6 0.146333 0.119250 0.02 0.02
6 0.159000 0.120250 0.02 0.02
6 0.151833 0.105000 0.02 0.02
6 0.145667 0.089250 0.02 0.02
6 0.139167 0.072250 0.02 0.02
3 0.536167 0.495000 0.02 0.02
3 0.535833 0.465750 0.02 0.02
3 0.535667 0.434750 0.02 0.02
3 0.483000 0.478250 0.02 0.02
3 0.436500 0.448250 0.02 0.02
3 0.571333 0.464500 0.02 0.02
3 0.558500 0.405500 0.02 0.02
6 0.601000 0.391250 0.02 0.02
6 0.594667 0.405250 0.02 0.02
6 0.583500 0.406000 0.02 0.02
6 0.588167 0.419750 0.02 0.02
6 0.600667 0.420500 0.02 0.02
6 0.605833 0.404750 0.02 0.02
6 0.598500 0.622750 0.02 0.02
6 0.592667 0.609500 0.02 0.02
6 0.604000 0.609000 0.02 0.02
3 0.752333 0.391750 0.02 0.02
3 0.747000 0.408250 0.02 0.02
3 0.741167 0.422250 0.02 0.02
3 0.718167 0.422500 0.02 0.02
3 0.781833 0.408500 0.02 0.02
