4 0.489500 0.401000 0.02 0.02
4 0.501667 0.400000 0.02 0.02
4 0.513333 0.399500 0.02 0.02
4 0.525000 0.400000 0.02 0.02
4 0.536500 0.400250 0.02 0.02
4 0.543167 0.385250 0.02 0.02
4 0.536500 0.372250 0.02 0.02
4 0.548333 0.400750 0.02 0.02
4 0.554000 0.414000 0.02 0.02
4 0.560167 0.428750 0.02 0.02
4 0.554333 0.386000 0.02 0.02
4 0.560500 0.371000 0.02 0.02
4 0.555000 0.356250 0.02 0.02
4 0.542333 0.357250 0.02 0.02
3 0.548833 0.371250 0.02 0.02
3 0.549000 0.342500 0.02 0.02
3 0.566667 0.356750 0.02 0.02
3 0.531167 0.356500 0.02 0.02
3 0.537667 0.313000 0.02 0.02
4 0.543000 0.328500 0.02 0.02
4 0.532000 0.298250 0.02 0.02
6 0.526167 0.282500 0.02 0.02
3 0.537833 0.283500 0.02 0.02
3 0.543500 0.268250 0.02 0.02
3 0.549333 0.251750 0.02 0.02
3 0.561333 0.252000 0.02 0.02
3 0.573000 0.252500 0.02 0.02
3 0.579000 0.237750 0.02 0.02
3 0.508667 0.237750 0.02 0.02
3 0.502500 0.253500 0.02 0.02
3 0.497667 0.239000 0.02 0.02
2 0.565333 0.443000 0.02 0.02
2 0.536500 0.429500 0.02 0.02
2 0.524167 0.428250 0.02 0.02
2 0.512833 0.428000 0.02 0.02
1 0.530000 0.443000 0.02 0.02
1 0.529833 0.473000 0.02 0.02
1 0.518833 0.472250 0.02 0.02
1 0.500333 0.486000 0.02 0.02
2 0.535833 0.458750 0.02 0.02
2 0.524667 0.457000 0.02 0.02
2 0.542167 0.472500 0.02 0.02
2 0.546833 0.486500 0.02 0.02
2 0.536333 0.486500 0.02 0.02
2 0.523667 0.486250 0.02 0.02
2 0.512667 0.486750 0.02 0.02
2 0.518000 0.501000 0.02 0.02
2 0.512833 0.515000 0.02 0.02
2 0.517500 0.529750 0.02 0.02
2 0.524000 0.543250 0.02 0.02
2 0.529333 0.557500 0.02 0.02
2 0.535500 0.572000 0.02 0.02
2 0.541667 0.587000 0.02 0.02
2 0.547333 0.602250 0.02 0.02
2 0.553500 0.616250 0.02 0.02
2 0.558667 0.629750 0.02 0.02
2 0.565167 0.644500 0.02 0.02
2 0.570500 0.657750 0.02 0.02
6 0.565333 0.671500 0.02 0.02
6 0.559000 0.686000 0.02 0.02
6 0.553000 0.700250 0.02 0.02
6 0.558833 0.714500 0.02 0.02
6 0.570167 0.714750 0.02 0.02
6 0.576167 0.701500 0.02 0.02
6 0.582667 0.686000 0.02 0.02
6 0.587833 0.700250 0.02 0.02
6 0.599333 0.699750 0.02 0.02
