6 0.079000 0.557000 0.02 0.02
6 0.085000 0.571000 0.02 0.02
6 0.091500 0.586250 0.02 0.02
6 0.097500 0.602000 0.02 0.02
6 0.102333 0.617500 0.02 0.02
6 0.109833 0.603250 0.02 0.02
6 0.114833 0.619000 0.02 0.02
6 0.121500 0.605500 0.02 0.02
6 0.132333 0.606250 0.02 0.02
6 0.143833 0.608000 0.02 0.02
6 0.155500 0.609250 0.02 0.02
6 0.356667 0.567000 0.02 0.02
6 0.347000 0.595500 0.02 0.02
6 0.340833 0.607250 0.02 0.02
6 0.340500 0.635750 0.02 0.02
6 0.328667 0.636000 0.02 0.02
6 0.322667 0.649500 0.02 0.02
6 0.317167 0.661250 0.02 0.02
6 0.310500 0.675250 0.02 0.02
