6 0.907667 0.282500 0.02 0.02
6 0.901667 0.298000 0.02 0.02
6 0.896000 0.313000 0.02 0.02
6 0.889500 0.327500 0.02 0.02
6 0.883333 0.343250 0.02 0.02
6 0.877167 0.358000 0.02 0.02
6 0.870667 0.372750 0.02 0.02
6 0.865000 0.387000 0.02 0.02
6 0.859333 0.401000 0.02 0.02
6 0.853500 0.416750 0.02 0.02
6 0.847000 0.430500 0.02 0.02
6 0.840667 0.446250 0.02 0.02
6 0.835333 0.460750 0.02 0.02
6 0.828833 0.475500 0.02 0.02
6 0.823000 0.490000 0.02 0.02
6 0.817167 0.504750 0.02 0.02
6 0.810833 0.519000 0.02 0.02
6 0.805167 0.532750 0.02 0.02
6 0.799000 0.547750 0.02 0.02
6 0.793500 0.561250 0.02 0.02
6 0.788167 0.576000 0.02 0.02
6 0.782167 0.589250 0.02 0.02
3 0.649833 0.533250 0.02 0.02
3 0.644167 0.520500 0.02 0.02
3 0.638333 0.506500 0.02 0.02
3 0.649833 0.506250 0.02 0.02
3 0.644333 0.492250 0.02 0.02
3 0.639167 0.477500 0.02 0.02
3 0.627333 0.477250 0.02 0.02
3 0.598500 0.490250 0.02 0.02
3 0.593167 0.504000 0.02 0.02
3 0.598167 0.519000 0.02 0.02
3 0.609333 0.519250 0.02 0.02
3 0.581500 0.533000 0.02 0.02
3 0.576167 0.517750 0.02 0.02
3 0.554333 0.546500 0.02 0.02
3 0.559500 0.561000 0.02 0.02
3 0.565167 0.575250 0.02 0.02
3 0.543500 0.546500 0.02 0.02
3 0.543000 0.575750 0.02 0.02
3 0.526667 0.561750 0.02 0.02
3 0.521500 0.547000 0.02 0.02
3 0.515667 0.561000 0.02 0.02
3 0.509833 0.575750 0.02 0.02
6 0.726000 0.158250 0.02 0.02
6 0.731333 0.174250 0.02 0.02
6 0.737500 0.189750 0.02 0.02
6 0.743333 0.205750 0.02 0.02
6 0.748333 0.222000 0.02 0.02
6 0.754167 0.239500 0.02 0.02
6 0.759167 0.254750 0.02 0.02
6 0.764500 0.270500 0.02 0.02
6 0.770333 0.285250 0.02 0.02
6 0.775167 0.301000 0.02 0.02
6 0.155667 0.292250 0.02 0.02
6 0.160667 0.277500 0.02 0.02
6 0.166500 0.263000 0.02 0.02
