4 0.594333 0.384000 0.02 0.02
4 0.607333 0.383750 0.02 0.02
4 0.620000 0.383250 0.02 0.02
4 0.632833 0.382000 0.02 0.02
4 0.587333 0.398250 0.02 0.02
4 0.600167 0.398000 0.02 0.02
4 0.614333 0.398500 0.02 0.02
4 0.626167 0.398000 0.02 0.02
4 0.581333 0.413750 0.02 0.02
4 0.593333 0.413500 0.02 0.02
4 0.606833 0.414000 0.02 0.02
4 0.620000 0.413750 0.02 0.02
4 0.632500 0.413000 0.02 0.02
4 0.575333 0.428000 0.02 0.02
4 0.587667 0.428500 0.02 0.02
4 0.600833 0.429000 0.02 0.02
4 0.613167 0.428500 0.02 0.02
4 0.625667 0.428250 0.02 0.02
4 0.638500 0.426500 0.02 0.02
4 0.568000 0.443250 0.02 0.02
4 0.580667 0.443500 0.02 0.02
4 0.594167 0.442500 0.02 0.02
4 0.606500 0.442250 0.02 0.02
4 0.619500 0.442750 0.02 0.02
4 0.632667 0.442500 0.02 0.02
4 0.561667 0.458000 0.02 0.02
4 0.574333 0.458750 0.02 0.02
4 0.587333 0.458250 0.02 0.02
4 0.599667 0.458250 0.02 0.02
4 0.612667 0.457500 0.02 0.02
4 0.626000 0.456500 0.02 0.02
4 0.638833 0.456750 0.02 0.02
4 0.645000 0.441250 0.02 0.02
4 0.651000 0.456750 0.02 0.02
4 0.555000 0.473000 0.02 0.02
4 0.568000 0.473000 0.02 0.02
4 0.580333 0.472000 0.02 0.02
4 0.593333 0.473000 0.02 0.02
6 0.084333 0.600750 0.02 0.02
6 0.090333 0.586250 0.02 0.02
6 0.101500 0.583750 0.02 0.02
6 0.097833 0.601750 0.02 0.02
6 0.091667 0.617250 0.02 0.02
6 0.097500 0.634000 0.02 0.02
6 0.083500 0.631500 0.02 0.02
6 0.089333 0.650000 0.02 0.02
6 0.103333 0.652250 0.02 0.02
