1 0.164000 0.382250 0.02 0.02
1 0.152500 0.383000 0.02 0.02
1 0.147667 0.398500 0.02 0.02
1 0.142833 0.413500 0.02 0.02
1 0.149167 0.429000 0.02 0.02
1 0.144000 0.443250 0.02 0.02
1 0.137167 0.428250 0.02 0.02
1 0.144667 0.473750 0.02 0.02
1 0.139500 0.488750 0.02 0.02
1 0.145500 0.503250 0.02 0.02
1 0.157167 0.503000 0.02 0.02
1 0.151500 0.517500 0.02 0.02
1 0.157667 0.532750 0.02 0.02
1 0.109833 0.534750 0.02 0.02
1 0.116167 0.549750 0.02 0.02
1 0.133667 0.563250 0.02 0.02
1 0.103667 0.520250 0.02 0.02
1 0.109500 0.504750 0.02 0.02
1 0.103167 0.490750 0.02 0.02
1 0.097000 0.475750 0.02 0.02
1 0.090167 0.460750 0.02 0.02
1 0.101833 0.459500 0.02 0.02
1 0.095833 0.444250 0.02 0.02
1 0.114667 0.459500 0.02 0.02
1 0.082667 0.445250 0.02 0.02
1 0.088667 0.429000 0.02 0.02
1 0.094333 0.415000 0.02 0.02
1 0.082667 0.413500 0.02 0.02
1 0.069333 0.412750 0.02 0.02
1 0.075833 0.398500 0.02 0.02
1 0.068167 0.382000 0.02 0.02
1 0.062500 0.398000 0.02 0.02
1 0.081167 0.383250 0.02 0.02
1 0.088000 0.398750 0.02 0.02
1 0.093333 0.384000 0.02 0.02
1 0.105667 0.383000 0.02 0.02
1 0.086667 0.367250 0.02 0.02
1 0.093000 0.352500 0.02 0.02
1 0.098667 0.368500 0.02 0.02
1 0.080167 0.352500 0.02 0.02
1 0.086500 0.336250 0.02 0.02
1 0.099000 0.336000 0.02 0.02
1 0.074167 0.336000 0.02 0.02
1 0.111000 0.335250 0.02 0.02
1 0.103500 0.319250 0.02 0.02
1 0.091667 0.319250 0.02 0.02
1 0.079333 0.319750 0.02 0.02
1 0.085333 0.303500 0.02 0.02
1 0.097667 0.303000 0.02 0.02
0 0.073167 0.303000 0.02 0.02
0 0.171333 0.397500 0.02 0.02
0 0.176167 0.382250 0.02 0.02
0 0.395000 0.424750 0.02 0.02
0 0.412833 0.410250 0.02 0.02
0 0.418833 0.424250 0.02 0.02
0 0.550500 0.468250 0.02 0.02
0 0.561833 0.467750 0.02 0.02
0 0.555833 0.453250 0.02 0.02
0 0.567667 0.453000 0.02 0.02
0 0.579500 0.453000 0.02 0.02
0 0.573167 0.467250 0.02 0.02
0 0.591167 0.481500 0.02 0.02
0 0.585333 0.496750 0.02 0.02
0 0.596833 0.495750 0.02 0.02
0 0.608500 0.496000 0.02 0.02
0 0.603000 0.510750 0.02 0.02
0 0.585833 0.525750 0.02 0.02
0 0.603500 0.539750 0.02 0.02
0 0.608667 0.524500 0.02 0.02
0 0.609167 0.553500 0.02 0.02
0 0.614833 0.538500 0.02 0.02
0 0.626667 0.539000 0.02 0.02
0 0.620500 0.553000 0.02 0.02
0 0.614667 0.568250 0.02 0.02
0 0.626833 0.568250 0.02 0.02
0 0.632000 0.553000 0.02 0.02
0 0.638000 0.567500 0.02 0.02
0 0.643667 0.552500 0.02 0.02
0 0.649833 0.567500 0.02 0.02
0 0.655500 0.551750 0.02 0.02
0 0.661833 0.566750 0.02 0.02
0 0.638167 0.538000 0.02 0.02
0 0.649500 0.538000 0.02 0.02
0 0.661333 0.537250 0.02 0.02
0 0.667000 0.551750 0.02 0.02
0 0.673000 0.566000 0.02 0.02
0 0.672667 0.537250 0.02 0.02
0 0.678667 0.551250 0.02 0.02
0 0.684333 0.565750 0.02 0.02
0 0.690167 0.551500 0.02 0.02
0 0.679333 0.580500 0.02 0.02
0 0.667500 0.581500 0.02 0.02
0 0.702333 0.579000 0.02 0.02
0 0.707833 0.564500 0.02 0.02
6 0.743167 0.592250 0.02 0.02
6 0.754833 0.592250 0.02 0.02
6 0.766667 0.592250 0.02 0.02
6 0.778833 0.591750 0.02 0.02
6 0.790000 0.591000 0.02 0.02
6 0.801833 0.590000 0.02 0.02
6 0.813333 0.590000 0.02 0.02
6 0.825167 0.588750 0.02 0.02
6 0.836833 0.588500 0.02 0.02
6 0.848333 0.588500 0.02 0.02
6 0.860167 0.587000 0.02 0.02
6 0.871833 0.586750 0.02 0.02
6 0.883667 0.585500 0.02 0.02
6 0.895833 0.585250 0.02 0.02
6 0.908500 0.585000 0.02 0.02
6 0.920667 0.584500 0.02 0.02
6 0.927000 0.569500 0.02 0.02
1 0.544333 0.453750 0.02 0.02
1 0.538500 0.468000 0.02 0.02
1 0.544333 0.483000 0.02 0.02
1 0.526833 0.468750 0.02 0.02
1 0.521167 0.483750 0.02 0.02
1 0.509833 0.483500 0.02 0.02
1 0.515333 0.468750 0.02 0.02
1 0.521000 0.454000 0.02 0.02
1 0.532500 0.453250 0.02 0.02
1 0.538000 0.438500 0.02 0.02
1 0.526333 0.439250 0.02 0.02
1 0.543500 0.423750 0.02 0.02
1 0.537500 0.408750 0.02 0.02
1 0.542667 0.394500 0.02 0.02
1 0.531167 0.394500 0.02 0.02
1 0.531833 0.423500 0.02 0.02
1 0.525667 0.409000 0.02 0.02
1 0.519667 0.394250 0.02 0.02
1 0.520333 0.424500 0.02 0.02
1 0.508667 0.424000 0.02 0.02
1 0.515000 0.439000 0.02 0.02
1 0.508167 0.393750 0.02 0.02
1 0.536333 0.379250 0.02 0.02
1 0.525000 0.378500 0.02 0.02
1 0.513500 0.378750 0.02 0.02
1 0.530833 0.363500 0.02 0.02
1 0.519000 0.363500 0.02 0.02
1 0.507167 0.363500 0.02 0.02
1 0.536167 0.347750 0.02 0.02
1 0.524333 0.347750 0.02 0.02
1 0.494833 0.331500 0.02 0.02
1 0.501167 0.314500 0.02 0.02
1 0.507000 0.331250 0.02 0.02
1 0.512500 0.315500 0.02 0.02
1 0.523667 0.314500 0.02 0.02
1 0.536000 0.315750 0.02 0.02
1 0.501333 0.282000 0.02 0.02
1 0.494000 0.265000 0.02 0.02
1 0.482833 0.265750 0.02 0.02
1 0.471333 0.265250 0.02 0.02
2 0.489000 0.282250 0.02 0.02
2 0.477333 0.282750 0.02 0.02
2 0.465667 0.282750 0.02 0.02
2 0.454000 0.282750 0.02 0.02
2 0.443167 0.283000 0.02 0.02
2 0.494833 0.298500 0.02 0.02
2 0.482833 0.299500 0.02 0.02
2 0.471000 0.298750 0.02 0.02
2 0.460333 0.298750 0.02 0.02
2 0.448500 0.298500 0.02 0.02
2 0.438333 0.298500 0.02 0.02
2 0.427333 0.298500 0.02 0.02
3 0.658167 0.259000 0.02 0.02
3 0.676333 0.275000 0.02 0.02
3 0.681833 0.293000 0.02 0.02
3 0.693333 0.292750 0.02 0.02
3 0.688000 0.309000 0.02 0.02
3 0.722667 0.308750 0.02 0.02
3 0.740167 0.291250 0.02 0.02
3 0.711667 0.341500 0.02 0.02
3 0.723000 0.340750 0.02 0.02
3 0.717167 0.357500 0.02 0.02
3 0.728500 0.357250 0.02 0.02
3 0.723167 0.372000 0.02 0.02
3 0.735000 0.372500 0.02 0.02
3 0.746333 0.372000 0.02 0.02
3 0.752000 0.386500 0.02 0.02
3 0.746833 0.402500 0.02 0.02
3 0.758667 0.401750 0.02 0.02
0 0.735000 0.402500 0.02 0.02
0 0.740500 0.387500 0.02 0.02
0 0.729167 0.387500 0.02 0.02
0 0.723333 0.402750 0.02 0.02
0 0.729333 0.417500 0.02 0.02
0 0.717833 0.418250 0.02 0.02
0 0.706667 0.419250 0.02 0.02
0 0.700167 0.404500 0.02 0.02
0 0.712000 0.404250 0.02 0.02
0 0.717333 0.388000 0.02 0.02
0 0.705833 0.388750 0.02 0.02
0 0.711167 0.373000 0.02 0.02
0 0.705500 0.357750 0.02 0.02
0 0.699500 0.342250 0.02 0.02
0 0.688000 0.342500 0.02 0.02
0 0.693833 0.358000 0.02 0.02
0 0.700167 0.373500 0.02 0.02
0 0.688000 0.374250 0.02 0.02
0 0.682500 0.359250 0.02 0.02
0 0.676000 0.342500 0.02 0.02
0 0.681667 0.326250 0.02 0.02
0 0.693500 0.325750 0.02 0.02
0 0.670167 0.325500 0.02 0.02
0 0.665000 0.342750 0.02 0.02
0 0.658833 0.327000 0.02 0.02
4 0.716667 0.291250 0.02 0.02
4 0.728500 0.291250 0.02 0.02
4 0.711000 0.274250 0.02 0.02
4 0.722500 0.274000 0.02 0.02
4 0.734333 0.273750 0.02 0.02
4 0.746500 0.273500 0.02 0.02
4 0.739833 0.257000 0.02 0.02
4 0.728333 0.257250 0.02 0.02
4 0.716667 0.256500 0.02 0.02
4 0.704333 0.257500 0.02 0.02
4 0.693000 0.257500 0.02 0.02
4 0.734667 0.308250 0.02 0.02
4 0.746833 0.306750 0.02 0.02
4 0.728500 0.324250 0.02 0.02
4 0.740667 0.324250 0.02 0.02
4 0.752667 0.323500 0.02 0.02
4 0.735000 0.340500 0.02 0.02
4 0.746667 0.340250 0.02 0.02
4 0.758500 0.339500 0.02 0.02
4 0.752500 0.355500 0.02 0.02
4 0.764333 0.355000 0.02 0.02
4 0.758333 0.371750 0.02 0.02
4 0.770167 0.371250 0.02 0.02
4 0.764667 0.386750 0.02 0.02
4 0.776333 0.385750 0.02 0.02
3 0.793667 0.338750 0.02 0.02
3 0.805667 0.306000 0.02 0.02
3 0.799333 0.385250 0.02 0.02
0 0.687833 0.275000 0.02 0.02
0 0.699000 0.275250 0.02 0.02
0 0.664500 0.275750 0.02 0.02
0 0.670000 0.293250 0.02 0.02
0 0.658833 0.293500 0.02 0.02
0 0.676167 0.309750 0.02 0.02
0 0.664333 0.309500 0.02 0.02
0 0.652500 0.310750 0.02 0.02
6 0.763833 0.257500 0.02 0.02
6 0.770000 0.273250 0.02 0.02
6 0.781667 0.273250 0.02 0.02
6 0.787667 0.256750 0.02 0.02
6 0.793333 0.241000 0.02 0.02
6 0.806167 0.240250 0.02 0.02
6 0.812333 0.255750 0.02 0.02
6 0.770000 0.241250 0.02 0.02
6 0.817500 0.429500 0.02 0.02
6 0.829333 0.428750 0.02 0.02
6 0.823500 0.445000 0.02 0.02
6 0.835167 0.444000 0.02 0.02
6 0.835333 0.414250 0.02 0.02
6 0.841167 0.429250 0.02 0.02
6 0.847000 0.413750 0.02 0.02
6 0.853500 0.398750 0.02 0.02
6 0.865000 0.397500 0.02 0.02
6 0.859333 0.413750 0.02 0.02
6 0.865000 0.428500 0.02 0.02
6 0.852667 0.429250 0.02 0.02
6 0.847000 0.443750 0.02 0.02
6 0.859000 0.443250 0.02 0.02
6 0.840667 0.458750 0.02 0.02
6 0.846667 0.473000 0.02 0.02
6 0.852500 0.487000 0.02 0.02
1 0.509000 0.454000 0.02 0.02
1 0.503833 0.468750 0.02 0.02
1 0.498000 0.483250 0.02 0.02
1 0.527500 0.497750 0.02 0.02
1 0.538833 0.497500 0.02 0.02
1 0.521833 0.512500 0.02 0.02
1 0.509667 0.512500 0.02 0.02
1 0.504333 0.498250 0.02 0.02
1 0.491833 0.497750 0.02 0.02
1 0.498000 0.512500 0.02 0.02
1 0.486167 0.513000 0.02 0.02
1 0.492500 0.526750 0.02 0.02
1 0.487500 0.541250 0.02 0.02
1 0.470000 0.557000 0.02 0.02
1 0.481667 0.556250 0.02 0.02
1 0.493167 0.556000 0.02 0.02
1 0.464500 0.570000 0.02 0.02
1 0.476000 0.570250 0.02 0.02
1 0.487333 0.570000 0.02 0.02
1 0.499500 0.569750 0.02 0.02
1 0.447667 0.586000 0.02 0.02
1 0.459000 0.585000 0.02 0.02
1 0.470167 0.584250 0.02 0.02
1 0.481000 0.584250 0.02 0.02
1 0.493667 0.583750 0.02 0.02
