1 0.572833 0.413250 0.02 0.02
1 0.566833 0.427750 0.02 0.02
1 0.572333 0.442500 0.02 0.02
1 0.578000 0.428250 0.02 0.02
1 0.584333 0.413750 0.02 0.02
1 0.590667 0.398750 0.02 0.02
1 0.561000 0.413000 0.02 0.02
1 0.590167 0.428000 0.02 0.02
1 0.584167 0.443750 0.02 0.02
1 0.595500 0.443500 0.02 0.02
1 0.561000 0.442250 0.02 0.02
1 0.549500 0.442500 0.02 0.02
1 0.602167 0.428500 0.02 0.02
1 0.607667 0.443750 0.02 0.02
1 0.619000 0.443250 0.02 0.02
1 0.625167 0.429250 0.02 0.02
1 0.625333 0.457500 0.02 0.02
1 0.613000 0.458000 0.02 0.02
1 0.601667 0.458250 0.02 0.02
1 0.589667 0.458500 0.02 0.02
1 0.578167 0.458250 0.02 0.02
1 0.606833 0.472750 0.02 0.02
1 0.600833 0.488500 0.02 0.02
1 0.595667 0.473250 0.02 0.02
1 0.555500 0.397500 0.02 0.02
1 0.550000 0.383000 0.02 0.02
1 0.561333 0.383250 0.02 0.02
1 0.567333 0.397750 0.02 0.02
1 0.544167 0.368000 0.02 0.02
1 0.556000 0.367500 0.02 0.02
1 0.537833 0.381500 0.02 0.02
1 0.543833 0.397500 0.02 0.02
0 0.531833 0.427750 0.02 0.02
0 0.525500 0.442750 0.02 0.02
0 0.514500 0.442000 0.02 0.02
0 0.502667 0.441500 0.02 0.02
0 0.508667 0.427500 0.02 0.02
0 0.531667 0.456750 0.02 0.02
0 0.525667 0.472000 0.02 0.02
0 0.490833 0.470750 0.02 0.02
0 0.496500 0.455500 0.02 0.02
0 0.484833 0.484750 0.02 0.02
0 0.490500 0.499500 0.02 0.02
0 0.484333 0.515000 0.02 0.02
0 0.507167 0.514500 0.02 0.02
0 0.519500 0.516000 0.02 0.02
0 0.478833 0.470250 0.02 0.02
0 0.466833 0.469750 0.02 0.02
0 0.473333 0.456250 0.02 0.02
0 0.461667 0.455500 0.02 0.02
0 0.455833 0.470250 0.02 0.02
3 0.449667 0.455000 0.02 0.02
3 0.443833 0.469250 0.02 0.02
3 0.433000 0.439750 0.02 0.02
3 0.420833 0.469500 0.02 0.02
3 0.443500 0.499500 0.02 0.02
3 0.438000 0.513250 0.02 0.02
3 0.431833 0.528000 0.02 0.02
3 0.425833 0.541750 0.02 0.02
3 0.443333 0.557000 0.02 0.02
3 0.454833 0.557250 0.02 0.02
3 0.471833 0.572750 0.02 0.02
3 0.477000 0.587500 0.02 0.02
3 0.471333 0.601750 0.02 0.02
3 0.483000 0.602500 0.02 0.02
3 0.488333 0.617000 0.02 0.02
3 0.517500 0.603000 0.02 0.02
3 0.529500 0.602750 0.02 0.02
3 0.523000 0.616750 0.02 0.02
3 0.535000 0.588750 0.02 0.02
3 0.517667 0.574000 0.02 0.02
3 0.517167 0.631750 0.02 0.02
3 0.510833 0.646750 0.02 0.02
3 0.522667 0.647000 0.02 0.02
3 0.533667 0.647250 0.02 0.02
1 0.619500 0.414500 0.02 0.02
1 0.613500 0.399250 0.02 0.02
1 0.608500 0.384500 0.02 0.02
1 0.619667 0.383500 0.02 0.02
1 0.631333 0.384000 0.02 0.02
1 0.626000 0.398750 0.02 0.02
1 0.637333 0.398750 0.02 0.02
1 0.631333 0.414250 0.02 0.02
1 0.637667 0.368750 0.02 0.02
1 0.632333 0.355250 0.02 0.02
1 0.655667 0.354750 0.02 0.02
1 0.661000 0.370000 0.02 0.02
1 0.672500 0.369750 0.02 0.02
1 0.667167 0.385500 0.02 0.02
1 0.678500 0.354500 0.02 0.02
1 0.685333 0.339750 0.02 0.02
1 0.678667 0.325000 0.02 0.02
1 0.691000 0.324750 0.02 0.02
1 0.696167 0.339750 0.02 0.02
1 0.690667 0.355000 0.02 0.02
1 0.685000 0.370500 0.02 0.02
1 0.702167 0.356000 0.02 0.02
1 0.696667 0.369250 0.02 0.02
1 0.701500 0.385000 0.02 0.02
1 0.690500 0.384500 0.02 0.02
1 0.678500 0.384500 0.02 0.02
1 0.672500 0.399250 0.02 0.02
1 0.666500 0.414000 0.02 0.02
1 0.649167 0.399250 0.02 0.02
1 0.642833 0.414000 0.02 0.02
1 0.654667 0.414250 0.02 0.02
1 0.637000 0.428750 0.02 0.02
1 0.659500 0.459500 0.02 0.02
1 0.671333 0.458750 0.02 0.02
1 0.677333 0.474750 0.02 0.02
1 0.671000 0.488000 0.02 0.02
1 0.676167 0.502500 0.02 0.02
1 0.653167 0.473000 0.02 0.02
2 0.601000 0.517000 0.02 0.02
0 0.588833 0.517000 0.02 0.02
0 0.582500 0.530500 0.02 0.02
0 0.594667 0.531500 0.02 0.02
0 0.572000 0.531000 0.02 0.02
3 0.576167 0.574500 0.02 0.02
3 0.588167 0.574500 0.02 0.02
3 0.582167 0.589000 0.02 0.02
3 0.575333 0.604000 0.02 0.02
3 0.548000 0.531000 0.02 0.02
4 0.530500 0.545750 0.02 0.02
4 0.518667 0.544000 0.02 0.02
