6 0.670333 0.616000 0.02 0.02
6 0.658500 0.586750 0.02 0.02
6 0.652833 0.602000 0.02 0.02
6 0.647167 0.616250 0.02 0.02
6 0.641667 0.630750 0.02 0.02
6 0.636833 0.647000 0.02 0.02
6 0.630833 0.662000 0.02 0.02
4 0.584333 0.663500 0.02 0.02
4 0.573333 0.663250 0.02 0.02
4 0.561500 0.663250 0.02 0.02
4 0.549500 0.663000 0.02 0.02
4 0.555500 0.649250 0.02 0.02
4 0.561167 0.633500 0.02 0.02
4 0.572833 0.634000 0.02 0.02
4 0.566833 0.618250 0.02 0.02
4 0.554667 0.618500 0.02 0.02
4 0.543500 0.618500 0.02 0.02
4 0.537500 0.633750 0.02 0.02
4 0.526500 0.633250 0.02 0.02
4 0.514333 0.634250 0.02 0.02
4 0.502667 0.635250 0.02 0.02
4 0.491000 0.633500 0.02 0.02
4 0.479500 0.634000 0.02 0.02
4 0.467500 0.633000 0.02 0.02
4 0.457000 0.632000 0.02 0.02
4 0.444833 0.632500 0.02 0.02
4 0.433500 0.632000 0.02 0.02
4 0.421167 0.631000 0.02 0.02
4 0.399500 0.629250 0.02 0.02
4 0.381500 0.642750 0.02 0.02
4 0.393167 0.643500 0.02 0.02
4 0.387500 0.628000 0.02 0.02
4 0.382333 0.614250 0.02 0.02
4 0.393833 0.614250 0.02 0.02
4 0.410333 0.630500 0.02 0.02
