0 0.527167 0.447250 0.02 0.02
0 0.539333 0.447250 0.02 0.02
0 0.544333 0.461250 0.02 0.02
0 0.556000 0.461250 0.02 0.02
0 0.556667 0.432750 0.02 0.02
0 0.551333 0.418750 0.02 0.02
0 0.539833 0.418750 0.02 0.02
0 0.562333 0.418500 0.02 0.02
0 0.568500 0.403750 0.02 0.02
0 0.579833 0.404000 0.02 0.02
0 0.573833 0.418250 0.02 0.02
0 0.585667 0.418500 0.02 0.02
1 0.653167 0.476000 0.02 0.02
1 0.642000 0.475750 0.02 0.02
0 0.630667 0.476250 0.02 0.02
0 0.625000 0.491250 0.02 0.02
0 0.636167 0.491500 0.02 0.02
0 0.647667 0.490750 0.02 0.02
0 0.630333 0.504750 0.02 0.02
0 0.618667 0.505250 0.02 0.02
0 0.635500 0.519500 0.02 0.02
0 0.647167 0.519250 0.02 0.02
0 0.640833 0.533500 0.02 0.02
0 0.634667 0.548000 0.02 0.02
0 0.646833 0.549000 0.02 0.02
0 0.623000 0.576500 0.02 0.02
0 0.617333 0.561750 0.02 0.02
0 0.611833 0.575750 0.02 0.02
0 0.584000 0.561750 0.02 0.02
0 0.578500 0.548250 0.02 0.02
0 0.566833 0.547750 0.02 0.02
0 0.584167 0.533500 0.02 0.02
0 0.590667 0.519000 0.02 0.02
3 0.567000 0.576000 0.02 0.02
3 0.572500 0.590500 0.02 0.02
3 0.577833 0.604750 0.02 0.02
3 0.594833 0.619000 0.02 0.02
3 0.594333 0.645250 0.02 0.02
3 0.583500 0.645500 0.02 0.02
3 0.577333 0.659500 0.02 0.02
3 0.622833 0.659000 0.02 0.02
3 0.634833 0.659750 0.02 0.02
3 0.640167 0.646250 0.02 0.02
3 0.622833 0.686750 0.02 0.02
3 0.611500 0.687500 0.02 0.02
3 0.605833 0.701250 0.02 0.02
3 0.628667 0.701250 0.02 0.02
3 0.611500 0.715000 0.02 0.02
6 0.606000 0.730000 0.02 0.02
6 0.617167 0.729250 0.02 0.02
6 0.628500 0.729250 0.02 0.02
6 0.640000 0.729500 0.02 0.02
6 0.650833 0.730250 0.02 0.02
6 0.656667 0.743750 0.02 0.02
6 0.645500 0.743500 0.02 0.02
6 0.650667 0.756750 0.02 0.02
6 0.640000 0.756250 0.02 0.02
6 0.634333 0.743250 0.02 0.02
6 0.656000 0.769000 0.02 0.02
6 0.622167 0.768750 0.02 0.02
6 0.605833 0.755500 0.02 0.02
6 0.588333 0.742750 0.02 0.02
6 0.571667 0.728750 0.02 0.02
6 0.577167 0.742500 0.02 0.02
4 0.288167 0.503500 0.02 0.02
4 0.277500 0.503250 0.02 0.02
4 0.265833 0.503250 0.02 0.02
4 0.260000 0.489750 0.02 0.02
4 0.271000 0.489000 0.02 0.02
4 0.254000 0.503250 0.02 0.02
4 0.259833 0.517500 0.02 0.02
4 0.265833 0.532750 0.02 0.02
4 0.253667 0.532500 0.02 0.02
4 0.260167 0.546750 0.02 0.02
4 0.248500 0.546250 0.02 0.02
4 0.242667 0.560000 0.02 0.02
4 0.254000 0.560000 0.02 0.02
4 0.265667 0.560250 0.02 0.02
4 0.133167 0.308500 0.02 0.02
4 0.144667 0.308750 0.02 0.02
4 0.156333 0.307500 0.02 0.02
4 0.167833 0.308250 0.02 0.02
4 0.180000 0.309250 0.02 0.02
4 0.162667 0.292750 0.02 0.02
4 0.173333 0.293250 0.02 0.02
4 0.139167 0.322250 0.02 0.02
4 0.150000 0.323250 0.02 0.02
4 0.161667 0.323750 0.02 0.02
4 0.173000 0.324250 0.02 0.02
