3 0.448667 0.475500 0.02 0.02
3 0.454667 0.461500 0.02 0.02
3 0.454500 0.432000 0.02 0.02
3 0.442333 0.431500 0.02 0.02
3 0.460667 0.417500 0.02 0.02
3 0.454667 0.402250 0.02 0.02
3 0.430667 0.402750 0.02 0.02
3 0.418833 0.403500 0.02 0.02
3 0.400500 0.388500 0.02 0.02
3 0.430667 0.373000 0.02 0.02
3 0.442833 0.373000 0.02 0.02
3 0.454167 0.373250 0.02 0.02
3 0.460500 0.357250 0.02 0.02
3 0.472500 0.357500 0.02 0.02
3 0.466167 0.342000 0.02 0.02
3 0.478667 0.342000 0.02 0.02
3 0.484833 0.326500 0.02 0.02
3 0.491167 0.311750 0.02 0.02
3 0.502833 0.312000 0.02 0.02
3 0.479000 0.312000 0.02 0.02
3 0.467000 0.311500 0.02 0.02
3 0.454333 0.311500 0.02 0.02
3 0.461167 0.295750 0.02 0.02
3 0.449000 0.296500 0.02 0.02
3 0.467167 0.280000 0.02 0.02
3 0.455500 0.280750 0.02 0.02
3 0.443333 0.281000 0.02 0.02
3 0.436500 0.296500 0.02 0.02
3 0.424167 0.297000 0.02 0.02
3 0.430167 0.281250 0.02 0.02
3 0.436500 0.265750 0.02 0.02
3 0.430667 0.249750 0.02 0.02
3 0.442833 0.248750 0.02 0.02
3 0.448833 0.264750 0.02 0.02
3 0.461833 0.264500 0.02 0.02
3 0.474000 0.264500 0.02 0.02
3 0.485500 0.233250 0.02 0.02
6 0.228167 0.392250 0.02 0.02
6 0.216000 0.391750 0.02 0.02
6 0.203833 0.393250 0.02 0.02
6 0.192500 0.393000 0.02 0.02
6 0.180167 0.393000 0.02 0.02
6 0.168167 0.393000 0.02 0.02
6 0.156167 0.394000 0.02 0.02
6 0.161833 0.378250 0.02 0.02
6 0.173833 0.378500 0.02 0.02
6 0.167500 0.363250 0.02 0.02
6 0.155500 0.363250 0.02 0.02
6 0.149500 0.378250 0.02 0.02
6 0.143000 0.363500 0.02 0.02
6 0.137333 0.378500 0.02 0.02
6 0.131333 0.363750 0.02 0.02
6 0.125667 0.379000 0.02 0.02
6 0.131833 0.393750 0.02 0.02
6 0.143667 0.393750 0.02 0.02
4 0.149333 0.348250 0.02 0.02
4 0.142500 0.332750 0.02 0.02
4 0.154833 0.332750 0.02 0.02
4 0.130333 0.331750 0.02 0.02
4 0.135833 0.317500 0.02 0.02
4 0.124000 0.317500 0.02 0.02
4 0.129833 0.301250 0.02 0.02
4 0.142000 0.301500 0.02 0.02
4 0.148000 0.285000 0.02 0.02
4 0.153500 0.269000 0.02 0.02
4 0.165667 0.268500 0.02 0.02
4 0.177000 0.268500 0.02 0.02
4 0.171500 0.284500 0.02 0.02
4 0.183333 0.284250 0.02 0.02
4 0.189000 0.267750 0.02 0.02
4 0.194167 0.252250 0.02 0.02
4 0.205333 0.251250 0.02 0.02
4 0.201000 0.267500 0.02 0.02
4 0.212333 0.266750 0.02 0.02
4 0.218167 0.251000 0.02 0.02
4 0.224833 0.267000 0.02 0.02
4 0.199333 0.235250 0.02 0.02
4 0.212167 0.235250 0.02 0.02
4 0.223833 0.233500 0.02 0.02
4 0.236167 0.234000 0.02 0.02
4 0.248667 0.234250 0.02 0.02
