4 0.388833 0.600500 0.02 0.02
4 0.378167 0.600250 0.02 0.02
4 0.366167 0.600500 0.02 0.02
4 0.355000 0.601000 0.02 0.02
4 0.349500 0.586000 0.02 0.02
4 0.343500 0.571000 0.02 0.02
4 0.337833 0.556250 0.02 0.02
4 0.332000 0.540750 0.02 0.02
4 0.326500 0.525750 0.02 0.02
6 0.321167 0.511000 0.02 0.02
6 0.315833 0.496250 0.02 0.02
6 0.309333 0.480500 0.02 0.02
6 0.303167 0.466000 0.02 0.02
6 0.298167 0.450250 0.02 0.02
6 0.292333 0.436250 0.02 0.02
6 0.281000 0.435750 0.02 0.02
6 0.269333 0.436250 0.02 0.02
6 0.263333 0.451750 0.02 0.02
6 0.257833 0.466750 0.02 0.02
6 0.251333 0.481750 0.02 0.02
4 0.523833 0.705500 0.02 0.02
4 0.518833 0.690000 0.02 0.02
4 0.512667 0.675000 0.02 0.02
4 0.502167 0.647000 0.02 0.02
4 0.514333 0.615250 0.02 0.02
4 0.577667 0.599500 0.02 0.02
4 0.635500 0.599000 0.02 0.02
4 0.618833 0.614250 0.02 0.02
