3 0.119500 0.377750 0.02 0.02
3 0.130500 0.377000 0.02 0.02
3 0.153833 0.378250 0.02 0.02
3 0.159667 0.363750 0.02 0.02
3 0.125500 0.391500 0.02 0.02
3 0.102167 0.418000 0.02 0.02
3 0.171333 0.563000 0.02 0.02
4 0.108667 0.547000 0.02 0.02
4 0.114000 0.532250 0.02 0.02
4 0.120333 0.519500 0.02 0.02
4 0.126167 0.505750 0.02 0.02
4 0.131333 0.491750 0.02 0.02
4 0.125500 0.477000 0.02 0.02
4 0.132000 0.463750 0.02 0.02
4 0.143667 0.464250 0.02 0.02
4 0.142667 0.492750 0.02 0.02
4 0.102333 0.475500 0.02 0.02
4 0.114167 0.476000 0.02 0.02
4 0.120333 0.490000 0.02 0.02
3 0.348833 0.562000 0.02 0.02
3 0.338167 0.533500 0.02 0.02
3 0.360167 0.533250 0.02 0.02
3 0.320833 0.519500 0.02 0.02
3 0.354000 0.576000 0.02 0.02
3 0.359833 0.590750 0.02 0.02
3 0.326833 0.562500 0.02 0.02
3 0.377333 0.605250 0.02 0.02
3 0.371333 0.621000 0.02 0.02
3 0.360000 0.620500 0.02 0.02
4 0.399333 0.548250 0.02 0.02
6 0.388167 0.548500 0.02 0.02
6 0.382333 0.562250 0.02 0.02
6 0.388500 0.576250 0.02 0.02
6 0.399167 0.606000 0.02 0.02
6 0.404833 0.620000 0.02 0.02
6 0.388667 0.634500 0.02 0.02
6 0.382167 0.649500 0.02 0.02
3 0.377000 0.663250 0.02 0.02
6 0.671000 0.619500 0.02 0.02
6 0.681833 0.618250 0.02 0.02
6 0.692167 0.618250 0.02 0.02
6 0.698000 0.604750 0.02 0.02
6 0.708833 0.604500 0.02 0.02
6 0.692000 0.646750 0.02 0.02
6 0.708000 0.660250 0.02 0.02
6 0.691833 0.673500 0.02 0.02
6 0.724667 0.674500 0.02 0.02
3 0.782000 0.508500 0.02 0.02
3 0.788000 0.522750 0.02 0.02
3 0.793167 0.535000 0.02 0.02
3 0.787333 0.550250 0.02 0.02
3 0.764167 0.548750 0.02 0.02
3 0.748667 0.507750 0.02 0.02
3 0.755000 0.466250 0.02 0.02
4 0.766333 0.466750 0.02 0.02
4 0.777000 0.466750 0.02 0.02
4 0.788000 0.466500 0.02 0.02
4 0.771500 0.394750 0.02 0.02
4 0.782167 0.395500 0.02 0.02
4 0.739000 0.366000 0.02 0.02
4 0.783833 0.336250 0.02 0.02
4 0.821167 0.411000 0.02 0.02
4 0.871333 0.424000 0.02 0.02
4 0.893667 0.290500 0.02 0.02
4 0.817833 0.245500 0.02 0.02
