2 0.421833 0.422750 0.02 0.02
2 0.434167 0.422250 0.02 0.02
2 0.446500 0.421750 0.02 0.02
2 0.458167 0.422250 0.02 0.02
2 0.475333 0.437250 0.02 0.02
2 0.481500 0.451750 0.02 0.02
2 0.470667 0.453000 0.02 0.02
2 0.476000 0.467250 0.02 0.02
2 0.487667 0.466000 0.02 0.02
2 0.499500 0.467000 0.02 0.02
2 0.510667 0.465750 0.02 0.02
2 0.523333 0.466000 0.02 0.02
2 0.528833 0.451500 0.02 0.02
2 0.535000 0.437000 0.02 0.02
2 0.530000 0.420750 0.02 0.02
2 0.523333 0.405750 0.02 0.02
2 0.517000 0.391250 0.02 0.02
2 0.511500 0.375750 0.02 0.02
6 0.517833 0.360000 0.02 0.02
6 0.523167 0.343750 0.02 0.02
6 0.529833 0.327750 0.02 0.02
6 0.535500 0.311250 0.02 0.02
6 0.541833 0.295750 0.02 0.02
6 0.547500 0.279750 0.02 0.02
6 0.553667 0.263750 0.02 0.02
6 0.559167 0.247250 0.02 0.02
6 0.565333 0.230500 0.02 0.02
6 0.571500 0.214000 0.02 0.02
6 0.577500 0.197750 0.02 0.02
6 0.584000 0.182000 0.02 0.02
6 0.590167 0.164750 0.02 0.02
6 0.596833 0.147500 0.02 0.02
6 0.602667 0.131500 0.02 0.02
6 0.609333 0.115750 0.02 0.02
6 0.047667 0.700250 0.02 0.02
6 0.052833 0.686500 0.02 0.02
6 0.057833 0.671000 0.02 0.02
6 0.069667 0.672250 0.02 0.02
6 0.081500 0.673500 0.02 0.02
6 0.093500 0.673000 0.02 0.02
6 0.105500 0.673750 0.02 0.02
6 0.112000 0.659000 0.02 0.02
6 0.117167 0.644000 0.02 0.02
6 0.123000 0.629500 0.02 0.02
6 0.129667 0.614500 0.02 0.02
6 0.135167 0.599500 0.02 0.02
6 0.141000 0.585500 0.02 0.02
6 0.147000 0.570250 0.02 0.02
6 0.153167 0.556250 0.02 0.02
6 0.159167 0.541750 0.02 0.02
6 0.165000 0.527250 0.02 0.02
6 0.171333 0.511250 0.02 0.02
6 0.177167 0.497000 0.02 0.02
6 0.183500 0.482000 0.02 0.02
6 0.188833 0.467500 0.02 0.02
6 0.195167 0.451750 0.02 0.02
6 0.206667 0.452250 0.02 0.02
6 0.218500 0.452250 0.02 0.02
6 0.230667 0.453500 0.02 0.02
6 0.242667 0.453250 0.02 0.02
6 0.255000 0.453000 0.02 0.02
6 0.265667 0.453000 0.02 0.02
6 0.277667 0.452500 0.02 0.02
