1 0.597000 0.552000 0.02 0.02
1 0.614000 0.538500 0.02 0.02
1 0.632000 0.523500 0.02 0.02
1 0.614000 0.509500 0.02 0.02
1 0.602833 0.509750 0.02 0.02
1 0.597167 0.497000 0.02 0.02
1 0.590833 0.510000 0.02 0.02
1 0.585500 0.495750 0.02 0.02
1 0.591167 0.481250 0.02 0.02
1 0.580167 0.481500 0.02 0.02
1 0.573833 0.494500 0.02 0.02
2 0.562333 0.495750 0.02 0.02
1 0.574167 0.466750 0.02 0.02
1 0.568500 0.453250 0.02 0.02
1 0.562500 0.438500 0.02 0.02
1 0.568667 0.425500 0.02 0.02
1 0.580333 0.425000 0.02 0.02
1 0.574667 0.411500 0.02 0.02
1 0.580667 0.396500 0.02 0.02
1 0.575167 0.382000 0.02 0.02
1 0.563500 0.382000 0.02 0.02
1 0.580833 0.368250 0.02 0.02
1 0.552000 0.381500 0.02 0.02
1 0.557667 0.368000 0.02 0.02
1 0.563667 0.352750 0.02 0.02
1 0.575500 0.324750 0.02 0.02
1 0.581000 0.339500 0.02 0.02
1 0.598333 0.381750 0.02 0.02
0 0.651167 0.339500 0.02 0.02
0 0.622167 0.324250 0.02 0.02
4 0.704167 0.325000 0.02 0.02
4 0.715167 0.324250 0.02 0.02
4 0.727167 0.324750 0.02 0.02
4 0.738500 0.324500 0.02 0.02
4 0.732500 0.338000 0.02 0.02
4 0.744167 0.339250 0.02 0.02
4 0.750000 0.324750 0.02 0.02
4 0.738000 0.353000 0.02 0.02
4 0.749833 0.353500 0.02 0.02
4 0.755333 0.339000 0.02 0.02
4 0.744167 0.367500 0.02 0.02
6 0.732500 0.367000 0.02 0.02
6 0.738000 0.381250 0.02 0.02
6 0.726667 0.381750 0.02 0.02
6 0.720667 0.396500 0.02 0.02
6 0.715167 0.410750 0.02 0.02
6 0.720667 0.424500 0.02 0.02
6 0.726000 0.438500 0.02 0.02
6 0.720667 0.453250 0.02 0.02
6 0.726167 0.466750 0.02 0.02
6 0.731500 0.479250 0.02 0.02
6 0.737167 0.492250 0.02 0.02
6 0.742500 0.505250 0.02 0.02
6 0.748833 0.519000 0.02 0.02
6 0.760167 0.519250 0.02 0.02
4 0.772000 0.518250 0.02 0.02
6 0.782833 0.518000 0.02 0.02
6 0.794500 0.517750 0.02 0.02
3 0.806000 0.517250 0.02 0.02
3 0.817333 0.517000 0.02 0.02
3 0.823333 0.504000 0.02 0.02
3 0.800667 0.530750 0.02 0.02
6 0.828833 0.517750 0.02 0.02
6 0.823000 0.531750 0.02 0.02
3 0.829000 0.545000 0.02 0.02
3 0.834333 0.531250 0.02 0.02
3 0.840000 0.517750 0.02 0.02
3 0.840333 0.545250 0.02 0.02
3 0.846333 0.559500 0.02 0.02
3 0.852000 0.574250 0.02 0.02
3 0.863500 0.574500 0.02 0.02
4 0.710000 0.310250 0.02 0.02
4 0.716333 0.295500 0.02 0.02
4 0.721833 0.280250 0.02 0.02
3 0.716500 0.265500 0.02 0.02
4 0.710833 0.248750 0.02 0.02
3 0.705333 0.233250 0.02 0.02
6 0.735333 0.159000 0.02 0.02
6 0.747167 0.159250 0.02 0.02
6 0.723500 0.159000 0.02 0.02
6 0.730000 0.147000 0.02 0.02
2 0.608667 0.524000 0.02 0.02
2 0.626500 0.510500 0.02 0.02
2 0.620833 0.496000 0.02 0.02
2 0.632167 0.496250 0.02 0.02
2 0.602833 0.481750 0.02 0.02
2 0.402000 0.524250 0.02 0.02
2 0.390667 0.524500 0.02 0.02
2 0.396333 0.509750 0.02 0.02
2 0.378500 0.524750 0.02 0.02
2 0.373000 0.510500 0.02 0.02
2 0.378667 0.494750 0.02 0.02
2 0.373000 0.480750 0.02 0.02
2 0.384833 0.480500 0.02 0.02
2 0.378667 0.466000 0.02 0.02
1 0.367167 0.495000 0.02 0.02
1 0.367000 0.465750 0.02 0.02
2 0.372333 0.451000 0.02 0.02
2 0.384000 0.451750 0.02 0.02
1 0.378667 0.437250 0.02 0.02
1 0.367000 0.435000 0.02 0.02
1 0.361833 0.450250 0.02 0.02
0 0.330000 0.430750 0.02 0.02
0 0.355167 0.320750 0.02 0.02
0 0.297333 0.318500 0.02 0.02
0 0.284833 0.346500 0.02 0.02
0 0.273167 0.345500 0.02 0.02
0 0.267667 0.330750 0.02 0.02
0 0.283833 0.373750 0.02 0.02
0 0.272500 0.374250 0.02 0.02
0 0.261333 0.374000 0.02 0.02
0 0.255833 0.359250 0.02 0.02
0 0.266000 0.388500 0.02 0.02
0 0.255000 0.387500 0.02 0.02
0 0.248833 0.402500 0.02 0.02
0 0.266167 0.418000 0.02 0.02
0 0.277000 0.418250 0.02 0.02
0 0.237167 0.372250 0.02 0.02
6 0.249000 0.373250 0.02 0.02
1 0.472167 0.323250 0.02 0.02
1 0.465667 0.337000 0.02 0.02
1 0.477167 0.337750 0.02 0.02
1 0.483000 0.323250 0.02 0.02
1 0.489000 0.308750 0.02 0.02
1 0.477500 0.366500 0.02 0.02
1 0.471333 0.351750 0.02 0.02
1 0.483167 0.352500 0.02 0.02
1 0.483333 0.381250 0.02 0.02
1 0.488333 0.367000 0.02 0.02
1 0.494500 0.353000 0.02 0.02
1 0.500000 0.338000 0.02 0.02
1 0.488500 0.337500 0.02 0.02
