4 0.285333 0.230250 0.02 0.02
4 0.297500 0.229250 0.02 0.02
4 0.305167 0.245250 0.02 0.02
4 0.278833 0.246000 0.02 0.02
4 0.324500 0.262500 0.02 0.02
4 0.337333 0.261500 0.02 0.02
4 0.351000 0.262000 0.02 0.02
4 0.343167 0.246000 0.02 0.02
4 0.357167 0.245500 0.02 0.02
4 0.370333 0.245250 0.02 0.02
4 0.383000 0.245250 0.02 0.02
4 0.389333 0.229250 0.02 0.02
4 0.394000 0.213000 0.02 0.02
4 0.395833 0.244750 0.02 0.02
4 0.408500 0.243750 0.02 0.02
4 0.403500 0.261500 0.02 0.02
4 0.390167 0.261000 0.02 0.02
4 0.377167 0.262000 0.02 0.02
4 0.331333 0.278250 0.02 0.02
4 0.352000 0.296000 0.02 0.02
4 0.364833 0.295500 0.02 0.02
4 0.371167 0.278500 0.02 0.02
6 0.226167 0.426250 0.02 0.02
6 0.212667 0.425250 0.02 0.02
6 0.200667 0.425250 0.02 0.02
6 0.194167 0.409500 0.02 0.02
6 0.187000 0.392500 0.02 0.02
6 0.180167 0.377000 0.02 0.02
6 0.173000 0.360000 0.02 0.02
6 0.166667 0.344500 0.02 0.02
6 0.159667 0.327750 0.02 0.02
6 0.152667 0.312500 0.02 0.02
6 0.145333 0.295000 0.02 0.02
6 0.063833 0.401000 0.02 0.02
6 0.077000 0.401250 0.02 0.02
6 0.090167 0.401750 0.02 0.02
6 0.102667 0.403250 0.02 0.02
6 0.116000 0.405000 0.02 0.02
6 0.128667 0.405750 0.02 0.02
6 0.141333 0.406250 0.02 0.02
6 0.155500 0.408250 0.02 0.02
6 0.168167 0.408750 0.02 0.02
6 0.180833 0.409500 0.02 0.02
