4 0.142000 0.442250 0.02 0.02
3 0.153667 0.442500 0.02 0.02
3 0.165667 0.443500 0.02 0.02
4 0.176833 0.442500 0.02 0.02
3 0.188333 0.441750 0.02 0.02
4 0.200333 0.442500 0.02 0.02
4 0.211167 0.442000 0.02 0.02
4 0.222833 0.442500 0.02 0.02
3 0.234333 0.441500 0.02 0.02
3 0.246167 0.442500 0.02 0.02
3 0.228500 0.428250 0.02 0.02
3 0.229000 0.456250 0.02 0.02
3 0.240333 0.456500 0.02 0.02
4 0.216667 0.456750 0.02 0.02
4 0.205667 0.456000 0.02 0.02
4 0.194667 0.456500 0.02 0.02
3 0.189000 0.471750 0.02 0.02
4 0.171833 0.486250 0.02 0.02
4 0.160000 0.485750 0.02 0.02
3 0.165667 0.472000 0.02 0.02
3 0.177333 0.472000 0.02 0.02
3 0.170667 0.458000 0.02 0.02
4 0.200500 0.471000 0.02 0.02
6 0.125667 0.570250 0.02 0.02
6 0.120167 0.585250 0.02 0.02
6 0.114000 0.597750 0.02 0.02
6 0.109833 0.610500 0.02 0.02
6 0.103000 0.627250 0.02 0.02
6 0.097167 0.612750 0.02 0.02
6 0.103333 0.597750 0.02 0.02
6 0.108500 0.583000 0.02 0.02
6 0.113833 0.569750 0.02 0.02
4 0.564500 0.552000 0.02 0.02
3 0.558500 0.537250 0.02 0.02
3 0.547667 0.536500 0.02 0.02
3 0.536000 0.537250 0.02 0.02
3 0.524667 0.537000 0.02 0.02
3 0.530833 0.550500 0.02 0.02
3 0.525167 0.565750 0.02 0.02
3 0.530000 0.581500 0.02 0.02
3 0.542500 0.580500 0.02 0.02
3 0.535667 0.594750 0.02 0.02
3 0.541667 0.609250 0.02 0.02
3 0.559167 0.595000 0.02 0.02
3 0.638333 0.332750 0.02 0.02
3 0.643333 0.346250 0.02 0.02
3 0.654333 0.346500 0.02 0.02
3 0.643833 0.375500 0.02 0.02
3 0.631833 0.375250 0.02 0.02
6 0.621167 0.375750 0.02 0.02
6 0.626500 0.361750 0.02 0.02
6 0.638167 0.361000 0.02 0.02
6 0.638333 0.390250 0.02 0.02
6 0.649167 0.390000 0.02 0.02
6 0.626167 0.389750 0.02 0.02
4 0.165333 0.355250 0.02 0.02
4 0.170333 0.369500 0.02 0.02
4 0.146500 0.370250 0.02 0.02
4 0.135167 0.370000 0.02 0.02
4 0.140333 0.383000 0.02 0.02
4 0.147333 0.398000 0.02 0.02
4 0.134167 0.397750 0.02 0.02
4 0.128500 0.382750 0.02 0.02
4 0.110333 0.369250 0.02 0.02
4 0.098833 0.369500 0.02 0.02
4 0.086667 0.370250 0.02 0.02
3 0.093000 0.355250 0.02 0.02
6 0.075000 0.428500 0.02 0.02
6 0.069667 0.412750 0.02 0.02
6 0.080500 0.495750 0.02 0.02
6 0.093333 0.497000 0.02 0.02
6 0.099000 0.482750 0.02 0.02
6 0.086000 0.480500 0.02 0.02
6 0.112667 0.484750 0.02 0.02
6 0.095667 0.556000 0.02 0.02
6 0.107833 0.556000 0.02 0.02
6 0.113833 0.570750 0.02 0.02
6 0.102333 0.570000 0.02 0.02
3 0.120000 0.556750 0.02 0.02
3 0.114000 0.541750 0.02 0.02
3 0.106833 0.527000 0.02 0.02
3 0.082500 0.527000 0.02 0.02
