1 0.536500 0.445750 0.02 0.02
2 0.596833 0.477500 0.02 0.02
2 0.576333 0.429250 0.02 0.02
1 0.604667 0.463750 0.02 0.02
0 0.627000 0.429000 0.02 0.02
0 0.662333 0.428250 0.02 0.02
0 0.674333 0.427750 0.02 0.02
0 0.668500 0.412250 0.02 0.02
0 0.680833 0.412250 0.02 0.02
0 0.687167 0.427500 0.02 0.02
0 0.692333 0.411750 0.02 0.02
0 0.699000 0.396250 0.02 0.02
0 0.710167 0.395000 0.02 0.02
0 0.705000 0.411750 0.02 0.02
0 0.698500 0.427250 0.02 0.02
0 0.692667 0.442250 0.02 0.02
0 0.680500 0.442500 0.02 0.02
0 0.669167 0.444000 0.02 0.02
0 0.657000 0.443500 0.02 0.02
0 0.662500 0.459250 0.02 0.02
0 0.686667 0.458750 0.02 0.02
0 0.698833 0.457500 0.02 0.02
0 0.710833 0.458000 0.02 0.02
0 0.704167 0.442000 0.02 0.02
3 0.722167 0.456750 0.02 0.02
3 0.734333 0.455500 0.02 0.02
3 0.722667 0.425000 0.02 0.02
3 0.734167 0.425000 0.02 0.02
3 0.740167 0.409250 0.02 0.02
3 0.746500 0.424000 0.02 0.02
3 0.752500 0.439750 0.02 0.02
3 0.746000 0.455000 0.02 0.02
3 0.740167 0.470500 0.02 0.02
3 0.752667 0.470000 0.02 0.02
3 0.746500 0.484750 0.02 0.02
3 0.752000 0.408500 0.02 0.02
3 0.746500 0.395250 0.02 0.02
3 0.753000 0.378750 0.02 0.02
3 0.740167 0.378750 0.02 0.02
3 0.734167 0.394750 0.02 0.02
3 0.716333 0.380250 0.02 0.02
3 0.734167 0.363250 0.02 0.02
3 0.746500 0.362250 0.02 0.02
3 0.741833 0.346250 0.02 0.02
3 0.735500 0.329250 0.02 0.02
1 0.713167 0.333000 0.02 0.02
1 0.693000 0.350000 0.02 0.02
1 0.706333 0.350750 0.02 0.02
0 0.710833 0.364500 0.02 0.02
0 0.699667 0.365500 0.02 0.02
0 0.704000 0.380500 0.02 0.02
0 0.692667 0.382000 0.02 0.02
0 0.686667 0.366750 0.02 0.02
3 0.740167 0.500000 0.02 0.02
3 0.758333 0.514250 0.02 0.02
6 0.752833 0.500250 0.02 0.02
6 0.764833 0.498750 0.02 0.02
6 0.776667 0.497250 0.02 0.02
6 0.782167 0.512000 0.02 0.02
6 0.787833 0.525250 0.02 0.02
6 0.792833 0.539750 0.02 0.02
6 0.798833 0.554000 0.02 0.02
6 0.805000 0.539000 0.02 0.02
6 0.816833 0.538000 0.02 0.02
6 0.811000 0.554250 0.02 0.02
6 0.822667 0.552250 0.02 0.02
6 0.816167 0.568250 0.02 0.02
6 0.810167 0.583250 0.02 0.02
6 0.821833 0.582250 0.02 0.02
6 0.834500 0.581500 0.02 0.02
6 0.883167 0.639750 0.02 0.02
6 0.896833 0.638250 0.02 0.02
6 0.909333 0.636500 0.02 0.02
6 0.915167 0.620000 0.02 0.02
6 0.922000 0.633000 0.02 0.02
6 0.927833 0.617250 0.02 0.02
6 0.921500 0.603500 0.02 0.02
6 0.909000 0.605250 0.02 0.02
6 0.896333 0.609250 0.02 0.02
6 0.882667 0.610500 0.02 0.02
6 0.876167 0.625750 0.02 0.02
6 0.890167 0.624250 0.02 0.02
6 0.904000 0.622000 0.02 0.02
6 0.904000 0.653500 0.02 0.02
6 0.890833 0.654000 0.02 0.02
0 0.272333 0.385500 0.02 0.02
0 0.284500 0.386500 0.02 0.02
0 0.278167 0.371000 0.02 0.02
0 0.290000 0.402500 0.02 0.02
0 0.296167 0.416750 0.02 0.02
0 0.308833 0.417500 0.02 0.02
0 0.314667 0.431500 0.02 0.02
0 0.302500 0.432750 0.02 0.02
0 0.290500 0.432750 0.02 0.02
0 0.278333 0.432000 0.02 0.02
0 0.273000 0.416250 0.02 0.02
0 0.278167 0.401250 0.02 0.02
1 0.271333 0.355000 0.02 0.02
1 0.259000 0.353750 0.02 0.02
3 0.241667 0.371000 0.02 0.02
3 0.235667 0.354000 0.02 0.02
3 0.230000 0.369750 0.02 0.02
3 0.235833 0.385500 0.02 0.02
3 0.242167 0.401250 0.02 0.02
3 0.236500 0.416500 0.02 0.02
3 0.230500 0.400250 0.02 0.02
3 0.218833 0.400250 0.02 0.02
3 0.213167 0.415750 0.02 0.02
3 0.224667 0.414750 0.02 0.02
3 0.219000 0.430500 0.02 0.02
3 0.230667 0.430750 0.02 0.02
3 0.237000 0.445750 0.02 0.02
3 0.226000 0.446000 0.02 0.02
3 0.207000 0.430000 0.02 0.02
3 0.200833 0.416000 0.02 0.02
3 0.207167 0.400500 0.02 0.02
3 0.212500 0.386500 0.02 0.02
3 0.205833 0.370250 0.02 0.02
3 0.200833 0.385500 0.02 0.02
3 0.194500 0.400500 0.02 0.02
3 0.189167 0.415750 0.02 0.02
3 0.183333 0.429000 0.02 0.02
3 0.189667 0.445000 0.02 0.02
3 0.195667 0.430000 0.02 0.02
3 0.201833 0.444250 0.02 0.02
3 0.195500 0.458500 0.02 0.02
3 0.207667 0.460000 0.02 0.02
3 0.219667 0.460000 0.02 0.02
3 0.232000 0.460250 0.02 0.02
3 0.254833 0.461500 0.02 0.02
3 0.248833 0.475500 0.02 0.02
3 0.225500 0.474750 0.02 0.02
3 0.214333 0.474750 0.02 0.02
3 0.202000 0.474250 0.02 0.02
3 0.190333 0.474250 0.02 0.02
3 0.184167 0.459500 0.02 0.02
3 0.178000 0.474000 0.02 0.02
3 0.172333 0.459500 0.02 0.02
3 0.177667 0.444750 0.02 0.02
4 0.134500 0.427250 0.02 0.02
4 0.122667 0.426750 0.02 0.02
4 0.115167 0.411000 0.02 0.02
4 0.109167 0.426000 0.02 0.02
4 0.096833 0.425250 0.02 0.02
4 0.090667 0.440250 0.02 0.02
4 0.129667 0.442000 0.02 0.02
3 0.078333 0.498250 0.02 0.02
3 0.092167 0.499000 0.02 0.02
3 0.098000 0.485500 0.02 0.02
