6 0.324333 0.401000 0.02 0.02
6 0.331500 0.416500 0.02 0.02
6 0.337167 0.431250 0.02 0.02
6 0.342500 0.446250 0.02 0.02
6 0.348667 0.463000 0.02 0.02
6 0.354333 0.478500 0.02 0.02
6 0.360167 0.493250 0.02 0.02
6 0.365833 0.509250 0.02 0.02
6 0.371333 0.524750 0.02 0.02
6 0.377167 0.540000 0.02 0.02
6 0.383000 0.554500 0.02 0.02
6 0.388667 0.569500 0.02 0.02
6 0.394667 0.584000 0.02 0.02
6 0.400167 0.599250 0.02 0.02
6 0.405833 0.614750 0.02 0.02
6 0.411000 0.628250 0.02 0.02
6 0.417000 0.643250 0.02 0.02
6 0.422000 0.656750 0.02 0.02
