0 0.689833 0.427500 0.02 0.02
0 0.677833 0.428250 0.02 0.02
0 0.666000 0.428750 0.02 0.02
0 0.654500 0.429250 0.02 0.02
0 0.660333 0.444500 0.02 0.02
0 0.648667 0.445000 0.02 0.02
0 0.643000 0.460000 0.02 0.02
0 0.660667 0.473750 0.02 0.02
0 0.672167 0.472750 0.02 0.02
0 0.666500 0.458000 0.02 0.02
0 0.667167 0.518000 0.02 0.02
0 0.673000 0.502750 0.02 0.02
0 0.661333 0.532250 0.02 0.02
0 0.655333 0.517500 0.02 0.02
0 0.643500 0.518000 0.02 0.02
0 0.631333 0.519250 0.02 0.02
0 0.655500 0.547500 0.02 0.02
0 0.649667 0.562250 0.02 0.02
0 0.661500 0.561750 0.02 0.02
0 0.631500 0.549250 0.02 0.02
0 0.608000 0.550000 0.02 0.02
0 0.613833 0.535500 0.02 0.02
3 0.595500 0.520500 0.02 0.02
3 0.601333 0.535250 0.02 0.02
3 0.644167 0.576250 0.02 0.02
3 0.655500 0.576250 0.02 0.02
3 0.667667 0.575500 0.02 0.02
3 0.674667 0.588750 0.02 0.02
3 0.667833 0.604250 0.02 0.02
3 0.655833 0.604500 0.02 0.02
3 0.650333 0.590500 0.02 0.02
3 0.691333 0.602750 0.02 0.02
3 0.709333 0.587500 0.02 0.02
3 0.721500 0.586750 0.02 0.02
3 0.715000 0.572250 0.02 0.02
3 0.709333 0.559000 0.02 0.02
3 0.714833 0.543000 0.02 0.02
3 0.697167 0.559000 0.02 0.02
3 0.691667 0.545250 0.02 0.02
3 0.685500 0.559000 0.02 0.02
3 0.715333 0.601500 0.02 0.02
3 0.727167 0.600750 0.02 0.02
3 0.709500 0.614500 0.02 0.02
3 0.734000 0.615500 0.02 0.02
3 0.740167 0.599750 0.02 0.02
3 0.745833 0.586000 0.02 0.02
3 0.727667 0.572000 0.02 0.02
3 0.739500 0.571000 0.02 0.02
3 0.733333 0.556500 0.02 0.02
3 0.751833 0.570250 0.02 0.02
3 0.757167 0.555500 0.02 0.02
3 0.763167 0.541000 0.02 0.02
3 0.769333 0.525750 0.02 0.02
3 0.775167 0.509500 0.02 0.02
3 0.780667 0.495250 0.02 0.02
3 0.786667 0.481000 0.02 0.02
3 0.792833 0.466250 0.02 0.02
3 0.781167 0.467000 0.02 0.02
3 0.768333 0.467750 0.02 0.02
3 0.775000 0.481500 0.02 0.02
3 0.762667 0.481500 0.02 0.02
3 0.756500 0.468250 0.02 0.02
3 0.762000 0.452750 0.02 0.02
3 0.750833 0.452500 0.02 0.02
3 0.744000 0.439250 0.02 0.02
3 0.756000 0.437750 0.02 0.02
3 0.761833 0.423250 0.02 0.02
3 0.755333 0.409000 0.02 0.02
3 0.749667 0.393500 0.02 0.02
3 0.743167 0.409250 0.02 0.02
3 0.737500 0.423750 0.02 0.02
3 0.731833 0.439250 0.02 0.02
3 0.755500 0.378500 0.02 0.02
3 0.761333 0.361250 0.02 0.02
4 0.817167 0.342000 0.02 0.02
4 0.828500 0.340750 0.02 0.02
4 0.840833 0.340750 0.02 0.02
4 0.834833 0.355750 0.02 0.02
4 0.846833 0.356000 0.02 0.02
4 0.816500 0.372750 0.02 0.02
4 0.828167 0.372000 0.02 0.02
4 0.822333 0.388250 0.02 0.02
4 0.834000 0.386500 0.02 0.02
4 0.846500 0.387000 0.02 0.02
4 0.804167 0.405500 0.02 0.02
4 0.840000 0.402000 0.02 0.02
4 0.859500 0.355750 0.02 0.02
4 0.872500 0.355000 0.02 0.02
4 0.866000 0.369750 0.02 0.02
4 0.878167 0.369750 0.02 0.02
4 0.872500 0.385000 0.02 0.02
4 0.884667 0.384000 0.02 0.02
4 0.865333 0.399250 0.02 0.02
4 0.878167 0.398250 0.02 0.02
4 0.858333 0.415250 0.02 0.02
4 0.871167 0.414000 0.02 0.02
4 0.884000 0.414000 0.02 0.02
4 0.865000 0.430000 0.02 0.02
3 0.845333 0.417250 0.02 0.02
3 0.833667 0.417750 0.02 0.02
3 0.822000 0.419000 0.02 0.02
3 0.827500 0.433000 0.02 0.02
6 0.131333 0.616250 0.02 0.02
6 0.137333 0.630750 0.02 0.02
6 0.143333 0.616500 0.02 0.02
6 0.149667 0.630250 0.02 0.02
6 0.161833 0.630000 0.02 0.02
6 0.081000 0.640750 0.02 0.02
6 0.087500 0.627500 0.02 0.02
6 0.100667 0.628500 0.02 0.02
6 0.094500 0.640750 0.02 0.02
6 0.088000 0.654000 0.02 0.02
6 0.094667 0.668500 0.02 0.02
6 0.100667 0.655250 0.02 0.02
6 0.107333 0.642250 0.02 0.02
6 0.112833 0.629500 0.02 0.02
6 0.118833 0.616000 0.02 0.02
3 0.183667 0.574000 0.02 0.02
3 0.195167 0.574250 0.02 0.02
3 0.207167 0.574750 0.02 0.02
3 0.200667 0.559750 0.02 0.02
3 0.212500 0.560250 0.02 0.02
3 0.194667 0.545750 0.02 0.02
3 0.176167 0.530500 0.02 0.02
3 0.188667 0.529750 0.02 0.02
3 0.200833 0.530250 0.02 0.02
3 0.212667 0.530250 0.02 0.02
3 0.224333 0.529750 0.02 0.02
3 0.236333 0.530250 0.02 0.02
3 0.248333 0.528750 0.02 0.02
3 0.260333 0.529500 0.02 0.02
3 0.272667 0.530250 0.02 0.02
3 0.284500 0.530750 0.02 0.02
3 0.290833 0.516000 0.02 0.02
3 0.296500 0.500250 0.02 0.02
