6 0.513000 0.638250 0.02 0.02
6 0.519000 0.653500 0.02 0.02
6 0.525333 0.668750 0.02 0.02
6 0.506667 0.622750 0.02 0.02
6 0.501000 0.607250 0.02 0.02
6 0.494500 0.590750 0.02 0.02
6 0.488000 0.575000 0.02 0.02
6 0.481667 0.559250 0.02 0.02
6 0.475000 0.544000 0.02 0.02
6 0.469000 0.528750 0.02 0.02
6 0.462833 0.513750 0.02 0.02
6 0.457000 0.498500 0.02 0.02
6 0.450500 0.483250 0.02 0.02
6 0.444000 0.467500 0.02 0.02
6 0.437833 0.451250 0.02 0.02
6 0.431833 0.436750 0.02 0.02
6 0.425500 0.420000 0.02 0.02
6 0.419333 0.405250 0.02 0.02
6 0.412667 0.389750 0.02 0.02
6 0.406000 0.373500 0.02 0.02
6 0.400167 0.358000 0.02 0.02
6 0.393833 0.342250 0.02 0.02
6 0.387333 0.326500 0.02 0.02
6 0.380500 0.310500 0.02 0.02
6 0.374833 0.294750 0.02 0.02
6 0.368000 0.278000 0.02 0.02
6 0.361500 0.261000 0.02 0.02
6 0.355000 0.245000 0.02 0.02
6 0.348667 0.228750 0.02 0.02
6 0.342167 0.213000 0.02 0.02
6 0.335667 0.196750 0.02 0.02
6 0.329167 0.180750 0.02 0.02
6 0.323000 0.163250 0.02 0.02
6 0.316167 0.147750 0.02 0.02
6 0.310333 0.131250 0.02 0.02
6 0.303833 0.116000 0.02 0.02
6 0.297667 0.100000 0.02 0.02
6 0.291667 0.084250 0.02 0.02
