4 0.345167 0.454750 0.02 0.02
4 0.356667 0.455500 0.02 0.02
4 0.368000 0.456250 0.02 0.02
4 0.338833 0.470250 0.02 0.02
4 0.333167 0.485250 0.02 0.02
4 0.344500 0.485750 0.02 0.02
4 0.350833 0.470250 0.02 0.02
4 0.363000 0.470250 0.02 0.02
4 0.380167 0.457000 0.02 0.02
4 0.386500 0.471250 0.02 0.02
4 0.373833 0.471500 0.02 0.02
4 0.368833 0.486250 0.02 0.02
4 0.380667 0.486500 0.02 0.02
4 0.338667 0.501000 0.02 0.02
4 0.350333 0.501250 0.02 0.02
4 0.363167 0.502000 0.02 0.02
4 0.374500 0.502250 0.02 0.02
4 0.387333 0.502000 0.02 0.02
4 0.357000 0.517250 0.02 0.02
4 0.369167 0.517000 0.02 0.02
4 0.381500 0.517500 0.02 0.02
4 0.393167 0.517750 0.02 0.02
4 0.399167 0.503000 0.02 0.02
4 0.404500 0.487500 0.02 0.02
4 0.398833 0.471750 0.02 0.02
3 0.392833 0.609250 0.02 0.02
3 0.393167 0.638750 0.02 0.02
3 0.381500 0.638500 0.02 0.02
3 0.375000 0.652750 0.02 0.02
3 0.387000 0.653250 0.02 0.02
3 0.398833 0.654000 0.02 0.02
3 0.381333 0.668250 0.02 0.02
3 0.369000 0.667750 0.02 0.02
3 0.375500 0.683500 0.02 0.02
3 0.357000 0.668250 0.02 0.02
3 0.351333 0.683250 0.02 0.02
3 0.346167 0.667750 0.02 0.02
3 0.404667 0.668500 0.02 0.02
3 0.399500 0.682750 0.02 0.02
3 0.423167 0.684000 0.02 0.02
3 0.428500 0.699250 0.02 0.02
3 0.435167 0.684250 0.02 0.02
3 0.423167 0.713750 0.02 0.02
3 0.411333 0.714500 0.02 0.02
3 0.405167 0.729250 0.02 0.02
3 0.399333 0.744750 0.02 0.02
3 0.440833 0.729500 0.02 0.02
3 0.447167 0.714250 0.02 0.02
3 0.452833 0.698750 0.02 0.02
3 0.459167 0.683000 0.02 0.02
3 0.447000 0.684000 0.02 0.02
3 0.440833 0.669000 0.02 0.02
3 0.435333 0.654000 0.02 0.02
3 0.446667 0.653250 0.02 0.02
3 0.458500 0.653000 0.02 0.02
3 0.452833 0.638500 0.02 0.02
3 0.440500 0.637500 0.02 0.02
3 0.470833 0.653250 0.02 0.02
3 0.476667 0.639000 0.02 0.02
3 0.494167 0.653250 0.02 0.02
3 0.488000 0.667750 0.02 0.02
3 0.475833 0.668250 0.02 0.02
3 0.488667 0.698500 0.02 0.02
3 0.500000 0.697250 0.02 0.02
3 0.512667 0.699250 0.02 0.02
3 0.513000 0.668750 0.02 0.02
3 0.506333 0.713000 0.02 0.02
3 0.518167 0.713250 0.02 0.02
3 0.512000 0.728000 0.02 0.02
3 0.471167 0.743750 0.02 0.02
3 0.530833 0.713250 0.02 0.02
3 0.537667 0.699000 0.02 0.02
3 0.548833 0.698750 0.02 0.02
3 0.543000 0.683500 0.02 0.02
3 0.566833 0.713000 0.02 0.02
3 0.716333 0.728750 0.02 0.02
3 0.674500 0.714250 0.02 0.02
6 0.780500 0.773250 0.02 0.02
6 0.792833 0.772750 0.02 0.02
6 0.804333 0.772250 0.02 0.02
6 0.798667 0.758000 0.02 0.02
6 0.787000 0.758000 0.02 0.02
6 0.780833 0.742750 0.02 0.02
6 0.793333 0.743500 0.02 0.02
6 0.798667 0.786750 0.02 0.02
6 0.793667 0.802000 0.02 0.02
6 0.787167 0.817250 0.02 0.02
6 0.774500 0.816500 0.02 0.02
6 0.769167 0.802750 0.02 0.02
6 0.774667 0.787250 0.02 0.02
6 0.781167 0.803000 0.02 0.02
6 0.787167 0.787750 0.02 0.02
4 0.416833 0.487500 0.02 0.02
4 0.428667 0.488000 0.02 0.02
4 0.441500 0.488500 0.02 0.02
4 0.435000 0.503250 0.02 0.02
4 0.422833 0.503250 0.02 0.02
4 0.411167 0.502750 0.02 0.02
4 0.416833 0.519000 0.02 0.02
4 0.404667 0.518000 0.02 0.02
4 0.375500 0.532250 0.02 0.02
4 0.362833 0.532250 0.02 0.02
4 0.369167 0.547000 0.02 0.02
4 0.381333 0.548750 0.02 0.02
4 0.399000 0.532750 0.02 0.02
4 0.423167 0.534000 0.02 0.02
4 0.416667 0.548750 0.02 0.02
4 0.429167 0.549000 0.02 0.02
4 0.440667 0.549500 0.02 0.02
4 0.081333 0.304000 0.02 0.02
4 0.075000 0.319000 0.02 0.02
4 0.088500 0.320750 0.02 0.02
4 0.100167 0.322250 0.02 0.02
4 0.144833 0.371500 0.02 0.02
4 0.156667 0.372250 0.02 0.02
4 0.168500 0.371500 0.02 0.02
4 0.175167 0.386750 0.02 0.02
4 0.162333 0.388500 0.02 0.02
4 0.150167 0.387250 0.02 0.02
4 0.137667 0.388000 0.02 0.02
