1 0.391000 0.501500 0.02 0.02
1 0.409167 0.486500 0.02 0.02
1 0.409000 0.518500 0.02 0.02
1 0.433833 0.488000 0.02 0.02
1 0.433833 0.519750 0.02 0.02
1 0.421167 0.518750 0.02 0.02
1 0.390333 0.533500 0.02 0.02
1 0.402833 0.535250 0.02 0.02
1 0.452667 0.503000 0.02 0.02
1 0.391000 0.470500 0.02 0.02
1 0.481167 0.642750 0.02 0.02
1 0.456333 0.671750 0.02 0.02
0 0.499500 0.658000 0.02 0.02
0 0.523167 0.720250 0.02 0.02
0 0.449500 0.747500 0.02 0.02
0 0.413000 0.717000 0.02 0.02
3 0.493500 0.672750 0.02 0.02
3 0.401667 0.686250 0.02 0.02
3 0.419667 0.700750 0.02 0.02
2 0.467667 0.764500 0.02 0.02
3 0.480667 0.703500 0.02 0.02
1 0.597500 0.691750 0.02 0.02
3 0.634333 0.662500 0.02 0.02
3 0.627000 0.739000 0.02 0.02
3 0.645500 0.692500 0.02 0.02
0 0.578500 0.736750 0.02 0.02
3 0.267833 0.403000 0.02 0.02
3 0.281000 0.403000 0.02 0.02
1 0.293000 0.402750 0.02 0.02
4 0.281000 0.338250 0.02 0.02
4 0.275000 0.322250 0.02 0.02
4 0.261833 0.287750 0.02 0.02
4 0.224000 0.417500 0.02 0.02
3 0.348167 0.323750 0.02 0.02
2 0.305500 0.404000 0.02 0.02
2 0.254667 0.403000 0.02 0.02
2 0.217667 0.400750 0.02 0.02
2 0.200167 0.318250 0.02 0.02
2 0.323500 0.322500 0.02 0.02
1 0.112667 0.249500 0.02 0.02
4 0.092333 0.230500 0.02 0.02
4 0.117833 0.197750 0.02 0.02
4 0.129833 0.166750 0.02 0.02
4 0.021000 0.240750 0.02 0.02
4 0.056167 0.294500 0.02 0.02
3 0.075500 0.281000 0.02 0.02
3 0.069000 0.296500 0.02 0.02
1 0.057333 0.328250 0.02 0.02
1 0.076833 0.313500 0.02 0.02
2 0.082167 0.330250 0.02 0.02
3 0.043667 0.360000 0.02 0.02
1 0.095000 0.266000 0.02 0.02
1 0.099833 0.248500 0.02 0.02
1 0.187000 0.184750 0.02 0.02
1 0.168667 0.201000 0.02 0.02
3 0.187000 0.185000 0.02 0.02
3 0.205667 0.168500 0.02 0.02
1 0.211500 0.185500 0.02 0.02
3 0.149667 0.216000 0.02 0.02
2 0.143333 0.235000 0.02 0.02
2 0.161667 0.252250 0.02 0.02
3 0.143333 0.199250 0.02 0.02
3 0.155833 0.166000 0.02 0.02
0 0.388333 0.715750 0.02 0.02
0 0.383000 0.700000 0.02 0.02
1 0.443833 0.702250 0.02 0.02
0 0.381500 0.763250 0.02 0.02
0 0.412500 0.747500 0.02 0.02
0 0.555000 0.675750 0.02 0.02
4 0.758333 0.604000 0.02 0.02
3 0.917333 0.527750 0.02 0.02
3 0.949833 0.512250 0.02 0.02
3 0.924333 0.511750 0.02 0.02
3 0.953167 0.448250 0.02 0.02
3 0.927000 0.417000 0.02 0.02
3 0.907500 0.401250 0.02 0.02
4 0.942167 0.415500 0.02 0.02
4 0.867000 0.285500 0.02 0.02
3 0.859667 0.303250 0.02 0.02
3 0.853000 0.319750 0.02 0.02
3 0.845333 0.336250 0.02 0.02
1 0.839667 0.352250 0.02 0.02
1 0.832833 0.368000 0.02 0.02
2 0.826167 0.384000 0.02 0.02
2 0.819500 0.400250 0.02 0.02
2 0.812500 0.416750 0.02 0.02
1 0.806333 0.432000 0.02 0.02
2 0.799167 0.448750 0.02 0.02
2 0.793500 0.465000 0.02 0.02
2 0.785667 0.480750 0.02 0.02
3 0.780000 0.496000 0.02 0.02
4 0.811667 0.480000 0.02 0.02
3 0.838667 0.384250 0.02 0.02
3 0.852000 0.384250 0.02 0.02
1 0.864500 0.385250 0.02 0.02
3 0.875667 0.386500 0.02 0.02
3 0.888667 0.385500 0.02 0.02
