6 0.185833 0.479500 0.02 0.02
6 0.197000 0.480000 0.02 0.02
6 0.191167 0.464500 0.02 0.02
6 0.203500 0.465250 0.02 0.02
6 0.209167 0.480000 0.02 0.02
6 0.215000 0.466000 0.02 0.02
6 0.221333 0.481500 0.02 0.02
6 0.227000 0.466250 0.02 0.02
6 0.239333 0.467250 0.02 0.02
6 0.233167 0.482000 0.02 0.02
6 0.245333 0.483000 0.02 0.02
6 0.251000 0.467750 0.02 0.02
6 0.263000 0.468250 0.02 0.02
6 0.256833 0.452750 0.02 0.02
6 0.269000 0.454000 0.02 0.02
6 0.358500 0.471250 0.02 0.02
6 0.370000 0.472000 0.02 0.02
6 0.382333 0.472500 0.02 0.02
6 0.394000 0.472750 0.02 0.02
6 0.405500 0.473250 0.02 0.02
6 0.417833 0.472750 0.02 0.02
6 0.429333 0.472500 0.02 0.02
6 0.441833 0.473750 0.02 0.02
6 0.453500 0.474000 0.02 0.02
6 0.465833 0.474750 0.02 0.02
6 0.477500 0.474500 0.02 0.02
6 0.488667 0.474250 0.02 0.02
