6 0.534167 0.075000 0.02 0.02
6 0.528667 0.093750 0.02 0.02
6 0.522167 0.111250 0.02 0.02
6 0.516167 0.127500 0.02 0.02
6 0.510667 0.144750 0.02 0.02
6 0.505333 0.160500 0.02 0.02
6 0.498833 0.178000 0.02 0.02
6 0.493667 0.194750 0.02 0.02
6 0.512000 0.244750 0.02 0.02
6 0.518500 0.261000 0.02 0.02
6 0.525333 0.278250 0.02 0.02
6 0.531667 0.294000 0.02 0.02
6 0.537833 0.311000 0.02 0.02
6 0.544333 0.327250 0.02 0.02
6 0.550833 0.343000 0.02 0.02
6 0.556833 0.357750 0.02 0.02
6 0.563000 0.375250 0.02 0.02
6 0.569167 0.390500 0.02 0.02
6 0.574833 0.405750 0.02 0.02
6 0.581667 0.423000 0.02 0.02
6 0.587833 0.438250 0.02 0.02
6 0.594167 0.453000 0.02 0.02
