4 0.330167 0.586500 0.02 0.02
3 0.341000 0.586250 0.02 0.02
3 0.318833 0.585500 0.02 0.02
3 0.308000 0.586000 0.02 0.02
3 0.313167 0.573000 0.02 0.02
3 0.308167 0.558250 0.02 0.02
3 0.302333 0.543000 0.02 0.02
3 0.324167 0.543250 0.02 0.02
3 0.302667 0.599000 0.02 0.02
3 0.313500 0.600000 0.02 0.02
3 0.324833 0.599750 0.02 0.02
3 0.335833 0.600000 0.02 0.02
3 0.297167 0.613750 0.02 0.02
3 0.308500 0.613500 0.02 0.02
3 0.313833 0.627750 0.02 0.02
3 0.324833 0.628500 0.02 0.02
2 0.352167 0.587250 0.02 0.02
2 0.357000 0.572750 0.02 0.02
2 0.346333 0.572750 0.02 0.02
2 0.351833 0.559250 0.02 0.02
2 0.385000 0.560000 0.02 0.02
2 0.396500 0.559500 0.02 0.02
2 0.401500 0.545750 0.02 0.02
2 0.406333 0.531250 0.02 0.02
2 0.412333 0.518250 0.02 0.02
2 0.418000 0.504250 0.02 0.02
2 0.422667 0.489750 0.02 0.02
2 0.428833 0.475250 0.02 0.02
2 0.434333 0.461000 0.02 0.02
0 0.318167 0.388000 0.02 0.02
0 0.312667 0.402000 0.02 0.02
0 0.324000 0.401250 0.02 0.02
0 0.324000 0.432000 0.02 0.02
6 0.792333 0.672500 0.02 0.02
6 0.803333 0.672750 0.02 0.02
6 0.814500 0.672000 0.02 0.02
6 0.825667 0.671750 0.02 0.02
6 0.814833 0.700000 0.02 0.02
6 0.792667 0.701000 0.02 0.02
6 0.770333 0.700500 0.02 0.02
6 0.831667 0.714250 0.02 0.02
6 0.843833 0.714750 0.02 0.02
6 0.815333 0.728500 0.02 0.02
6 0.831667 0.741750 0.02 0.02
6 0.842833 0.686000 0.02 0.02
3 0.720500 0.658500 0.02 0.02
3 0.715000 0.646000 0.02 0.02
3 0.715667 0.617500 0.02 0.02
3 0.704167 0.617750 0.02 0.02
3 0.677000 0.603500 0.02 0.02
3 0.672167 0.589750 0.02 0.02
3 0.682667 0.562000 0.02 0.02
3 0.688167 0.548000 0.02 0.02
4 0.686333 0.239750 0.02 0.02
4 0.674500 0.237500 0.02 0.02
4 0.663667 0.237500 0.02 0.02
4 0.720000 0.240500 0.02 0.02
4 0.725333 0.226000 0.02 0.02
4 0.714333 0.255000 0.02 0.02
4 0.724500 0.256750 0.02 0.02
4 0.735667 0.257500 0.02 0.02
4 0.746667 0.255750 0.02 0.02
4 0.751667 0.270500 0.02 0.02
4 0.746500 0.286750 0.02 0.02
4 0.740500 0.271250 0.02 0.02
4 0.741500 0.241000 0.02 0.02
4 0.752667 0.241000 0.02 0.02
6 0.746667 0.226500 0.02 0.02
6 0.741167 0.210500 0.02 0.02
6 0.752167 0.208000 0.02 0.02
6 0.730500 0.211000 0.02 0.02
6 0.853167 0.241750 0.02 0.02
