2 0.646833 0.429500 0.02 0.02
2 0.657333 0.430000 0.02 0.02
2 0.667667 0.430000 0.02 0.02
2 0.679000 0.429000 0.02 0.02
2 0.690000 0.430000 0.02 0.02
2 0.652000 0.444000 0.02 0.02
2 0.662333 0.443750 0.02 0.02
2 0.673667 0.444000 0.02 0.02
2 0.684333 0.443750 0.02 0.02
2 0.668167 0.456750 0.02 0.02
2 0.663667 0.471000 0.02 0.02
2 0.657667 0.484750 0.02 0.02
2 0.663000 0.498500 0.02 0.02
4 0.647000 0.401000 0.02 0.02
4 0.641500 0.386750 0.02 0.02
4 0.630167 0.386750 0.02 0.02
4 0.624000 0.372750 0.02 0.02
4 0.619167 0.357250 0.02 0.02
4 0.613000 0.343000 0.02 0.02
4 0.624667 0.343250 0.02 0.02
4 0.630000 0.358250 0.02 0.02
4 0.608500 0.356250 0.02 0.02
4 0.602833 0.342500 0.02 0.02
4 0.596833 0.356500 0.02 0.02
4 0.585500 0.355250 0.02 0.02
4 0.591667 0.342250 0.02 0.02
4 0.580000 0.341250 0.02 0.02
3 0.569167 0.340500 0.02 0.02
3 0.558167 0.339750 0.02 0.02
3 0.563167 0.354250 0.02 0.02
3 0.557833 0.368750 0.02 0.02
3 0.552167 0.382750 0.02 0.02
3 0.547167 0.368500 0.02 0.02
3 0.541667 0.354500 0.02 0.02
3 0.536833 0.341000 0.02 0.02
3 0.531333 0.326750 0.02 0.02
3 0.536667 0.313500 0.02 0.02
4 0.526167 0.312750 0.02 0.02
4 0.531500 0.299000 0.02 0.02
4 0.520000 0.298500 0.02 0.02
3 0.537667 0.286000 0.02 0.02
6 0.296667 0.610750 0.02 0.02
6 0.280333 0.624500 0.02 0.02
6 0.275000 0.609500 0.02 0.02
6 0.264500 0.609500 0.02 0.02
6 0.259167 0.623500 0.02 0.02
6 0.253667 0.637250 0.02 0.02
6 0.248333 0.623750 0.02 0.02
6 0.243167 0.609000 0.02 0.02
6 0.237833 0.595500 0.02 0.02
6 0.232333 0.580250 0.02 0.02
6 0.227000 0.567250 0.02 0.02
4 0.340167 0.641500 0.02 0.02
4 0.323500 0.625500 0.02 0.02
4 0.345000 0.626250 0.02 0.02
4 0.351167 0.613250 0.02 0.02
3 0.479167 0.562000 0.02 0.02
3 0.484833 0.576500 0.02 0.02
3 0.506667 0.603500 0.02 0.02
3 0.517333 0.604750 0.02 0.02
3 0.464000 0.494000 0.02 0.02
3 0.458833 0.480000 0.02 0.02
3 0.453167 0.465750 0.02 0.02
3 0.448333 0.452000 0.02 0.02
