1 0.243667 0.384750 0.02 0.02
1 0.243333 0.355250 0.02 0.02
1 0.317833 0.398750 0.02 0.02
1 0.300000 0.354750 0.02 0.02
1 0.272500 0.340750 0.02 0.02
1 0.232167 0.472500 0.02 0.02
1 0.226833 0.486250 0.02 0.02
1 0.220667 0.500000 0.02 0.02
1 0.220333 0.472250 0.02 0.02
1 0.214667 0.457750 0.02 0.02
1 0.208167 0.443750 0.02 0.02
1 0.218667 0.444000 0.02 0.02
1 0.226167 0.457500 0.02 0.02
1 0.238167 0.486750 0.02 0.02
3 0.203667 0.486250 0.02 0.02
3 0.197833 0.472000 0.02 0.02
3 0.181167 0.485000 0.02 0.02
3 0.174833 0.471750 0.02 0.02
3 0.169000 0.457250 0.02 0.02
3 0.163667 0.472000 0.02 0.02
3 0.158167 0.456250 0.02 0.02
3 0.146333 0.456750 0.02 0.02
3 0.140833 0.470000 0.02 0.02
3 0.151333 0.471750 0.02 0.02
3 0.145667 0.485250 0.02 0.02
3 0.135000 0.484750 0.02 0.02
3 0.152000 0.500250 0.02 0.02
3 0.157833 0.514000 0.02 0.02
3 0.146000 0.514500 0.02 0.02
3 0.181500 0.514500 0.02 0.02
3 0.186833 0.500500 0.02 0.02
3 0.198167 0.501000 0.02 0.02
4 0.099500 0.542750 0.02 0.02
4 0.118333 0.614500 0.02 0.02
6 0.101000 0.570250 0.02 0.02
6 0.088667 0.570500 0.02 0.02
6 0.095167 0.613500 0.02 0.02
6 0.135833 0.628750 0.02 0.02
6 0.124333 0.628750 0.02 0.02
6 0.129167 0.615000 0.02 0.02
6 0.140333 0.615750 0.02 0.02
4 0.469000 0.281250 0.02 0.02
4 0.474000 0.297000 0.02 0.02
4 0.503000 0.310250 0.02 0.02
4 0.490833 0.341250 0.02 0.02
4 0.451667 0.326500 0.02 0.02
4 0.468333 0.312750 0.02 0.02
4 0.445333 0.311500 0.02 0.02
4 0.457167 0.340750 0.02 0.02
4 0.463167 0.358000 0.02 0.02
4 0.473667 0.357500 0.02 0.02
