3 0.468000 0.569250 0.02 0.02
3 0.478500 0.569500 0.02 0.02
3 0.456667 0.568500 0.02 0.02
3 0.450833 0.555250 0.02 0.02
3 0.445167 0.541750 0.02 0.02
3 0.456167 0.541250 0.02 0.02
3 0.461833 0.528000 0.02 0.02
3 0.450000 0.498750 0.02 0.02
3 0.455333 0.485000 0.02 0.02
3 0.455667 0.424750 0.02 0.02
3 0.433167 0.396500 0.02 0.02
3 0.427333 0.381500 0.02 0.02
3 0.427500 0.410250 0.02 0.02
3 0.422000 0.424500 0.02 0.02
3 0.410167 0.424000 0.02 0.02
4 0.399333 0.366250 0.02 0.02
4 0.439833 0.380750 0.02 0.02
4 0.450000 0.381000 0.02 0.02
4 0.456167 0.366500 0.02 0.02
4 0.467667 0.366000 0.02 0.02
4 0.479833 0.365500 0.02 0.02
4 0.491333 0.367750 0.02 0.02
4 0.462167 0.381250 0.02 0.02
4 0.473000 0.379750 0.02 0.02
4 0.484500 0.381500 0.02 0.02
4 0.445000 0.396250 0.02 0.02
4 0.455833 0.395000 0.02 0.02
4 0.467667 0.396000 0.02 0.02
4 0.478333 0.395750 0.02 0.02
4 0.489667 0.396000 0.02 0.02
4 0.495833 0.382250 0.02 0.02
4 0.439167 0.410250 0.02 0.02
4 0.450000 0.410250 0.02 0.02
4 0.461833 0.410250 0.02 0.02
4 0.473000 0.410000 0.02 0.02
4 0.484333 0.410000 0.02 0.02
6 0.594000 0.542000 0.02 0.02
6 0.599333 0.555500 0.02 0.02
6 0.605000 0.569250 0.02 0.02
6 0.611333 0.584000 0.02 0.02
6 0.617000 0.598000 0.02 0.02
6 0.622333 0.612000 0.02 0.02
6 0.633667 0.641500 0.02 0.02
6 0.639333 0.655750 0.02 0.02
6 0.644500 0.671000 0.02 0.02
6 0.650500 0.685750 0.02 0.02
6 0.655833 0.700250 0.02 0.02
6 0.672500 0.712750 0.02 0.02
6 0.667167 0.700500 0.02 0.02
6 0.661833 0.685750 0.02 0.02
6 0.656167 0.670750 0.02 0.02
6 0.650333 0.656000 0.02 0.02
3 0.628167 0.628000 0.02 0.02
3 0.587667 0.526000 0.02 0.02
3 0.581833 0.540750 0.02 0.02
3 0.582167 0.512000 0.02 0.02
3 0.616667 0.483750 0.02 0.02
3 0.628500 0.454000 0.02 0.02
3 0.669167 0.409750 0.02 0.02
3 0.686167 0.394000 0.02 0.02
3 0.674667 0.365250 0.02 0.02
3 0.715167 0.351250 0.02 0.02
3 0.755167 0.364750 0.02 0.02
3 0.777667 0.364250 0.02 0.02
3 0.760333 0.377750 0.02 0.02
3 0.765667 0.421250 0.02 0.02
3 0.770833 0.435750 0.02 0.02
