0 0.427000 0.383500 0.02 0.02
0 0.420167 0.367250 0.02 0.02
2 0.401667 0.351250 0.02 0.02
2 0.408167 0.334500 0.02 0.02
2 0.452167 0.351500 0.02 0.02
2 0.439667 0.319000 0.02 0.02
1 0.452667 0.318500 0.02 0.02
0 0.383000 0.365500 0.02 0.02
0 0.463833 0.414000 0.02 0.02
0 0.358333 0.395250 0.02 0.02
2 0.382333 0.396250 0.02 0.02
1 0.389667 0.284750 0.02 0.02
1 0.270500 0.360750 0.02 0.02
3 0.189000 0.277000 0.02 0.02
3 0.181667 0.258500 0.02 0.02
4 0.169000 0.256750 0.02 0.02
4 0.143667 0.256250 0.02 0.02
3 0.149833 0.239750 0.02 0.02
4 0.157000 0.221500 0.02 0.02
1 0.196333 0.294250 0.02 0.02
1 0.203333 0.309500 0.02 0.02
2 0.220333 0.328500 0.02 0.02
1 0.196333 0.326000 0.02 0.02
3 0.190500 0.342250 0.02 0.02
1 0.171667 0.356250 0.02 0.02
3 0.159167 0.355000 0.02 0.02
3 0.152500 0.400500 0.02 0.02
1 0.159167 0.417750 0.02 0.02
1 0.196000 0.418250 0.02 0.02
2 0.208500 0.419000 0.02 0.02
3 0.145333 0.415750 0.02 0.02
3 0.133000 0.415250 0.02 0.02
4 0.119667 0.414750 0.02 0.02
4 0.107167 0.412000 0.02 0.02
4 0.093500 0.410000 0.02 0.02
4 0.079167 0.408500 0.02 0.02
4 0.066167 0.408250 0.02 0.02
3 0.430333 0.582000 0.02 0.02
3 0.392667 0.611000 0.02 0.02
3 0.379167 0.669250 0.02 0.02
3 0.367167 0.668250 0.02 0.02
3 0.354333 0.668000 0.02 0.02
3 0.360333 0.683250 0.02 0.02
3 0.360833 0.653250 0.02 0.02
1 0.379000 0.699250 0.02 0.02
1 0.390833 0.698750 0.02 0.02
1 0.403833 0.699500 0.02 0.02
1 0.404333 0.670500 0.02 0.02
3 0.384833 0.715000 0.02 0.02
3 0.360333 0.712750 0.02 0.02
1 0.356167 0.578750 0.02 0.02
1 0.362667 0.564000 0.02 0.02
1 0.375500 0.534000 0.02 0.02
2 0.381167 0.520500 0.02 0.02
2 0.387333 0.505250 0.02 0.02
2 0.394667 0.490500 0.02 0.02
2 0.400833 0.476000 0.02 0.02
