3 0.747667 0.260500 0.02 0.02
3 0.782833 0.260000 0.02 0.02
3 0.796167 0.259250 0.02 0.02
3 0.807000 0.258750 0.02 0.02
3 0.699500 0.261500 0.02 0.02
3 0.705333 0.275750 0.02 0.02
3 0.716833 0.275250 0.02 0.02
3 0.723000 0.291500 0.02 0.02
3 0.728167 0.306500 0.02 0.02
3 0.614333 0.262750 0.02 0.02
6 0.802333 0.153250 0.02 0.02
6 0.826333 0.183500 0.02 0.02
6 0.821167 0.200000 0.02 0.02
6 0.814667 0.213500 0.02 0.02
6 0.819667 0.229750 0.02 0.02
6 0.831667 0.229250 0.02 0.02
6 0.825833 0.245000 0.02 0.02
6 0.796167 0.200000 0.02 0.02
6 0.784333 0.199500 0.02 0.02
6 0.785000 0.168500 0.02 0.02
