1 0.263167 0.473750 0.02 0.02
1 0.256833 0.488500 0.02 0.02
1 0.245000 0.488250 0.02 0.02
1 0.239167 0.473750 0.02 0.02
1 0.233000 0.458000 0.02 0.02
1 0.226833 0.442000 0.02 0.02
1 0.214667 0.442500 0.02 0.02
1 0.208000 0.457750 0.02 0.02
1 0.214667 0.473500 0.02 0.02
1 0.226833 0.473750 0.02 0.02
1 0.189333 0.348000 0.02 0.02
1 0.214000 0.347500 0.02 0.02
1 0.208000 0.363000 0.02 0.02
1 0.196167 0.363500 0.02 0.02
1 0.189000 0.379500 0.02 0.02
1 0.207833 0.331250 0.02 0.02
1 0.201500 0.315750 0.02 0.02
1 0.189000 0.315250 0.02 0.02
3 0.189667 0.283500 0.02 0.02
3 0.146500 0.330750 0.02 0.02
3 0.201333 0.216000 0.02 0.02
3 0.237333 0.214500 0.02 0.02
3 0.249500 0.214750 0.02 0.02
3 0.262333 0.215000 0.02 0.02
3 0.275500 0.215500 0.02 0.02
3 0.287167 0.216250 0.02 0.02
3 0.299833 0.216500 0.02 0.02
3 0.312000 0.216750 0.02 0.02
3 0.324000 0.217500 0.02 0.02
3 0.273333 0.179250 0.02 0.02
3 0.286333 0.179750 0.02 0.02
3 0.305333 0.198750 0.02 0.02
3 0.293000 0.198000 0.02 0.02
3 0.280500 0.198250 0.02 0.02
3 0.268000 0.196500 0.02 0.02
3 0.254833 0.196500 0.02 0.02
3 0.269000 0.233250 0.02 0.02
1 0.275667 0.250250 0.02 0.02
1 0.281500 0.266500 0.02 0.02
1 0.287667 0.283250 0.02 0.02
1 0.293333 0.300000 0.02 0.02
1 0.269500 0.266750 0.02 0.02
1 0.287667 0.251000 0.02 0.02
1 0.293500 0.234500 0.02 0.02
2 0.300000 0.283750 0.02 0.02
2 0.311333 0.283750 0.02 0.02
2 0.323167 0.283750 0.02 0.02
2 0.336167 0.285500 0.02 0.02
2 0.330000 0.268250 0.02 0.02
2 0.317833 0.267500 0.02 0.02
2 0.305167 0.267250 0.02 0.02
2 0.312000 0.251500 0.02 0.02
2 0.323000 0.251750 0.02 0.02
2 0.335667 0.250250 0.02 0.02
2 0.330167 0.234500 0.02 0.02
2 0.318500 0.235250 0.02 0.02
1 0.354333 0.268250 0.02 0.02
1 0.384500 0.284250 0.02 0.02
1 0.397000 0.252750 0.02 0.02
1 0.427500 0.237250 0.02 0.02
1 0.433667 0.222000 0.02 0.02
1 0.421167 0.221750 0.02 0.02
4 0.253333 0.159250 0.02 0.02
4 0.266167 0.158250 0.02 0.02
4 0.278833 0.159250 0.02 0.02
4 0.285500 0.143750 0.02 0.02
4 0.271833 0.143000 0.02 0.02
4 0.259833 0.141750 0.02 0.02
4 0.199667 0.179500 0.02 0.02
4 0.186667 0.178250 0.02 0.02
4 0.174667 0.178250 0.02 0.02
4 0.161833 0.177000 0.02 0.02
4 0.150167 0.176250 0.02 0.02
4 0.136833 0.176500 0.02 0.02
2 0.102500 0.282000 0.02 0.02
2 0.114500 0.283000 0.02 0.02
2 0.108333 0.266750 0.02 0.02
2 0.120167 0.266750 0.02 0.02
2 0.126833 0.250750 0.02 0.02
2 0.139500 0.249000 0.02 0.02
2 0.133167 0.266000 0.02 0.02
2 0.145667 0.264500 0.02 0.02
2 0.152000 0.249500 0.02 0.02
2 0.164333 0.249500 0.02 0.02
2 0.176333 0.250000 0.02 0.02
3 0.726667 0.252250 0.02 0.02
3 0.738833 0.251750 0.02 0.02
3 0.751833 0.251000 0.02 0.02
3 0.764000 0.250500 0.02 0.02
3 0.775667 0.251000 0.02 0.02
3 0.787500 0.250500 0.02 0.02
3 0.800000 0.251750 0.02 0.02
3 0.812167 0.251250 0.02 0.02
3 0.823833 0.250500 0.02 0.02
3 0.837000 0.251500 0.02 0.02
3 0.849833 0.251250 0.02 0.02
3 0.746333 0.200250 0.02 0.02
3 0.739333 0.218250 0.02 0.02
3 0.732500 0.236250 0.02 0.02
4 0.846000 0.163250 0.02 0.02
4 0.858500 0.164000 0.02 0.02
4 0.871000 0.164250 0.02 0.02
4 0.834667 0.162000 0.02 0.02
4 0.864000 0.181000 0.02 0.02
4 0.852167 0.179250 0.02 0.02
4 0.858167 0.196500 0.02 0.02
4 0.875833 0.182000 0.02 0.02
4 0.870000 0.198500 0.02 0.02
4 0.845833 0.196750 0.02 0.02
4 0.839667 0.178250 0.02 0.02
4 0.445833 0.381750 0.02 0.02
4 0.525667 0.398250 0.02 0.02
4 0.512500 0.430000 0.02 0.02
1 0.598833 0.366500 0.02 0.02
1 0.605333 0.382500 0.02 0.02
1 0.671833 0.302250 0.02 0.02
1 0.684333 0.302000 0.02 0.02
2 0.317667 0.363750 0.02 0.02
2 0.329333 0.363250 0.02 0.02
2 0.341667 0.362750 0.02 0.02
2 0.354000 0.364250 0.02 0.02
2 0.366000 0.363250 0.02 0.02
2 0.377833 0.363500 0.02 0.02
2 0.390333 0.363500 0.02 0.02
2 0.402667 0.364000 0.02 0.02
2 0.415000 0.364500 0.02 0.02
2 0.427333 0.365000 0.02 0.02
