0 0.455000 0.581000 0.02 0.02
0 0.466167 0.582500 0.02 0.02
0 0.449000 0.596000 0.02 0.02
0 0.466000 0.611000 0.02 0.02
0 0.449500 0.538500 0.02 0.02
0 0.510500 0.583500 0.02 0.02
0 0.521833 0.584000 0.02 0.02
0 0.533167 0.583750 0.02 0.02
0 0.527167 0.598000 0.02 0.02
0 0.516000 0.598000 0.02 0.02
0 0.504667 0.598500 0.02 0.02
0 0.500000 0.582250 0.02 0.02
0 0.493833 0.597750 0.02 0.02
1 0.494333 0.540250 0.02 0.02
2 0.489000 0.525750 0.02 0.02
2 0.500333 0.526000 0.02 0.02
2 0.506333 0.511500 0.02 0.02
2 0.517167 0.511000 0.02 0.02
2 0.522833 0.525500 0.02 0.02
2 0.489333 0.496750 0.02 0.02
2 0.501167 0.468000 0.02 0.02
2 0.512167 0.468000 0.02 0.02
2 0.524167 0.468500 0.02 0.02
2 0.518000 0.482750 0.02 0.02
2 0.528500 0.483000 0.02 0.02
2 0.540167 0.483250 0.02 0.02
2 0.535000 0.468500 0.02 0.02
2 0.546667 0.468250 0.02 0.02
2 0.551667 0.484250 0.02 0.02
2 0.557333 0.470500 0.02 0.02
2 0.562833 0.483500 0.02 0.02
2 0.574500 0.485000 0.02 0.02
1 0.477833 0.497250 0.02 0.02
1 0.456167 0.468000 0.02 0.02
1 0.479333 0.467500 0.02 0.02
1 0.445333 0.439000 0.02 0.02
1 0.695833 0.655500 0.02 0.02
1 0.707167 0.656000 0.02 0.02
1 0.718333 0.656000 0.02 0.02
1 0.724333 0.642000 0.02 0.02
1 0.701333 0.642250 0.02 0.02
1 0.690667 0.640750 0.02 0.02
1 0.696667 0.627250 0.02 0.02
1 0.707333 0.627500 0.02 0.02
3 0.718000 0.684250 0.02 0.02
3 0.746167 0.701000 0.02 0.02
3 0.813500 0.699000 0.02 0.02
3 0.847500 0.668750 0.02 0.02
6 0.836500 0.641500 0.02 0.02
6 0.830833 0.655500 0.02 0.02
6 0.819167 0.656000 0.02 0.02
6 0.825000 0.669500 0.02 0.02
6 0.836500 0.668750 0.02 0.02
4 0.814000 0.670000 0.02 0.02
6 0.853500 0.655000 0.02 0.02
6 0.854167 0.683750 0.02 0.02
6 0.865167 0.682750 0.02 0.02
6 0.872333 0.696250 0.02 0.02
6 0.848500 0.698500 0.02 0.02
3 0.872167 0.583500 0.02 0.02
4 0.860333 0.583750 0.02 0.02
4 0.866500 0.568500 0.02 0.02
4 0.872167 0.554000 0.02 0.02
4 0.884333 0.554500 0.02 0.02
4 0.877833 0.568250 0.02 0.02
4 0.837333 0.584000 0.02 0.02
4 0.884833 0.524750 0.02 0.02
4 0.879333 0.511500 0.02 0.02
4 0.879500 0.482250 0.02 0.02
6 0.874000 0.497250 0.02 0.02
6 0.878833 0.539750 0.02 0.02
4 0.893167 0.397250 0.02 0.02
3 0.886667 0.383500 0.02 0.02
3 0.869833 0.340500 0.02 0.02
4 0.882833 0.340750 0.02 0.02
4 0.889667 0.326000 0.02 0.02
4 0.896667 0.310250 0.02 0.02
6 0.907833 0.310250 0.02 0.02
6 0.883500 0.310750 0.02 0.02
6 0.871500 0.311500 0.02 0.02
6 0.859333 0.311750 0.02 0.02
6 0.865833 0.297750 0.02 0.02
4 0.877833 0.296000 0.02 0.02
