0 0.558000 0.446000 0.02 0.02
0 0.580333 0.445250 0.02 0.02
0 0.580500 0.503500 0.02 0.02
0 0.535000 0.530500 0.02 0.02
0 0.507000 0.515500 0.02 0.02
0 0.490333 0.500500 0.02 0.02
0 0.485000 0.486750 0.02 0.02
0 0.479167 0.472500 0.02 0.02
0 0.479333 0.500500 0.02 0.02
0 0.484833 0.515500 0.02 0.02
0 0.495667 0.515500 0.02 0.02
0 0.501167 0.529000 0.02 0.02
0 0.467833 0.500500 0.02 0.02
0 0.456500 0.499750 0.02 0.02
0 0.446167 0.500500 0.02 0.02
0 0.451333 0.486250 0.02 0.02
0 0.456667 0.471750 0.02 0.02
0 0.462667 0.458000 0.02 0.02
0 0.473667 0.458250 0.02 0.02
0 0.457000 0.443250 0.02 0.02
0 0.451167 0.429250 0.02 0.02
0 0.462833 0.429000 0.02 0.02
0 0.474167 0.429500 0.02 0.02
0 0.356500 0.470000 0.02 0.02
0 0.323167 0.469000 0.02 0.02
0 0.317333 0.454000 0.02 0.02
0 0.328500 0.482750 0.02 0.02
0 0.322833 0.497250 0.02 0.02
0 0.317500 0.511250 0.02 0.02
0 0.311833 0.524750 0.02 0.02
0 0.306333 0.538500 0.02 0.02
0 0.306167 0.511000 0.02 0.02
0 0.300333 0.496250 0.02 0.02
0 0.300333 0.468250 0.02 0.02
0 0.294833 0.510500 0.02 0.02
0 0.283833 0.509250 0.02 0.02
0 0.278167 0.522750 0.02 0.02
3 0.272667 0.537000 0.02 0.02
3 0.261333 0.536250 0.02 0.02
3 0.278000 0.551500 0.02 0.02
3 0.289333 0.552750 0.02 0.02
3 0.283667 0.565500 0.02 0.02
3 0.289167 0.580000 0.02 0.02
2 0.244500 0.550000 0.02 0.02
3 0.261333 0.508500 0.02 0.02
3 0.244667 0.493750 0.02 0.02
4 0.222167 0.493500 0.02 0.02
2 0.205833 0.506500 0.02 0.02
2 0.200333 0.519750 0.02 0.02
2 0.189167 0.519250 0.02 0.02
2 0.178500 0.518750 0.02 0.02
2 0.167333 0.517750 0.02 0.02
2 0.155667 0.517750 0.02 0.02
2 0.161500 0.503750 0.02 0.02
2 0.172167 0.504250 0.02 0.02
2 0.183167 0.504750 0.02 0.02
2 0.155500 0.488750 0.02 0.02
2 0.166333 0.489750 0.02 0.02
2 0.177333 0.490250 0.02 0.02
2 0.188500 0.491750 0.02 0.02
2 0.183333 0.476750 0.02 0.02
2 0.193167 0.478750 0.02 0.02
2 0.188833 0.463750 0.02 0.02
2 0.177667 0.462750 0.02 0.02
2 0.166500 0.462250 0.02 0.02
2 0.161000 0.475250 0.02 0.02
2 0.155333 0.461000 0.02 0.02
3 0.150500 0.473750 0.02 0.02
3 0.150000 0.447500 0.02 0.02
3 0.160833 0.447750 0.02 0.02
3 0.166333 0.434500 0.02 0.02
3 0.177667 0.435250 0.02 0.02
3 0.188833 0.435500 0.02 0.02
3 0.182833 0.422500 0.02 0.02
3 0.171833 0.421250 0.02 0.02
3 0.166500 0.407250 0.02 0.02
3 0.155167 0.406500 0.02 0.02
3 0.160333 0.393250 0.02 0.02
3 0.155167 0.379250 0.02 0.02
4 0.148167 0.392750 0.02 0.02
3 0.144167 0.379000 0.02 0.02
3 0.149500 0.364750 0.02 0.02
3 0.144000 0.348250 0.02 0.02
3 0.137833 0.333750 0.02 0.02
3 0.132500 0.318250 0.02 0.02
3 0.120667 0.317250 0.02 0.02
3 0.114500 0.302000 0.02 0.02
6 0.850500 0.633750 0.02 0.02
6 0.845500 0.648000 0.02 0.02
6 0.840500 0.662000 0.02 0.02
6 0.835167 0.676000 0.02 0.02
6 0.829333 0.689750 0.02 0.02
6 0.851833 0.661750 0.02 0.02
6 0.862500 0.661000 0.02 0.02
6 0.873167 0.660750 0.02 0.02
6 0.878500 0.673000 0.02 0.02
6 0.878833 0.647500 0.02 0.02
6 0.884000 0.633500 0.02 0.02
6 0.889500 0.620250 0.02 0.02
6 0.895000 0.605500 0.02 0.02
6 0.883167 0.605500 0.02 0.02
3 0.866833 0.618750 0.02 0.02
