6 0.060000 0.326250 0.02 0.02
6 0.067000 0.340750 0.02 0.02
6 0.072667 0.356750 0.02 0.02
6 0.066167 0.370500 0.02 0.02
6 0.071833 0.385750 0.02 0.02
6 0.078000 0.400000 0.02 0.02
6 0.083167 0.416250 0.02 0.02
6 0.089167 0.430500 0.02 0.02
6 0.077333 0.430000 0.02 0.02
6 0.071500 0.415250 0.02 0.02
6 0.066167 0.400000 0.02 0.02
6 0.084000 0.444500 0.02 0.02
6 0.089833 0.458500 0.02 0.02
6 0.096000 0.473500 0.02 0.02
6 0.083667 0.472000 0.02 0.02
6 0.089833 0.487000 0.02 0.02
6 0.096000 0.501000 0.02 0.02
6 0.102167 0.515500 0.02 0.02
6 0.089833 0.515250 0.02 0.02
6 0.077667 0.514000 0.02 0.02
6 0.083667 0.501250 0.02 0.02
6 0.084167 0.528000 0.02 0.02
6 0.078000 0.542000 0.02 0.02
6 0.095500 0.556500 0.02 0.02
6 0.084333 0.556500 0.02 0.02
6 0.089500 0.571500 0.02 0.02
6 0.084167 0.584250 0.02 0.02
6 0.078000 0.570250 0.02 0.02
6 0.101667 0.599250 0.02 0.02
6 0.113333 0.599250 0.02 0.02
6 0.089833 0.625750 0.02 0.02
6 0.101333 0.626500 0.02 0.02
3 0.108500 0.613750 0.02 0.02
3 0.114500 0.628250 0.02 0.02
3 0.096167 0.585750 0.02 0.02
3 0.138000 0.599750 0.02 0.02
3 0.143667 0.586000 0.02 0.02
3 0.154833 0.586750 0.02 0.02
3 0.166667 0.587000 0.02 0.02
3 0.171833 0.573000 0.02 0.02
3 0.183667 0.573750 0.02 0.02
3 0.178333 0.559750 0.02 0.02
3 0.189167 0.560000 0.02 0.02
3 0.166000 0.558250 0.02 0.02
3 0.160500 0.572250 0.02 0.02
3 0.149833 0.572500 0.02 0.02
3 0.155333 0.558250 0.02 0.02
3 0.144000 0.557750 0.02 0.02
4 0.211500 0.533250 0.02 0.02
4 0.223333 0.533000 0.02 0.02
4 0.212833 0.562250 0.02 0.02
4 0.200167 0.561250 0.02 0.02
4 0.261833 0.547250 0.02 0.02
4 0.245500 0.590250 0.02 0.02
4 0.262833 0.605500 0.02 0.02
4 0.318833 0.492750 0.02 0.02
4 0.256667 0.506250 0.02 0.02
4 0.228167 0.491250 0.02 0.02
4 0.234000 0.505250 0.02 0.02
4 0.290333 0.392250 0.02 0.02
4 0.284167 0.406500 0.02 0.02
4 0.290667 0.421500 0.02 0.02
4 0.296833 0.436250 0.02 0.02
4 0.285000 0.435250 0.02 0.02
4 0.256333 0.420750 0.02 0.02
4 0.245000 0.420500 0.02 0.02
4 0.250333 0.434500 0.02 0.02
4 0.262167 0.348250 0.02 0.02
4 0.256667 0.333500 0.02 0.02
4 0.273000 0.348500 0.02 0.02
4 0.255833 0.361500 0.02 0.02
4 0.261167 0.377250 0.02 0.02
4 0.273333 0.377000 0.02 0.02
4 0.301667 0.364250 0.02 0.02
4 0.313000 0.363750 0.02 0.02
4 0.307500 0.349250 0.02 0.02
4 0.313500 0.334000 0.02 0.02
4 0.346833 0.364000 0.02 0.02
4 0.352500 0.350500 0.02 0.02
