5 0.669139 0.553441 0.661721 0.555429
5 0.672737 0.553267 0.654525 0.555255
5 0.676481 0.552919 0.647039 0.554906
5 0.678135 0.533245 0.643731 0.535233
5 0.641566 0.576074 0.644181 0.578062
5 0.680282 0.552744 0.639436 0.554732
5 0.685407 0.557479 0.629185 0.556999
5 0.683173 0.537980 0.633654 0.537499
5 0.689267 0.557653 0.621467 0.557173
5 0.654463 0.559394 0.657131 0.558914
5 0.647043 0.540419 0.649712 0.539939
5 0.676725 0.594359 0.646550 0.596347
5 0.666907 0.521118 0.666187 0.520637
5 0.668317 0.578514 0.663365 0.578033
5 0.683517 0.577011 0.632967 0.576530
5 0.687376 0.577185 0.625248 0.576705
5 0.679543 0.577011 0.640914 0.576530
5 0.696458 0.557832 0.607083 0.557351
5 0.692777 0.558192 0.614445 0.557712
5 0.698181 0.538158 0.603639 0.537678
5 0.700029 0.557657 0.599943 0.557177
5 0.701997 0.577363 0.596006 0.576883
5 0.702014 0.537801 0.595971 0.537321
5 0.703949 0.557479 0.592103 0.556999
5 0.706009 0.577007 0.587982 0.576526
5 0.711446 0.557732 0.577108 0.557252
5 0.707688 0.557761 0.584624 0.557281
5 0.728436 0.536055 0.543127 0.535575
5 0.724556 0.537549 0.550888 0.537068
5 0.720572 0.537413 0.558855 0.536933
5 0.716726 0.537884 0.566548 0.537404
5 0.715066 0.557511 0.569868 0.557030
5 0.718815 0.556307 0.562370 0.555827
5 0.722750 0.556296 0.554500 0.555816
5 0.726338 0.517043 0.547324 0.516563
5 0.739467 0.535216 0.521067 0.534736
5 0.735742 0.535834 0.528516 0.535353
5 0.733918 0.516188 0.532163 0.515708
5 0.737605 0.516417 0.524789 0.515937
5 0.743201 0.534191 0.513597 0.533711
5 0.741267 0.515099 0.517466 0.514619
5 0.746888 0.534643 0.506225 0.534163
5 0.748876 0.514740 0.502249 0.514259
5 0.604295 0.557409 0.606909 0.559397
5 0.619216 0.557037 0.621831 0.559025
5 0.634189 0.556689 0.636804 0.558677
5 0.574244 0.556850 0.576859 0.558837
5 0.612243 0.538230 0.614858 0.540218
5 0.597322 0.538603 0.599937 0.540591
5 0.631323 0.541444 0.633991 0.540964
5 0.587733 0.542139 0.590402 0.541658
5 0.556495 0.581404 0.559164 0.580924
5 0.571503 0.581928 0.574172 0.581447
5 0.513091 0.543785 0.515760 0.543305
5 0.490772 0.524439 0.493440 0.523958
5 0.497823 0.544452 0.500492 0.543972
5 0.483074 0.544119 0.485743 0.543639
5 0.381051 0.544467 0.383720 0.543987
5 0.342495 0.563684 0.345164 0.563203
5 0.326973 0.563060 0.329642 0.562580
5 0.358858 0.563596 0.361527 0.563116
5 0.350291 0.544369 0.352960 0.543888
5 0.318599 0.543929 0.321268 0.543449
5 0.334250 0.544263 0.336919 0.543782
5 0.304815 0.582192 0.307484 0.581711
5 0.296441 0.563060 0.299109 0.562580
5 0.312092 0.563394 0.314760 0.562913
5 0.320337 0.582815 0.323005 0.582334
5 0.244455 0.661846 0.247124 0.661366
5 0.251733 0.642891 0.254401 0.642411
5 0.258766 0.622480 0.261435 0.622000
5 0.268756 0.642354 0.271424 0.641874
5 0.282321 0.602448 0.284990 0.601968
5 0.249618 0.602448 0.252286 0.601968
5 0.235001 0.640304 0.237670 0.639823
5 0.460458 0.524221 0.463127 0.523741
5 0.444785 0.525171 0.447454 0.524691
5 0.429033 0.524893 0.431702 0.524412