5 0.669139 0.165578 0.661721 0.331155
5 0.672737 0.165447 0.654525 0.330894
5 0.676481 0.165186 0.647039 0.330372
5 0.678135 0.150431 0.643731 0.300862
5 0.641566 0.182553 0.644181 0.365105
5 0.680282 0.165055 0.639436 0.330111
5 0.685407 0.167989 0.629185 0.335979
5 0.683173 0.153365 0.633654 0.306730
5 0.689267 0.168120 0.621467 0.336239
5 0.654463 0.169426 0.657131 0.338851
5 0.647043 0.155194 0.649712 0.310388
5 0.676725 0.196267 0.646550 0.392533
5 0.666907 0.140718 0.666187 0.281437
5 0.668317 0.183765 0.663365 0.367530
5 0.683517 0.182638 0.632967 0.365276
5 0.687376 0.182769 0.625248 0.365537
5 0.679543 0.182638 0.640914 0.365276
5 0.696458 0.168254 0.607083 0.336507
5 0.692777 0.168524 0.614445 0.337048
5 0.698181 0.153499 0.603639 0.306997
5 0.700029 0.168123 0.599943 0.336246
5 0.701997 0.182902 0.596006 0.365805
5 0.702014 0.153231 0.595971 0.306462
5 0.703949 0.167989 0.592103 0.335979
5 0.706009 0.182635 0.587982 0.365270
5 0.711446 0.168179 0.577108 0.336358
5 0.707688 0.168201 0.584624 0.336401
5 0.728436 0.151921 0.543127 0.303843
5 0.724556 0.153041 0.550888 0.306083
5 0.720572 0.152940 0.558855 0.305880
5 0.716726 0.153293 0.566548 0.306586
5 0.715066 0.168013 0.569868 0.336026
5 0.718815 0.167110 0.562370 0.334221
5 0.722750 0.167102 0.554500 0.334204
5 0.726338 0.137662 0.547324 0.275325
5 0.739467 0.151292 0.521067 0.302584
5 0.735742 0.151755 0.528516 0.303511
5 0.733918 0.137021 0.532163 0.274042
5 0.737605 0.137193 0.524789 0.274386
5 0.743201 0.150523 0.513597 0.301046
5 0.741267 0.136204 0.517466 0.272408
5 0.746888 0.150862 0.506225 0.301725
5 0.748876 0.135935 0.502249 0.271869
5 0.604295 0.168554 0.606909 0.337108
5 0.619216 0.168275 0.621831 0.336550
5 0.634189 0.168014 0.636804 0.336027
5 0.574244 0.168134 0.576859 0.336268
5 0.612243 0.154170 0.614858 0.308339
5 0.597322 0.154449 0.599937 0.308898
5 0.631323 0.155963 0.633991 0.311926
5 0.587733 0.156484 0.590402 0.312968
5 0.556495 0.185933 0.559164 0.371866
5 0.571503 0.186326 0.574172 0.372651
5 0.513091 0.157719 0.515760 0.315438
5 0.490772 0.143209 0.493440 0.286418
5 0.497823 0.158219 0.500492 0.316438
5 0.483074 0.157969 0.485743 0.315938
5 0.381051 0.158230 0.383720 0.316460
5 0.342495 0.172643 0.345164 0.345285
5 0.326973 0.172175 0.329642 0.344350
5 0.358858 0.172577 0.361527 0.345154
5 0.350291 0.158156 0.352960 0.316313
5 0.318599 0.157827 0.321268 0.315654
5 0.334250 0.158077 0.336919 0.316154
5 0.304815 0.186524 0.307484 0.373047
5 0.296441 0.172175 0.299109 0.344350
5 0.312092 0.172425 0.314760 0.344851
5 0.320337 0.186991 0.323005 0.373982
5 0.244455 0.246265 0.247124 0.492529
5 0.251733 0.232048 0.254401 0.464096
5 0.258766 0.216740 0.261435 0.433480
5 0.268756 0.231646 0.271424 0.463291
5 0.282321 0.201716 0.284990 0.403432
5 0.249618 0.201716 0.252286 0.403432
5 0.235001 0.230108 0.237670 0.460216
5 0.460458 0.143046 0.463127 0.286092
5 0.444785 0.143758 0.447454 0.287516
5 0.429033 0.143549 0.431702 0.287099