6 0.511319 0.142717 0.977362 0.285433
5 0.309408 0.164699 0.618815 0.329398
5 0.320067 0.163708 0.640133 0.327416
5 0.298617 0.164435 0.597234 0.328869
5 0.279017 0.167364 0.558034 0.334729
5 0.288528 0.164194 0.577057 0.328388
5 0.273711 0.154697 0.547421 0.309394
5 0.284405 0.180498 0.568811 0.360997
5 0.289255 0.194339 0.578510 0.388679
5 0.216093 0.166567 0.432185 0.333134
5 0.226879 0.168120 0.453759 0.336239
5 0.237287 0.168480 0.474573 0.336960
5 0.248038 0.169223 0.496075 0.338445
5 0.258577 0.169009 0.517154 0.338018
5 0.242697 0.154754 0.485393 0.309507
5 0.231946 0.154011 0.463891 0.308022
5 0.221538 0.153651 0.443076 0.307301
5 0.211309 0.180139 0.422619 0.360278
5 0.232264 0.181335 0.464529 0.362669
5 0.243016 0.182077 0.486031 0.364154
5 0.254033 0.182521 0.508066 0.365042
5 0.221458 0.180974 0.442917 0.361948
5 0.161580 0.179188 0.323161 0.358376
5 0.171941 0.178861 0.343881 0.357722
5 0.181479 0.177531 0.362957 0.355062
5 0.191455 0.177111 0.382910 0.354223
5 0.201768 0.177661 0.403536 0.355322
5 0.131872 0.180252 0.263744 0.360504
5 0.141980 0.180427 0.283960 0.360853
5 0.152161 0.180382 0.304323 0.360763
5 0.147316 0.194652 0.294633 0.389304
5 0.137135 0.194697 0.274271 0.389394
5 0.127027 0.194522 0.254054 0.389045
5 0.126630 0.165849 0.253261 0.331698
5 0.136739 0.166024 0.273478 0.332048
5 0.142278 0.208493 0.284556 0.416986
5 0.132097 0.208538 0.264194 0.417077
5 0.361866 0.160750 0.723731 0.321501
5 0.340810 0.160886 0.681621 0.321772
5 0.330249 0.162183 0.660497 0.324365
5 0.350891 0.160085 0.701783 0.320170
5 0.371803 0.162052 0.743606 0.324103
5 0.366677 0.175774 0.733353 0.351549
5 0.451373 0.160809 0.902745 0.321617
5 0.440890 0.160328 0.881781 0.320656
5 0.431178 0.161036 0.862357 0.322072
5 0.461590 0.159855 0.923180 0.319710
5 0.421520 0.163989 0.843041 0.327978
5 0.427234 0.177306 0.854468 0.354613
5 0.416107 0.176538 0.832214 0.353076
5 0.406018 0.176630 0.812037 0.353261
5 0.432217 0.191517 0.864433 0.383033
5 0.421520 0.190933 0.843041 0.381865
5 0.401651 0.160298 0.803301 0.320596
5 0.456775 0.174832 0.913550 0.349663
5 0.446653 0.175284 0.893306 0.350567
5 0.476796 0.174444 0.953592 0.348889
5 0.486944 0.174638 0.973887 0.349276
5 0.496874 0.175621 0.993748 0.351241
5 0.466419 0.145010 0.932837 0.290019
5 0.509940 0.177906 0.980119 0.355813
5 0.506386 0.176670 0.987229 0.353340
5 0.502984 0.175714 0.994031 0.351428
5 0.516715 0.177060 0.966570 0.354120
5 0.514956 0.191231 0.970087 0.382462
5 0.511455 0.191510 0.977091 0.383020
5 0.513309 0.178014 0.973382 0.356027
5 0.511437 0.164497 0.977127 0.328994
5 0.514677 0.161094 0.970645 0.322187
5 0.508265 0.162080 0.983470 0.324159
5 0.521661 0.189739 0.956679 0.379478
5 0.523437 0.174656 0.953125 0.349312
5 0.519921 0.175113 0.960158 0.350225
5 0.525021 0.190155 0.949957 0.380310
5 0.528318 0.189077 0.943364 0.378155
5 0.550584 0.176019 0.898831 0.352037
5 0.547194 0.175967 0.905613 0.351934
5 0.543862 0.176388 0.912276 0.352777
5 0.540594 0.175930 0.918812 0.351860
5 0.538826 0.162002 0.922349 0.324005
5 0.542151 0.159866 0.915698 0.319731
5 0.559646 0.187337 0.880708 0.374674
5 0.557817 0.173653 0.884366 0.347307
5 0.555984 0.187766 0.888032 0.375532
5 0.556004 0.160172 0.887992 0.320345
5 0.559666 0.159744 0.880668 0.319487
5 0.561421 0.201178 0.877159 0.402356
5 0.557719 0.200365 0.884562 0.400730
5 0.565344 0.200025 0.869312 0.400049
5 0.564753 0.227884 0.870494 0.455768
5 0.563175 0.214132 0.873649 0.428264
5 0.559350 0.214575 0.881299 0.429151
5 0.568233 0.255523 0.863533 0.511046
5 0.566393 0.241681 0.867214 0.483362
5 0.170300 0.147385 0.340601 0.294771
5 0.160213 0.149045 0.320427 0.298091
5 0.186841 0.192336 0.373683 0.384673
5 0.196729 0.192886 0.393457 0.385772