5 0.687293 0.164699 0.625414 0.329398
5 0.690846 0.163708 0.618308 0.327416
5 0.683696 0.164435 0.632608 0.328869
5 0.677163 0.167364 0.645674 0.334729
5 0.680333 0.164194 0.639334 0.328388
5 0.675394 0.154697 0.649212 0.309394
5 0.678959 0.180498 0.642082 0.360997
5 0.680575 0.194339 0.638849 0.388679
5 0.622281 0.166567 0.619809 0.333134
5 0.636663 0.168120 0.634191 0.336239
5 0.650539 0.168480 0.648068 0.336960
5 0.664874 0.169223 0.662403 0.338445
5 0.670349 0.169009 0.659301 0.338018
5 0.657753 0.154754 0.655281 0.309507
5 0.643418 0.154011 0.640947 0.308022
5 0.629541 0.153651 0.627070 0.307301
5 0.615903 0.180139 0.613432 0.360278
5 0.643843 0.181335 0.641372 0.362669
5 0.658178 0.182077 0.655706 0.364154
5 0.668835 0.182521 0.662330 0.365042
5 0.629435 0.180974 0.626964 0.361948
5 0.549598 0.179188 0.547126 0.358376
5 0.563411 0.178861 0.560940 0.357722
5 0.576129 0.177531 0.573657 0.355062
5 0.589430 0.177111 0.586959 0.354223
5 0.603181 0.177661 0.600710 0.355322
5 0.482868 0.181446 0.480396 0.362893
5 0.496740 0.180921 0.494269 0.361842
5 0.509986 0.180252 0.507515 0.360504
5 0.523464 0.180427 0.520993 0.360853
5 0.537039 0.180382 0.534567 0.360763
5 0.530579 0.194652 0.528108 0.389304
5 0.517004 0.194697 0.514533 0.389394
5 0.503526 0.194522 0.501055 0.389045
5 0.490280 0.195192 0.487809 0.390383
5 0.476408 0.195717 0.473937 0.391434
5 0.469302 0.182239 0.466831 0.364478
5 0.462196 0.168167 0.459725 0.336334
5 0.475292 0.167704 0.472821 0.335409
5 0.488988 0.167510 0.486517 0.335019
5 0.502998 0.165849 0.500526 0.331698
5 0.516476 0.166024 0.514004 0.332048
5 0.523861 0.208493 0.521390 0.416986
5 0.510286 0.208538 0.507815 0.417077
5 0.496809 0.208363 0.494337 0.416727
5 0.407810 0.169116 0.405339 0.338231
5 0.414916 0.183051 0.412445 0.366102
5 0.422022 0.196460 0.419550 0.392920
5 0.435590 0.195798 0.433118 0.391596
5 0.428908 0.183080 0.426437 0.366161
5 0.421393 0.169270 0.418922 0.338540
5 0.442041 0.156936 0.439569 0.313873
5 0.448703 0.169102 0.446231 0.338205
5 0.435441 0.169895 0.432970 0.339790
5 0.428518 0.156988 0.426047 0.313976
5 0.414511 0.156594 0.412039 0.313187
5 0.325413 0.169738 0.322942 0.339477
5 0.339144 0.169893 0.336673 0.339786
5 0.353266 0.170102 0.350795 0.340205
5 0.367192 0.170390 0.364721 0.340780
5 0.381055 0.169787 0.378584 0.339575
5 0.394964 0.169491 0.392493 0.338982
5 0.360912 0.183525 0.358440 0.367049
5 0.361872 0.210376 0.359401 0.420751
5 0.348020 0.211168 0.345548 0.422337
5 0.354301 0.196953 0.351829 0.393906
5 0.367858 0.196908 0.365386 0.393817
5 0.388326 0.209627 0.385854 0.419255
5 0.374843 0.209838 0.372372 0.419676
5 0.394828 0.195828 0.392357 0.391656
5 0.387882 0.182444 0.385411 0.364888
5 0.387501 0.156856 0.385030 0.313711
5 0.305058 0.183816 0.302586 0.367632
5 0.312842 0.197178 0.310371 0.394357
5 0.319319 0.183397 0.316848 0.366795
5 0.326834 0.197208 0.324363 0.394416
5 0.311259 0.169652 0.308787 0.339304
5 0.296997 0.170070 0.294525 0.340141
5 0.284587 0.197274 0.282116 0.394548
5 0.298579 0.197303 0.296108 0.394606
5 0.320386 0.210667 0.317914 0.421334
5 0.334556 0.210094 0.332084 0.420189
5 0.328192 0.224317 0.325720 0.448634
5 0.704779 0.160750 0.590442 0.321501
5 0.697761 0.160886 0.604479 0.321772
5 0.694240 0.162183 0.611520 0.324365
5 0.701121 0.160085 0.597758 0.320170
5 0.708091 0.162052 0.583817 0.324103
5 0.706383 0.175774 0.587235 0.351549
5 0.734615 0.160809 0.530771 0.321617
5 0.731121 0.160328 0.537759 0.320656
5 0.727883 0.161036 0.544234 0.322072
5 0.738020 0.159855 0.523959 0.319710
5 0.724664 0.163989 0.550672 0.327978
5 0.726568 0.177306 0.546863 0.354613
5 0.722859 0.176538 0.554281 0.353076
5 0.719497 0.176630 0.561007 0.353261
5 0.728229 0.191517 0.543541 0.383033
5 0.724664 0.190933 0.550672 0.381865
5 0.718041 0.160298 0.563919 0.320596
5 0.736415 0.174832 0.527169 0.349663
5 0.733042 0.175284 0.533917 0.350567
5 0.743089 0.174444 0.513822 0.348889
5 0.746472 0.174638 0.507057 0.349276
5 0.749782 0.175621 0.500436 0.351241
5 0.739630 0.145010 0.520740 0.290019
5 0.292634 0.211093 0.290162 0.422186
5 0.260660 0.183429 0.258188 0.366857
5 0.234015 0.208648 0.231544 0.417296
5 0.247376 0.210181 0.244905 0.420362
5 0.561224 0.147385 0.558753 0.294771
5 0.547775 0.149045 0.545304 0.298091
5 0.583279 0.192336 0.580808 0.384673
5 0.596462 0.192886 0.593991 0.385772