5 0.521636 0.455132 0.524250 0.457119
5 0.529300 0.474131 0.531914 0.476119
5 0.498401 0.475946 0.501016 0.477934
5 0.483879 0.476309 0.486494 0.478297
5 0.491220 0.454768 0.493835 0.456756
5 0.476699 0.455132 0.479313 0.457119
5 0.506226 0.454284 0.508841 0.456272
5 0.338043 0.456282 0.340657 0.458270
5 0.353425 0.458071 0.356040 0.460059
5 0.344829 0.476203 0.347444 0.478191
5 0.308364 0.497951 0.310979 0.499939
5 0.293904 0.497757 0.296518 0.499745
5 0.323256 0.497419 0.325870 0.499407
5 0.279220 0.497525 0.281834 0.499513
5 0.264683 0.498164 0.267297 0.500151
5 0.258443 0.518267 0.261057 0.520255
5 0.271561 0.476890 0.274176 0.478878
5 0.286665 0.477316 0.289280 0.479304
5 0.278085 0.456361 0.280700 0.458349
5 0.249591 0.457850 0.252206 0.459837
5 0.242420 0.477805 0.245035 0.479793
5 0.235399 0.496883 0.238013 0.498871
5 0.234945 0.457996 0.237559 0.459984
5 0.211076 0.475901 0.213691 0.477889
5 0.203469 0.495418 0.206084 0.497406
5 0.206389 0.534194 0.209004 0.536182
5 0.221903 0.533996 0.224517 0.535983
5 0.193156 0.573395 0.195771 0.575383
5 0.200177 0.554317 0.202792 0.556304
5 0.580810 0.436360 0.583425 0.438347