5 0.674272 0.470550 0.651456 0.471030
5 0.670439 0.471085 0.659123 0.471565
5 0.654254 0.473117 0.656923 0.473598
5 0.666623 0.471619 0.666754 0.472100
5 0.639347 0.473331 0.642016 0.473812
5 0.672275 0.449581 0.655450 0.450061
5 0.676091 0.449046 0.647818 0.449526
5 0.679925 0.448511 0.640151 0.448991
5 0.689404 0.470275 0.621191 0.470756
5 0.685664 0.469688 0.628672 0.470169
5 0.687628 0.491030 0.624744 0.491510
5 0.683888 0.490443 0.632224 0.490923
5 0.681906 0.470249 0.636188 0.470729
5 0.687665 0.447700 0.624670 0.448180
5 0.698596 0.446904 0.602808 0.447384
5 0.694951 0.448455 0.610098 0.448935
5 0.745992 0.462056 0.508017 0.462537
5 0.742074 0.461571 0.515852 0.462051
5 0.747888 0.522188 0.504225 0.522668
5 0.721008 0.445435 0.557983 0.445916
5 0.689484 0.511996 0.621031 0.512477
5 0.390822 0.503994 0.393491 0.504474
5 0.406085 0.502852 0.408754 0.503333
5 0.375725 0.504172 0.378394 0.504652
5 0.466661 0.500606 0.469330 0.501086
5 0.481639 0.500606 0.484308 0.501086
5 0.549158 0.476356 0.551827 0.476836
5 0.496308 0.458098 0.498977 0.458578
5 0.406409 0.542072 0.409078 0.542553
5 0.361474 0.543252 0.364142 0.543733
5 0.317256 0.543283 0.319925 0.543763
5 0.332353 0.543104 0.335021 0.543585
5 0.309759 0.522953 0.312428 0.523434