6 0.142224 0.641486 0.144931 0.648499
5 0.698822 0.470744 0.602357 0.470264
5 0.694935 0.470172 0.610130 0.469691
5 0.693075 0.491488 0.613849 0.491007
5 0.696914 0.492203 0.606172 0.491722
5 0.689332 0.493061 0.621336 0.492581
5 0.685493 0.492346 0.629014 0.491866
5 0.683633 0.513948 0.632733 0.513468
5 0.687329 0.514950 0.625342 0.514469
5 0.691216 0.513090 0.617569 0.512609
5 0.679795 0.513233 0.640411 0.512752
5 0.681678 0.492060 0.636644 0.491580
5 0.679771 0.469886 0.640459 0.469405
5 0.683633 0.470458 0.632733 0.469977
5 0.687353 0.469886 0.625294 0.469405
5 0.691168 0.470172 0.617664 0.469691
5 0.700705 0.448999 0.598590 0.448518
5 0.704592 0.449571 0.590817 0.449091
5 0.706547 0.470601 0.586906 0.470120
5 0.704663 0.491488 0.590674 0.491007
5 0.702780 0.513662 0.594441 0.513182
5 0.698774 0.514377 0.602452 0.513897
5 0.714289 0.470480 0.571423 0.470000
5 0.710372 0.470272 0.579256 0.469791
5 0.717925 0.469208 0.564150 0.468727
5 0.721804 0.468662 0.556392 0.468182
5 0.716077 0.447389 0.567847 0.446909
5 0.706379 0.427934 0.587241 0.427454
5 0.704432 0.406817 0.591135 0.406336
5 0.702670 0.428016 0.594660 0.427536
5 0.710429 0.513839 0.579141 0.513359
5 0.706591 0.513124 0.586819 0.512644
5 0.708450 0.491808 0.583099 0.491328
5 0.729111 0.514422 0.541779 0.513942
5 0.731150 0.492859 0.537699 0.492379
5 0.729532 0.471102 0.540937 0.470622
5 0.731280 0.448374 0.537440 0.447893
5 0.729273 0.426228 0.541455 0.425748
5 0.719836 0.491107 0.560327 0.490627
5 0.715958 0.491653 0.568085 0.491172
5 0.717994 0.513341 0.564012 0.512860
5 0.714155 0.513124 0.571689 0.512644
5 0.708462 0.534455 0.583076 0.533975
5 0.746402 0.491627 0.507196 0.491147
5 0.742433 0.492061 0.515133 0.491580
5 0.738707 0.492776 0.522586 0.492296
5 0.734868 0.492061 0.530263 0.491580
5 0.736768 0.514606 0.526463 0.514125
5 0.736697 0.471808 0.526607 0.471327
5 0.740447 0.471523 0.519107 0.471043
5 0.744285 0.471740 0.511429 0.471259
5 0.735158 0.449810 0.529685 0.449330
5 0.733150 0.427664 0.533700 0.427184
5 0.744339 0.514414 0.511321 0.513934
5 0.748308 0.513981 0.503384 0.513500
5 0.578989 0.492634 0.581657 0.492153
5 0.594439 0.492047 0.597108 0.491566
5 0.624448 0.493113 0.627117 0.492633
5 0.639517 0.493113 0.642186 0.492633
5 0.654290 0.491946 0.656959 0.491466
5 0.609317 0.492247 0.611986 0.491767
5 0.674135 0.491443 0.651730 0.490963
5 0.670398 0.491958 0.659203 0.491478
5 0.666653 0.491567 0.666694 0.491086
5 0.675983 0.514007 0.648034 0.513526
5 0.676051 0.469751 0.647898 0.469271
5 0.672314 0.470266 0.655372 0.469785
5 0.668569 0.469875 0.662863 0.469394
5 0.647059 0.469606 0.649728 0.469126
5 0.631855 0.469478 0.634524 0.468998
5 0.639397 0.446619 0.642066 0.446138
5 0.601582 0.426753 0.604250 0.426272
5 0.609095 0.447703 0.611764 0.447223
5 0.586643 0.427198 0.589312 0.426718
5 0.563675 0.448563 0.566344 0.448082
5 0.556678 0.470044 0.559347 0.469564
5 0.571748 0.470044 0.574416 0.469564
5 0.586647 0.513731 0.589316 0.513250
5 0.571197 0.514318 0.573866 0.513837
5 0.601525 0.513931 0.604194 0.513451
5 0.616656 0.514797 0.619325 0.514317
5 0.631725 0.514797 0.634394 0.514317
5 0.487945 0.491843 0.490614 0.491362
5 0.503396 0.491256 0.506065 0.490775
5 0.518521 0.491580 0.521190 0.491099
5 0.533808 0.492080 0.536477 0.491600
5 0.548797 0.492322 0.551466 0.491842
5 0.564134 0.491881 0.566803 0.491401
5 0.542140 0.514170 0.544809 0.513689
5 0.458237 0.491596 0.460906 0.491115
5 0.473687 0.491009 0.476356 0.490528
5 0.526978 0.514176 0.529647 0.513696
5 0.511114 0.513429 0.513783 0.512949
5 0.511037 0.469498 0.513706 0.469018
5 0.526162 0.469823 0.528831 0.469342
5 0.541449 0.470323 0.544118 0.469843
5 0.504056 0.447771 0.506725 0.447291
5 0.519181 0.448095 0.521850 0.447615
5 0.534469 0.448596 0.537138 0.448116
5 0.450371 0.469813 0.453040 0.469333
5 0.465821 0.469226 0.468490 0.468746
5 0.481290 0.469758 0.483958 0.469277
5 0.473486 0.446838 0.476155 0.446358
5 0.481352 0.425963 0.484020 0.425483
5 0.442841 0.447063 0.445509 0.446583
5 0.450494 0.514664 0.453163 0.514184
5 0.465945 0.514077 0.468614 0.513596
5 0.473899 0.536668 0.476568 0.536188
5 0.503703 0.537305 0.506372 0.536824
5 0.320986 0.493788 0.323655 0.493308
5 0.336254 0.493475 0.338923 0.492995
5 0.351518 0.493761 0.354187 0.493280
5 0.381819 0.492400 0.384488 0.491920
5 0.397107 0.492900 0.399776 0.492420
5 0.412095 0.493142 0.414764 0.492662
5 0.366877 0.492899 0.369546 0.492419
5 0.374227 0.471269 0.376896 0.470789
5 0.389606 0.470672 0.392275 0.470192
5 0.359559 0.472180 0.362228 0.471700
5 0.344017 0.471533 0.346686 0.471052
5 0.328753 0.471247 0.331422 0.470767
5 0.313485 0.471560 0.316154 0.471080
5 0.382105 0.448856 0.384774 0.448376
5 0.366909 0.449728 0.369578 0.449247
5 0.352241 0.450089 0.354910 0.449609
5 0.335968 0.450128 0.338637 0.449648
5 0.320703 0.449842 0.323372 0.449362
5 0.305436 0.450155 0.308105 0.449675
5 0.412474 0.447209 0.415143 0.446729
5 0.397278 0.448081 0.399947 0.447601
5 0.227822 0.537048 0.230491 0.536567
5 0.244179 0.536735 0.246847 0.536254
5 0.259443 0.537020 0.262112 0.536540
5 0.274802 0.536158 0.277471 0.535678
5 0.235698 0.515160 0.238367 0.514680
5 0.220322 0.514820 0.222990 0.514339
5 0.267484 0.515440 0.270153 0.514959
5 0.251942 0.514792 0.254611 0.514312
5 0.243250 0.494268 0.245919 0.493787
5 0.274958 0.450994 0.277626 0.450514
5 0.282728 0.471770 0.285396 0.471289
5 0.290228 0.493998 0.292897 0.493517
5 0.305496 0.493685 0.308165 0.493205
5 0.297995 0.471457 0.300664 0.470977
5 0.289946 0.450052 0.292614 0.449572
5 0.267268 0.472175 0.269937 0.471695
5 0.259579 0.493566 0.262248 0.493086
5 0.305607 0.536989 0.308276 0.536508
5 0.313374 0.514448 0.316043 0.513968
5 0.328984 0.514866 0.331653 0.514386
5 0.344248 0.515151 0.346917 0.514671
5 0.435411 0.515318 0.438080 0.514837
5 0.420423 0.515076 0.423092 0.514595
5 0.405136 0.514575 0.407805 0.514095
5 0.275389 0.579603 0.278058 0.579123
5 0.220713 0.637441 0.223382 0.636961
5 0.228314 0.615987 0.230983 0.615507
5 0.235950 0.597939 0.238619 0.597458
5 0.260292 0.578657 0.262960 0.578177
5 0.267848 0.557986 0.270516 0.557505
5 0.220542 0.596917 0.223211 0.596437
5 0.228306 0.576247 0.230974 0.575767
5 0.219977 0.554996 0.222646 0.554515
5 0.212061 0.575342 0.214730 0.574862
5 0.203577 0.553888 0.206245 0.553407
5 0.670476 0.536810 0.659047 0.536330
5 0.654602 0.536798 0.657270 0.536318
5 0.639829 0.537847 0.642498 0.537367
5 0.666731 0.536419 0.666538 0.535938
5 0.674132 0.535867 0.651736 0.535386
5 0.689423 0.535532 0.621155 0.535052
5 0.685505 0.536650 0.628990 0.536170
5 0.681809 0.535648 0.636381 0.535168
5 0.700922 0.535717 0.598156 0.535237
5 0.706764 0.556676 0.586471 0.556196
5 0.681633 0.447431 0.636735 0.446951
5 0.674227 0.447680 0.651546 0.447199
5 0.666776 0.447988 0.666449 0.447508
5 0.647430 0.559055 0.650099 0.558575
5 0.662421 0.558676 0.665089 0.558196
5 0.601680 0.559426 0.604348 0.558946
5 0.616670 0.559047 0.619339 0.558567
5 0.740636 0.428693 0.518728 0.428212
5 0.742380 0.449994 0.515239 0.449513
5 0.723648 0.535529 0.552704 0.535049
5 0.719809 0.535526 0.560382 0.535046
5 0.716119 0.535814 0.567763 0.535334
5 0.742521 0.536415 0.514958 0.535934