5 0.349133 0.470744 0.698267 0.470264
5 0.337474 0.470172 0.674948 0.469691
5 0.331895 0.491488 0.663789 0.491007
5 0.343411 0.492203 0.686822 0.491722
5 0.320664 0.493061 0.641329 0.492581
5 0.309148 0.492346 0.618296 0.491866
5 0.303569 0.513948 0.607138 0.513468
5 0.314656 0.514950 0.629312 0.514469
5 0.326315 0.513090 0.652631 0.512609
5 0.292053 0.513233 0.584105 0.512752
5 0.297703 0.492060 0.595407 0.491580
5 0.291981 0.469886 0.583962 0.469405
5 0.303569 0.470458 0.607138 0.469977
5 0.314728 0.469886 0.629455 0.469405
5 0.326172 0.470172 0.652344 0.469691
5 0.354784 0.448999 0.709569 0.448518
5 0.366444 0.449571 0.732887 0.449091
5 0.372309 0.470601 0.744618 0.470120
5 0.366658 0.491488 0.733316 0.491007
5 0.361007 0.513662 0.722015 0.513182
5 0.348990 0.514377 0.697981 0.513897
5 0.395535 0.470480 0.791070 0.470000
5 0.383785 0.470272 0.767569 0.469791
5 0.406444 0.469208 0.812888 0.468727
5 0.418080 0.468662 0.836161 0.468182
5 0.400899 0.447389 0.801797 0.446909
5 0.371807 0.427934 0.743615 0.427454
5 0.365966 0.406817 0.731932 0.406336
5 0.360679 0.428016 0.721358 0.427536
5 0.383957 0.513839 0.767914 0.513359
5 0.372440 0.513124 0.744881 0.512644
5 0.378020 0.491808 0.756040 0.491328
5 0.440001 0.514422 0.880002 0.513942
5 0.446120 0.492859 0.892240 0.492379
5 0.441264 0.471102 0.882527 0.470622
5 0.446509 0.448374 0.893017 0.447893
5 0.440487 0.426228 0.880973 0.425748
5 0.412178 0.491107 0.824357 0.490627
5 0.400542 0.491653 0.801084 0.491172
5 0.406651 0.513341 0.813303 0.512860
5 0.395135 0.513124 0.790270 0.512644
5 0.378055 0.534455 0.756109 0.533975
5 0.491875 0.491627 0.983750 0.491147
5 0.479969 0.492061 0.959937 0.491580
5 0.468791 0.492776 0.937581 0.492296
5 0.457274 0.492061 0.914548 0.491580
5 0.462974 0.514606 0.925948 0.514125
5 0.462759 0.471808 0.925518 0.471327
5 0.474009 0.471523 0.948017 0.471043
5 0.485525 0.471740 0.971050 0.471259
5 0.458142 0.449810 0.916283 0.449330
5 0.452119 0.427664 0.904239 0.427184
5 0.485687 0.514414 0.971374 0.513934
5 0.497593 0.513981 0.995186 0.513500
5 0.512886 0.514371 0.974229 0.513891
5 0.509069 0.514804 0.981863 0.514324
5 0.507292 0.490761 0.985415 0.490281
5 0.533470 0.494144 0.933060 0.493664
5 0.529609 0.493803 0.940782 0.493322
5 0.525861 0.491937 0.948277 0.491457
5 0.535513 0.473108 0.928973 0.472628
5 0.531652 0.471864 0.936695 0.471383
5 0.518521 0.491176 0.962957 0.490695
5 0.516693 0.466010 0.966614 0.465530
5 0.560527 0.491538 0.878947 0.491058
5 0.556550 0.493278 0.886900 0.492798
5 0.552687 0.494465 0.894626 0.493985
5 0.554885 0.473020 0.890230 0.472539
5 0.551022 0.474207 0.897957 0.473726
5 0.545009 0.495159 0.909982 0.494679
5 0.543413 0.474068 0.913174 0.473587
5 0.556364 0.534843 0.887272 0.534363
5 0.554560 0.514862 0.890880 0.514382
5 0.560249 0.533178 0.879502 0.532698
5 0.575594 0.617973 0.848811 0.617492
5 0.573735 0.597659 0.852530 0.597179
5 0.571862 0.577096 0.856276 0.576615
5 0.184909 0.492634 0.369817 0.492153
5 0.196497 0.492047 0.392993 0.491566
5 0.219003 0.493113 0.438007 0.492633
5 0.230305 0.493113 0.460610 0.492633
5 0.241385 0.491946 0.482770 0.491466
5 0.207655 0.492247 0.415311 0.491767
5 0.275074 0.491443 0.550149 0.490963
5 0.263864 0.491958 0.527729 0.491478
5 0.252628 0.491567 0.505256 0.491086
5 0.280617 0.514007 0.561235 0.513526
5 0.280821 0.469751 0.561642 0.469271
5 0.269611 0.470266 0.539222 0.469785
5 0.258375 0.469875 0.516749 0.469394
5 0.235962 0.469606 0.471923 0.469126
5 0.224558 0.469478 0.449117 0.468998
5 0.230215 0.446619 0.460430 0.446138
5 0.201853 0.426753 0.403707 0.426272
5 0.207488 0.447703 0.414977 0.447223
5 0.190649 0.427198 0.381298 0.426718
5 0.173423 0.448563 0.346847 0.448082
5 0.168176 0.470044 0.336352 0.469564
5 0.179478 0.470044 0.358956 0.469564
5 0.190653 0.513731 0.381305 0.513250
5 0.179065 0.514318 0.358130 0.513837
5 0.201811 0.513931 0.403622 0.513451
5 0.213159 0.514797 0.426319 0.514317
5 0.224461 0.514797 0.448922 0.514317
5 0.128214 0.491256 0.256428 0.490775
5 0.139558 0.491580 0.279116 0.491099
5 0.151023 0.492080 0.302047 0.491600
5 0.162265 0.492322 0.324530 0.491842
5 0.173768 0.491881 0.347536 0.491401
5 0.157272 0.514170 0.314544 0.513689
5 0.145901 0.514176 0.291801 0.513696
5 0.134003 0.513429 0.268006 0.512949
5 0.133945 0.469498 0.267890 0.469018
5 0.145289 0.469823 0.290577 0.469342
5 0.156754 0.470323 0.313508 0.469843
5 0.128709 0.447771 0.257419 0.447291
5 0.140053 0.448095 0.280106 0.447615
5 0.151519 0.448596 0.303038 0.448116
5 0.128444 0.537305 0.256889 0.536824
5 0.264098 0.536810 0.528196 0.536330
5 0.241618 0.536798 0.483237 0.536318
5 0.230539 0.537847 0.461078 0.537367
5 0.252861 0.536419 0.505723 0.535938
5 0.275065 0.535867 0.550129 0.535386
5 0.320937 0.535532 0.641873 0.535052
5 0.309184 0.536650 0.618369 0.536170
5 0.298097 0.535648 0.596195 0.535168
5 0.355435 0.535717 0.710870 0.535237
5 0.372962 0.556676 0.745924 0.556196
5 0.297567 0.447431 0.595134 0.446951
5 0.275350 0.447680 0.550700 0.447199
5 0.252996 0.447988 0.505992 0.447508
5 0.236240 0.559055 0.472479 0.558575
5 0.247483 0.558676 0.494965 0.558196
5 0.201927 0.559426 0.403854 0.558946
5 0.213170 0.559047 0.426339 0.558567
5 0.474576 0.428693 0.949153 0.428212
5 0.479810 0.449994 0.959620 0.449513
5 0.423612 0.535529 0.847225 0.535049
5 0.412096 0.535526 0.824192 0.535046
5 0.401025 0.535814 0.802050 0.535334
5 0.480232 0.536415 0.960465 0.535934
5 0.549203 0.453371 0.901595 0.452890
5 0.579503 0.658293 0.840994 0.657813
5 0.575351 0.658359 0.849297 0.657879