5 0.275871 0.507167 0.551741 0.506686
5 0.208124 0.502119 0.416249 0.501639
5 0.190707 0.522575 0.381415 0.522095
5 0.179590 0.520796 0.359180 0.520316
5 0.173957 0.500934 0.347915 0.500453
5 0.162543 0.499748 0.325087 0.499267
5 0.303377 0.528609 0.606754 0.528129
5 0.314502 0.529264 0.629004 0.528784
5 0.320392 0.509631 0.640784 0.509151
5 0.337276 0.531096 0.674552 0.530616
5 0.405215 0.496564 0.810430 0.496083
5 0.399325 0.516196 0.798650 0.515716
5 0.421687 0.518994 0.843373 0.518514
5 0.416060 0.538205 0.832121 0.537724
5 0.427035 0.539378 0.854071 0.538898
5 0.444271 0.519531 0.888543 0.519051
5 0.455849 0.481055 0.911698 0.480574
5 0.494761 0.503514 0.989522 0.503033
5 0.433264 0.479821 0.866529 0.479341
5 0.547256 0.532317 0.905489 0.531836
5 0.545380 0.551528 0.909240 0.551047
5 0.549039 0.552702 0.901923 0.552221
5 0.556468 0.552442 0.887064 0.551961
5 0.552788 0.552567 0.894424 0.552087
5 0.548779 0.510594 0.902443 0.510113
5 0.554605 0.573496 0.890789 0.573015
5 0.573113 0.654792 0.853774 0.654312
5 0.571231 0.635001 0.857538 0.634520
5 0.569356 0.654211 0.861289 0.653731