6 0.253691 0.162463 0.252215 0.324926
5 0.657802 0.197760 0.660471 0.395520
5 0.664906 0.183042 0.667575 0.366084
5 0.644546 0.197468 0.647215 0.394936
5 0.616387 0.197175 0.619056 0.394351
5 0.630683 0.197370 0.633352 0.394741
5 0.650351 0.182457 0.653020 0.364914
5 0.636835 0.183432 0.639503 0.366864
5 0.622539 0.183237 0.625207 0.366474
5 0.667117 0.167206 0.665765 0.334413
5 0.656905 0.166621 0.659574 0.333243
5 0.643067 0.166508 0.645735 0.333017
5 0.628771 0.167401 0.631440 0.334803
5 0.674048 0.168899 0.651904 0.337797
5 0.670597 0.167830 0.658806 0.335661
5 0.675794 0.183646 0.648412 0.367293
5 0.677594 0.170228 0.644812 0.340457
5 0.681113 0.170470 0.637774 0.340940
5 0.584704 0.193767 0.587319 0.387533
5 0.598010 0.193767 0.600625 0.387533
5 0.589565 0.179823 0.592180 0.359646
5 0.608504 0.182280 0.611173 0.364560
5 0.571311 0.193020 0.573925 0.386041
5 0.578578 0.207183 0.581193 0.414366
5 0.592426 0.207054 0.595041 0.414109
5 0.633031 0.207930 0.635646 0.415859
5 0.619382 0.207865 0.621997 0.415730
5 0.605359 0.207634 0.607973 0.415267
5 0.525734 0.206042 0.528349 0.412085
5 0.539020 0.204763 0.541635 0.409525
5 0.552004 0.204651 0.554618 0.409302
5 0.545490 0.189860 0.548105 0.379721
5 0.491533 0.193451 0.494147 0.386902
5 0.505490 0.193609 0.508105 0.387217
5 0.519079 0.192741 0.521694 0.385482
5 0.498708 0.206431 0.501323 0.412861
5 0.484994 0.206885 0.487608 0.413769
5 0.477421 0.193555 0.480036 0.387111
5 0.463777 0.193533 0.466391 0.387067
5 0.470316 0.180100 0.472930 0.360200
5 0.484472 0.180547 0.487086 0.361094
5 0.498583 0.180443 0.501198 0.360886
5 0.491945 0.167142 0.494560 0.334285
5 0.477437 0.167092 0.480051 0.334183
5 0.456517 0.179998 0.459132 0.359996
5 0.512673 0.169605 0.515342 0.339210
5 0.412283 0.192442 0.414898 0.384885
5 0.425535 0.191668 0.428150 0.383337
5 0.438703 0.192272 0.441318 0.384544
5 0.451403 0.192695 0.454018 0.385389
5 0.444496 0.179529 0.447110 0.359058
5 0.419373 0.178125 0.421988 0.356249
5 0.405811 0.178376 0.408425 0.356753
5 0.432035 0.176980 0.434650 0.353960
5 0.418968 0.205853 0.421582 0.411707
5 0.405265 0.206208 0.407879 0.412417
5 0.391535 0.206436 0.394150 0.412871
5 0.363452 0.206830 0.366066 0.413659
5 0.348871 0.206175 0.351486 0.412350
5 0.335190 0.206580 0.337805 0.413160
5 0.321368 0.205609 0.323983 0.411218
5 0.307626 0.205555 0.310241 0.411110
5 0.377423 0.206668 0.380038 0.413336
5 0.398643 0.192229 0.401258 0.384459
5 0.384259 0.192641 0.386874 0.385281
5 0.369821 0.192781 0.372436 0.385562
5 0.355686 0.192851 0.358300 0.385701
5 0.327015 0.192601 0.329630 0.385202
5 0.313684 0.192549 0.316298 0.385099
5 0.300023 0.191760 0.302638 0.383520
5 0.341268 0.192288 0.343883 0.384576
5 0.292993 0.177781 0.295608 0.355562
5 0.306653 0.178570 0.309268 0.357141
5 0.319985 0.178622 0.322599 0.357244
5 0.334238 0.178309 0.336853 0.356618
5 0.348492 0.178688 0.351107 0.357376
5 0.362218 0.178618 0.364833 0.357236
5 0.377229 0.178662 0.379844 0.357323
5 0.391613 0.178250 0.394227 0.356501
5 0.356176 0.164341 0.358791 0.328682
5 0.369903 0.164271 0.372517 0.328542
5 0.384913 0.164315 0.387528 0.328629
5 0.399297 0.163903 0.401912 0.327807
5 0.413495 0.164029 0.416109 0.328059
5 0.399151 0.219127 0.401765 0.438254
5 0.385421 0.219354 0.388035 0.438708
5 0.371309 0.219586 0.373924 0.439173
5 0.357338 0.219748 0.359952 0.439496
5 0.342757 0.219093 0.345371 0.438187
5 0.329076 0.219498 0.331690 0.438996
5 0.315254 0.218527 0.317868 0.437054
5 0.301512 0.218473 0.304126 0.436946
5 0.287652 0.217682 0.290266 0.435365
5 0.293766 0.204764 0.296381 0.409528
5 0.272386 0.217908 0.275000 0.435816
5 0.279505 0.204538 0.282119 0.409076
5 0.285129 0.191205 0.287744 0.382411
5 0.277928 0.178233 0.280543 0.356466
5 0.264339 0.203747 0.266954 0.407494
5 0.257220 0.217117 0.259835 0.434235
5 0.270968 0.190527 0.273582 0.381055
5 0.283452 0.163770 0.286066 0.327541
5 0.266059 0.231015 0.268673 0.462030
5 0.250893 0.230224 0.253508 0.460448
5 0.280622 0.231693 0.283236 0.463386
5 0.295185 0.231580 0.297799 0.463160
5 0.308926 0.231634 0.311541 0.463267
5 0.322749 0.232605 0.325363 0.465210
5 0.336429 0.232200 0.339044 0.464400
5 0.351010 0.232855 0.353625 0.465709
5 0.288556 0.244912 0.291171 0.489825
5 0.273993 0.245025 0.276608 0.490051
5 0.259430 0.244347 0.262045 0.488695
5 0.244265 0.243556 0.246879 0.487113
5 0.245126 0.270549 0.247741 0.541099
5 0.259276 0.271049 0.261891 0.542097
5 0.273995 0.271842 0.276610 0.543685
5 0.288837 0.272633 0.291452 0.545267
5 0.267121 0.285024 0.269736 0.570049
5 0.252402 0.284346 0.255017 0.568693
5 0.245171 0.297109 0.247786 0.594218
5 0.259891 0.297903 0.262505 0.595806
5 0.253016 0.311085 0.255631 0.622170
5 0.404914 0.233342 0.407529 0.466684
5 0.391627 0.232696 0.394242 0.465392
5 0.452068 0.219379 0.454683 0.438758
5 0.458291 0.206807 0.460906 0.413614
5 0.445161 0.206214 0.447775 0.412427
5 0.688436 0.180363 0.623128 0.360726
5 0.684890 0.181128 0.630221 0.362257
5 0.676289 0.194667 0.647422 0.389334
5 0.679738 0.194337 0.640523 0.388674
5 0.686548 0.194163 0.626904 0.388326
5 0.683098 0.194493 0.633804 0.388986
5 0.681480 0.181453 0.637041 0.362907
5 0.683259 0.167612 0.633482 0.335225
5 0.681634 0.154729 0.636731 0.309458
5 0.719925 0.191338 0.560150 0.382676
5 0.714802 0.177166 0.570396 0.354332
5 0.716671 0.163561 0.566658 0.327123
5 0.714949 0.205037 0.570102 0.410074
5 0.696998 0.166112 0.606003 0.332224
5 0.726656 0.190998 0.546687 0.381995
5 0.739035 0.165017 0.521930 0.330034
5 0.746441 0.166477 0.507119 0.332955
5 0.742957 0.166433 0.514085 0.332865
5 0.744742 0.154011 0.510516 0.308022
5 0.748220 0.153203 0.503561 0.306406
5 0.748145 0.179818 0.503709 0.359636
5 0.746490 0.192158 0.507020 0.384317
5 0.741006 0.178262 0.517989 0.356523
5 0.700479 0.166962 0.599042 0.333924