6 0.253691 0.548105 0.252215 0.553642
5 0.657802 0.597174 0.660471 0.596693
5 0.664906 0.577549 0.667575 0.577069
5 0.644546 0.596784 0.647215 0.596304
5 0.616387 0.596394 0.619056 0.595914
5 0.630683 0.596654 0.633352 0.596174
5 0.650351 0.576770 0.653020 0.576289
5 0.636835 0.578069 0.639503 0.577589
5 0.622539 0.577809 0.625207 0.577329
5 0.667117 0.556435 0.665765 0.555955
5 0.656905 0.555656 0.659574 0.555175
5 0.643067 0.555505 0.645735 0.555024
5 0.628771 0.556695 0.631440 0.556215
5 0.674048 0.558692 0.651904 0.558211
5 0.670597 0.557267 0.658806 0.556787
5 0.675794 0.578355 0.648412 0.577875
5 0.677594 0.560465 0.644812 0.559984
5 0.681113 0.560787 0.637774 0.560306
5 0.584704 0.591026 0.587319 0.593014
5 0.598010 0.591026 0.600625 0.593014
5 0.589565 0.572435 0.592180 0.574422
5 0.608504 0.576533 0.611173 0.576053
5 0.571311 0.590031 0.573925 0.592019
5 0.578578 0.608915 0.581193 0.610903
5 0.592426 0.608743 0.595041 0.610731
5 0.633031 0.609910 0.635646 0.611898
5 0.619382 0.609824 0.621997 0.611812
5 0.605359 0.609516 0.607973 0.611504
5 0.525734 0.607394 0.528349 0.609382
5 0.539020 0.605687 0.541635 0.607675
5 0.552004 0.605539 0.554618 0.607527
5 0.545490 0.585818 0.548105 0.587805
5 0.491533 0.590606 0.494147 0.592593
5 0.505490 0.590815 0.508105 0.592803
5 0.519079 0.589659 0.521694 0.591647
5 0.498708 0.607912 0.501323 0.609899
5 0.484994 0.608517 0.487608 0.610504
5 0.477421 0.590745 0.480036 0.592732
5 0.463777 0.590715 0.466391 0.592703
5 0.470316 0.572804 0.472930 0.574792
5 0.484472 0.573400 0.487086 0.575388
5 0.498583 0.573261 0.501198 0.575249
5 0.491945 0.555527 0.494560 0.557515
5 0.477437 0.555460 0.480051 0.557447
5 0.456517 0.572668 0.459132 0.574656
5 0.512673 0.559633 0.515342 0.559153
5 0.412283 0.589260 0.414898 0.591248
5 0.425535 0.588228 0.428150 0.590216
5 0.438703 0.589033 0.441318 0.591021
5 0.451403 0.589597 0.454018 0.591585
5 0.444496 0.572043 0.447110 0.574031
5 0.419373 0.570170 0.421988 0.572158
5 0.405811 0.570506 0.408425 0.572494
5 0.432035 0.568644 0.434650 0.570632
5 0.418968 0.607142 0.421582 0.609130
5 0.405265 0.607615 0.407879 0.609603
5 0.391535 0.607918 0.394150 0.609906
5 0.363452 0.608444 0.366066 0.610431
5 0.348871 0.607570 0.351486 0.609558
5 0.335190 0.608111 0.337805 0.610098
5 0.321368 0.606816 0.323983 0.608804
5 0.307626 0.606744 0.310241 0.608732
5 0.377423 0.608228 0.380038 0.610216
5 0.398643 0.588977 0.401258 0.590965
5 0.384259 0.589525 0.386874 0.591513
5 0.369821 0.589712 0.372436 0.591700
5 0.355686 0.589805 0.358300 0.591793
5 0.327015 0.589472 0.329630 0.591460
5 0.313684 0.589403 0.316298 0.591391
5 0.300023 0.588351 0.302638 0.590338
5 0.341268 0.589055 0.343883 0.591042
5 0.292993 0.569712 0.295608 0.571700
5 0.306653 0.570765 0.309268 0.572752
5 0.319985 0.570833 0.322599 0.572821
5 0.334238 0.570416 0.336853 0.572404
5 0.348492 0.570921 0.351107 0.572909
5 0.362218 0.570828 0.364833 0.572816
5 0.377229 0.570886 0.379844 0.572874
5 0.391613 0.570338 0.394227 0.572326
5 0.356176 0.551792 0.358791 0.553780
5 0.369903 0.551699 0.372517 0.553687
5 0.384913 0.551757 0.387528 0.553745
5 0.399297 0.551209 0.401912 0.553197
5 0.413495 0.551377 0.416109 0.553365
5 0.399151 0.624840 0.401765 0.626828
5 0.385421 0.625143 0.388035 0.627131
5 0.371309 0.625452 0.373924 0.627440
5 0.357338 0.625668 0.359952 0.627656
5 0.342757 0.624795 0.345371 0.626783
5 0.329076 0.625335 0.331690 0.627323
5 0.315254 0.624040 0.317868 0.626028
5 0.301512 0.623968 0.304126 0.625956
5 0.287652 0.622914 0.290266 0.624902
5 0.293766 0.605689 0.296381 0.607677
5 0.272386 0.623215 0.275000 0.625203
5 0.279505 0.605388 0.282119 0.607376
5 0.285129 0.587611 0.287744 0.589599
5 0.277928 0.570314 0.280543 0.572302
5 0.264339 0.604334 0.266954 0.606321
5 0.257220 0.622160 0.259835 0.624148
5 0.270968 0.586707 0.273582 0.588695
5 0.283452 0.551031 0.286066 0.553019
5 0.266059 0.640690 0.268673 0.642678
5 0.250893 0.639636 0.253508 0.641624
5 0.280622 0.641594 0.283236 0.643582
5 0.295185 0.641444 0.297799 0.643432
5 0.308926 0.641516 0.311541 0.643503
5 0.322749 0.642811 0.325363 0.644798
5 0.336429 0.642271 0.339044 0.644258
5 0.351010 0.643143 0.353625 0.645131
5 0.288556 0.659220 0.291171 0.661208
5 0.273993 0.659371 0.276608 0.661359
5 0.259430 0.658467 0.262045 0.660455
5 0.244265 0.657413 0.246879 0.659401
5 0.245126 0.672854 0.247741 0.654292
5 0.259276 0.673020 0.261891 0.653960
5 0.273995 0.673285 0.276610 0.653430
5 0.288837 0.673549 0.291452 0.652903
5 0.267121 0.677679 0.269736 0.644642
5 0.252402 0.677453 0.255017 0.645094
5 0.245171 0.681707 0.247786 0.636586
5 0.259891 0.681972 0.262505 0.636056
5 0.253016 0.686366 0.255631 0.627269
5 0.404914 0.643793 0.407529 0.645781
5 0.391627 0.642932 0.394242 0.644920
5 0.452068 0.625176 0.454683 0.627164
5 0.458291 0.608414 0.460906 0.610401
5 0.445161 0.607622 0.447775 0.609610
5 0.688436 0.573155 0.623128 0.575143
5 0.684890 0.574175 0.630221 0.576163
5 0.676289 0.592227 0.647422 0.594214
5 0.679738 0.591787 0.640523 0.593774
5 0.686548 0.591554 0.626904 0.593542
5 0.683098 0.591995 0.633804 0.593983
5 0.681480 0.574609 0.637041 0.576596
5 0.683259 0.556154 0.633482 0.558142
5 0.681634 0.538976 0.636731 0.540964
5 0.719925 0.587788 0.560150 0.589776
5 0.714802 0.568892 0.570396 0.570880
5 0.716671 0.550752 0.566658 0.552740
5 0.714949 0.606054 0.570102 0.608041
5 0.696998 0.554154 0.606003 0.556142
5 0.726656 0.587334 0.546687 0.589322
5 0.739035 0.552694 0.521930 0.554681
5 0.746441 0.554641 0.507119 0.556628
5 0.742957 0.554581 0.514085 0.556569
5 0.744742 0.538019 0.510516 0.540007
5 0.748220 0.536941 0.503561 0.538929
5 0.748145 0.572428 0.503709 0.574416
5 0.746490 0.588882 0.507020 0.590870
5 0.741006 0.570353 0.517989 0.572341
5 0.700479 0.555287 0.599042 0.557275