6 0.196358 0.538509 0.191683 0.536294
5 0.705595 0.606486 0.588810 0.608635
5 0.708901 0.606391 0.582197 0.608540
5 0.712303 0.607726 0.575394 0.609875
5 0.710634 0.587793 0.578732 0.589942
5 0.707359 0.587125 0.585281 0.589274
5 0.704006 0.587030 0.591989 0.589179
5 0.702289 0.606295 0.595422 0.608444
5 0.700604 0.586172 0.598792 0.588320
5 0.698903 0.605628 0.602194 0.607776
5 0.717437 0.588747 0.565125 0.590896
5 0.715705 0.607344 0.568591 0.609493
5 0.714067 0.588174 0.571865 0.590323
5 0.709013 0.569767 0.581975 0.571916
5 0.695410 0.605500 0.609181 0.607649
5 0.697137 0.586687 0.605725 0.588836
5 0.698827 0.568782 0.602346 0.570930
5 0.702265 0.568319 0.595470 0.570468
5 0.700677 0.549372 0.598646 0.551521
5 0.697111 0.549943 0.605778 0.552093
5 0.704054 0.550686 0.591892 0.552835
5 0.707668 0.550467 0.584664 0.552616
5 0.714294 0.552110 0.571411 0.554258
5 0.693679 0.586415 0.612641 0.588564
5 0.691836 0.605581 0.616329 0.607731
5 0.659216 0.566935 0.661651 0.569084
5 0.667626 0.567712 0.664749 0.569862
5 0.670933 0.567840 0.658133 0.569989
5 0.674448 0.567134 0.651104 0.569283
5 0.677954 0.566724 0.644091 0.568873
5 0.681561 0.567058 0.636878 0.569207
5 0.679887 0.548431 0.640225 0.550580
5 0.676424 0.548784 0.647153 0.550933
5 0.672774 0.548508 0.654452 0.550657
5 0.669259 0.549213 0.661481 0.551363
5 0.665728 0.548657 0.668164 0.550806
5 0.652692 0.546764 0.655128 0.548913
5 0.677981 0.604644 0.644037 0.606794
5 0.676308 0.586018 0.647385 0.588167
5 0.661036 0.604879 0.663471 0.607029
5 0.666127 0.585436 0.667747 0.587585
5 0.627798 0.585326 0.630234 0.587475
5 0.641265 0.585720 0.643701 0.587869
5 0.654155 0.586103 0.656591 0.588252
5 0.647855 0.605005 0.650290 0.607154
5 0.621753 0.603973 0.624188 0.606121
5 0.625414 0.547651 0.627849 0.549799
5 0.619928 0.566818 0.622363 0.568967
5 0.581518 0.604175 0.583954 0.606324
5 0.594971 0.604075 0.597407 0.606224
5 0.588751 0.622374 0.591187 0.624523
5 0.548173 0.621339 0.550609 0.623488
5 0.542484 0.566414 0.544920 0.568562
5 0.557005 0.566445 0.559440 0.568593
5 0.555098 0.603106 0.557533 0.605255
5 0.562699 0.584917 0.565134 0.587066
5 0.570502 0.567607 0.572938 0.569756
5 0.500314 0.564675 0.502750 0.566824
5 0.514835 0.564706 0.517271 0.566855
5 0.528333 0.565868 0.530769 0.568018
5 0.453218 0.543509 0.455654 0.545658
5 0.467660 0.544723 0.470095 0.546872
5 0.425846 0.581801 0.428282 0.583950
5 0.439991 0.581268 0.442426 0.583417
5 0.432410 0.560889 0.434846 0.563039
5 0.412230 0.580913 0.414666 0.583062
5 0.397709 0.580882 0.400145 0.583031
5 0.391012 0.600296 0.393448 0.602445
5 0.405081 0.600553 0.407517 0.602702
5 0.418773 0.600651 0.421209 0.602800
5 0.433294 0.600682 0.435729 0.602831
5 0.364407 0.561019 0.366842 0.563168
5 0.377248 0.561791 0.379683 0.563940
5 0.390469 0.561642 0.392904 0.563791
5 0.404119 0.561553 0.406555 0.563702
5 0.384144 0.579874 0.386580 0.582023
5 0.309771 0.560569 0.312206 0.562719
5 0.324008 0.561254 0.326443 0.563403
5 0.337694 0.562065 0.340130 0.564214
5 0.351752 0.562500 0.354187 0.564648
5 0.317171 0.542650 0.319606 0.544799
5 0.331051 0.541997 0.333486 0.544146
5 0.344470 0.543877 0.346906 0.546027
5 0.357636 0.543510 0.360072 0.545659
5 0.302639 0.542783 0.305074 0.544932
5 0.288731 0.542917 0.291166 0.545066
5 0.411251 0.542831 0.413687 0.544980
5 0.345201 0.580345 0.347636 0.582494
5 0.338748 0.599009 0.341183 0.601157
5 0.352817 0.599266 0.355252 0.601414
5 0.295854 0.597479 0.298290 0.599628
5 0.303254 0.579559 0.305689 0.581708
5 0.317171 0.579257 0.319606 0.581405
5 0.282240 0.597025 0.284676 0.599174
5 0.207816 0.611395 0.210252 0.613545
5 0.214611 0.594232 0.217046 0.596381
5 0.220825 0.576604 0.223261 0.578753
5 0.226813 0.558684 0.229249 0.560833
5 0.222640 0.612001 0.225076 0.614150
5 0.229435 0.594837 0.231871 0.596986
5 0.255595 0.560648 0.258031 0.562796
5 0.241203 0.560042 0.243638 0.562191
5 0.263944 0.614769 0.266379 0.616918
5 0.250877 0.613768 0.253313 0.615917
5 0.277153 0.615086 0.279589 0.617236
5 0.200786 0.629191 0.203221 0.631340
5 0.215698 0.629533 0.218133 0.631682
5 0.230665 0.630378 0.233100 0.632526
5 0.193600 0.646503 0.196035 0.648652
5 0.208512 0.646844 0.210948 0.648993
5 0.216025 0.666073 0.218460 0.667853
5 0.201439 0.665611 0.203875 0.667760
5 0.187285 0.665774 0.189720 0.667923
5 0.180643 0.670357 0.183079 0.659287
5 0.194471 0.670438 0.196906 0.659123
5 0.174219 0.674603 0.176655 0.650795
5 0.202528 0.683953 0.204963 0.632095
5 0.188700 0.683871 0.191136 0.632258
5 0.746356 0.606918 0.507288 0.609067
5 0.742954 0.607299 0.514091 0.609448
5 0.736246 0.606059 0.527507 0.608208
5 0.732940 0.605869 0.534120 0.608017
5 0.722513 0.607056 0.554973 0.609205
5 0.725929 0.606341 0.548143 0.608490
5 0.729396 0.605676 0.541208 0.607825
5 0.739553 0.605964 0.520895 0.608113
5 0.731224 0.587652 0.537552 0.589800
5 0.734530 0.587209 0.530939 0.589358
5 0.738021 0.587113 0.523957 0.589262
5 0.727812 0.587934 0.544376 0.590083
5 0.724345 0.587965 0.551311 0.590114
5 0.729660 0.568767 0.540680 0.570916
5 0.736484 0.567724 0.527032 0.569873
5 0.739975 0.567629 0.520050 0.569778
5 0.732993 0.567850 0.534014 0.569999
5 0.728129 0.549124 0.543743 0.551273
5 0.731462 0.548208 0.537077 0.550356
5 0.734953 0.548081 0.530095 0.550230
5 0.738444 0.547986 0.523112 0.550135
5 0.724908 0.549916 0.550185 0.552065
5 0.722954 0.570034 0.554092 0.572183
5 0.742694 0.643032 0.514611 0.645181
5 0.741163 0.624181 0.517674 0.626330
5 0.737672 0.624276 0.524656 0.626425
5 0.739388 0.643127 0.521224 0.645276
5 0.747799 0.624964 0.504401 0.627113
5 0.748347 0.550515 0.503306 0.552664
5 0.746575 0.568796 0.506849 0.570945
5 0.724208 0.625280 0.551583 0.627430
5 0.722325 0.643687 0.555350 0.645836
5 0.729337 0.643215 0.541327 0.645364
5 0.731000 0.624336 0.538001 0.626485
5 0.688491 0.568242 0.623019 0.570391