5 0.369221 0.606486 0.738442 0.608635
5 0.379140 0.606391 0.758280 0.608540
5 0.389345 0.607726 0.778690 0.609875
5 0.384338 0.587793 0.768675 0.589942
5 0.374514 0.587125 0.749029 0.589274
5 0.364453 0.587030 0.728905 0.589179
5 0.359302 0.606295 0.718605 0.608444
5 0.354247 0.586172 0.708495 0.588320
5 0.349145 0.605628 0.698290 0.607776
5 0.404748 0.588747 0.809495 0.590896
5 0.399550 0.607344 0.799100 0.609493
5 0.394638 0.588174 0.789276 0.590323
5 0.379474 0.569767 0.758947 0.571916
5 0.338664 0.605500 0.677328 0.607649
5 0.343848 0.586687 0.687695 0.588836
5 0.348917 0.568782 0.697833 0.570930
5 0.359231 0.568319 0.718461 0.570468
5 0.354466 0.549372 0.708933 0.551521
5 0.343769 0.549943 0.687538 0.552093
5 0.364597 0.550686 0.729195 0.552835
5 0.375440 0.550467 0.750881 0.552616
5 0.395319 0.552110 0.790638 0.554258
5 0.333474 0.586415 0.666948 0.588564
5 0.327943 0.605581 0.655886 0.607731
5 0.245021 0.566935 0.490041 0.569084
5 0.255313 0.567712 0.510625 0.569862
5 0.265236 0.567840 0.530471 0.569989
5 0.275779 0.567134 0.551558 0.569283
5 0.286299 0.566724 0.572598 0.568873
5 0.297119 0.567058 0.594238 0.569207
5 0.292097 0.548431 0.584195 0.550580
5 0.281707 0.548784 0.563413 0.550933
5 0.270758 0.548508 0.541515 0.550657
5 0.260214 0.549213 0.520428 0.551363
5 0.249905 0.548657 0.499810 0.550806
5 0.240128 0.546764 0.480256 0.548913
5 0.286380 0.604644 0.572760 0.606794
5 0.281358 0.586018 0.562717 0.588167
5 0.246386 0.604879 0.492771 0.607029
5 0.250815 0.585436 0.501630 0.587585
5 0.221457 0.585326 0.442915 0.587475
5 0.231558 0.585720 0.463115 0.587869
5 0.241225 0.586103 0.482451 0.588252
5 0.236500 0.605005 0.473000 0.607154
5 0.216923 0.603973 0.433847 0.606121
5 0.219669 0.547651 0.439339 0.549799
5 0.215555 0.566818 0.431110 0.568967
5 0.186748 0.604175 0.373495 0.606324
5 0.196837 0.604075 0.393675 0.606224
5 0.192172 0.622374 0.384345 0.624523
5 0.161739 0.621339 0.323477 0.623488
5 0.157472 0.566414 0.314944 0.568562
5 0.168362 0.566445 0.336725 0.568593
5 0.166932 0.603106 0.333864 0.605255
5 0.172633 0.584917 0.345266 0.587066
5 0.178486 0.567607 0.356972 0.569756
5 0.125845 0.564675 0.251689 0.566824
5 0.136735 0.564706 0.273470 0.566855
5 0.146859 0.565868 0.293718 0.568018
5 0.491503 0.606918 0.983007 0.609067
5 0.481298 0.607299 0.962597 0.609448
5 0.461175 0.606059 0.922349 0.608208
5 0.451256 0.605869 0.902512 0.608017
5 0.419976 0.607056 0.839951 0.609205
5 0.430222 0.606341 0.860443 0.608490
5 0.440623 0.605676 0.881247 0.607825
5 0.471094 0.605964 0.942187 0.608113
5 0.446108 0.587652 0.892215 0.589800
5 0.456026 0.587209 0.912053 0.589358
5 0.466500 0.587113 0.932999 0.589262
5 0.435871 0.587934 0.871742 0.590083
5 0.425469 0.587965 0.850939 0.590114
5 0.441415 0.568767 0.882831 0.570916
5 0.461888 0.567724 0.923775 0.569873
5 0.472361 0.567629 0.944722 0.569778
5 0.451414 0.567850 0.902829 0.569999
5 0.436822 0.549124 0.873643 0.551273
5 0.446820 0.548208 0.893641 0.550356
5 0.457294 0.548081 0.914587 0.550230
5 0.467767 0.547986 0.935534 0.550135
5 0.427159 0.549916 0.854317 0.552065
5 0.421297 0.570034 0.842595 0.572183
5 0.480519 0.643032 0.961038 0.645181
5 0.475925 0.624181 0.951850 0.626330
5 0.465452 0.624276 0.930903 0.626425
5 0.470600 0.643127 0.941200 0.645276
5 0.519822 0.606737 0.960356 0.608887
5 0.516420 0.607119 0.967159 0.609268
5 0.509592 0.606960 0.980815 0.609109
5 0.512899 0.606864 0.974203 0.609013
5 0.507879 0.626182 0.984242 0.628332
5 0.504387 0.624944 0.991226 0.627093
5 0.501106 0.624869 0.997789 0.627018
5 0.495834 0.624964 0.991667 0.627113
5 0.501307 0.587292 0.997386 0.589442
5 0.502931 0.606419 0.994139 0.608569
5 0.504728 0.587473 0.990544 0.589622
5 0.520039 0.568314 0.959922 0.570463
5 0.516489 0.569733 0.967022 0.571882
5 0.513162 0.569436 0.973677 0.571585
5 0.509880 0.568790 0.980240 0.570939
5 0.506376 0.568599 0.987248 0.570748
5 0.503054 0.568110 0.993891 0.570259
5 0.497476 0.550515 0.994953 0.552664
5 0.492162 0.568796 0.984324 0.570945
5 0.504784 0.549730 0.990433 0.551879
5 0.508105 0.550218 0.983789 0.552367
5 0.511609 0.550409 0.976781 0.552558
5 0.514891 0.551055 0.970218 0.553204
5 0.518219 0.551353 0.963563 0.553501
5 0.521768 0.549933 0.956463 0.552082
5 0.528514 0.588115 0.942972 0.590264
5 0.525017 0.587633 0.949966 0.589782
5 0.521584 0.588286 0.956833 0.590435
5 0.518170 0.587324 0.963660 0.589473
5 0.514745 0.587925 0.970509 0.590074
5 0.511424 0.587436 0.977153 0.589585
5 0.531986 0.588279 0.936028 0.590428
5 0.541230 0.568441 0.917541 0.570589
5 0.537742 0.569421 0.924516 0.571570
5 0.533727 0.568787 0.932546 0.570936
5 0.530302 0.569388 0.939396 0.571537
5 0.526980 0.568899 0.946039 0.571048
5 0.537181 0.606652 0.925638 0.608801
5 0.533709 0.606488 0.932583 0.608637
5 0.530211 0.606006 0.939577 0.608155
5 0.526450 0.606167 0.947099 0.608316
5 0.535743 0.586941 0.928514 0.589090
5 0.539086 0.587652 0.921829 0.589801
5 0.548087 0.607544 0.903826 0.609692
5 0.545804 0.625745 0.908393 0.627894
5 0.542128 0.625977 0.915743 0.628125
5 0.538575 0.625246 0.922850 0.627395
5 0.542681 0.588008 0.914637 0.590157
5 0.546545 0.586938 0.906911 0.589088
5 0.556138 0.674407 0.887723 0.651186
5 0.554417 0.669848 0.891166 0.660304
5 0.552831 0.663434 0.894339 0.665583
5 0.551196 0.644712 0.897608 0.646861
5 0.548789 0.674682 0.902422 0.650635
5 0.552533 0.674415 0.894933 0.651170
5 0.547095 0.670046 0.905810 0.659907
5 0.529905 0.643681 0.940190 0.645830
5 0.533402 0.644163 0.933196 0.646312
5 0.516106 0.645156 0.967789 0.647305
5 0.512663 0.644510 0.974673 0.646659
5 0.536109 0.550072 0.927781 0.552221
5 0.561492 0.678782 0.877015 0.642437
5 0.557887 0.678789 0.884225 0.642421
5 0.559989 0.674168 0.880023 0.651664
5 0.425060 0.625280 0.850121 0.627430
5 0.419411 0.643687 0.838822 0.645836
5 0.440445 0.643215 0.880890 0.645364
5 0.445434 0.624336 0.890868 0.626485
5 0.317907 0.568242 0.635814 0.570391