5 0.535242 0.469505 0.929516 0.469505
5 0.529313 0.520761 0.941375 0.520761
5 0.527986 0.460846 0.944028 0.460846
5 0.526192 0.437675 0.947617 0.437675
5 0.528961 0.419418 0.942078 0.419418
5 0.530093 0.441418 0.939815 0.441418
5 0.534461 0.445163 0.931077 0.445163
5 0.540625 0.449143 0.918750 0.449143
5 0.539493 0.468801 0.921013 0.468801
5 0.539415 0.564295 0.921169 0.564295
5 0.543758 0.549479 0.912484 0.547822
5 0.538550 0.548532 0.922901 0.560369
5 0.534407 0.555871 0.931187 0.561080
5 0.529632 0.559422 0.940735 0.564157
5 0.526673 0.559422 0.946654 0.562500
5 0.525489 0.536222 0.949021 0.539299
5 0.521307 0.540009 0.957386 0.542614
5 0.528212 0.506629 0.943576 0.510653
5 0.523240 0.522254 0.953520 0.522017
5 0.520478 0.521307 0.959044 0.522491
5 0.516020 0.513021 0.967961 0.517045
5 0.517914 0.538116 0.964173 0.541430
5 0.514757 0.542140 0.970486 0.539299
5 0.512587 0.512547 0.974826 0.514441
5 0.514717 0.494555 0.970565 0.497396
5 0.532473 0.535985 0.935054 0.540009
5 0.519373 0.498343 0.961253 0.497159
5 0.524227 0.495028 0.951547 0.501657
5 0.521701 0.500000 0.956597 0.500237
5 0.511798 0.495028 0.976405 0.496449
5 0.519334 0.555871 0.961332 0.559659
5 0.522727 0.559896 0.954545 0.562973
5 0.523714 0.581439 0.952573 0.584044
5 0.527896 0.579309 0.944208 0.582623
5 0.532197 0.580492 0.935606 0.582860
5 0.536458 0.582623 0.927083 0.584280
5 0.537504 0.585359 0.924992 0.585359
5 0.544231 0.585938 0.911537 0.587595
5 0.547388 0.582860 0.905224 0.585701
5 0.551215 0.585464 0.897569 0.586411
5 0.547725 0.564295 0.904551 0.564295
5 0.547373 0.525911 0.905254 0.525911
5 0.534149 0.538314 0.931701 0.538314
5 0.533018 0.487527 0.933963 0.487527
5 0.564693 0.600104 0.870615 0.600104
5 0.563842 0.607481 0.872317 0.610795
5 0.559777 0.607718 0.880445 0.608428
5 0.556384 0.606061 0.887232 0.608191
5 0.552478 0.605587 0.895044 0.607244
5 0.549164 0.604877 0.901673 0.608665
5 0.547546 0.606061 0.904908 0.601562
5 0.540799 0.606061 0.918403 0.607008
5 0.537169 0.600616 0.925663 0.603220
5 0.533302 0.605114 0.933396 0.605587
5 0.529001 0.603693 0.941998 0.605350
5 0.529908 0.602983 0.940183 0.604877
5 0.554490 0.625947 0.891020 0.627367
5 0.559580 0.629498 0.880840 0.629498
5 0.561158 0.624053 0.877683 0.627841
5 0.568360 0.619999 0.863280 0.619297
5 0.565657 0.627604 0.868687 0.629972
5 0.564749 0.650568 0.870502 0.647491
5 0.559699 0.647017 0.880603 0.648438
5 0.568103 0.650095 0.863794 0.650568
5 0.569208 0.666371 0.861585 0.667259
5 0.565223 0.665009 0.869555 0.667140
5 0.561435 0.665009 0.877131 0.667614
5 0.557449 0.662405 0.885101 0.664773
5 0.554863 0.667112 0.890274 0.665776
5 0.549716 0.666548 0.900568 0.666903
5 0.548493 0.642045 0.903015 0.644650
5 0.551176 0.629735 0.897648 0.628078
5 0.546599 0.625000 0.906802 0.629025
5 0.542416 0.624053 0.915167 0.626657
5 0.544665 0.646070 0.910669 0.647727
5 0.540917 0.641572 0.918166 0.645833
5 0.546362 0.666193 0.907276 0.667614
5 0.551768 0.670099 0.896465 0.659801
5 0.554924 0.669448 0.890152 0.661103
5 0.562816 0.670218 0.874369 0.659564
5 0.571141 0.671106 0.857718 0.657789
5 0.568616 0.677734 0.862768 0.644531
5 0.564670 0.676669 0.870660 0.646662
5 0.558791 0.679806 0.882418 0.640388
5 0.563094 0.679692 0.873813 0.640616
5 0.557476 0.672612 0.885047 0.654776
5 0.554332 0.679214 0.891335 0.641572
5 0.551057 0.681226 0.897885 0.637547
5 0.546283 0.679155 0.907434 0.641690
5 0.543600 0.672053 0.912800 0.655895
5 0.539220 0.627367 0.921559 0.628551
5 0.534959 0.624290 0.930082 0.626420
5 0.531960 0.621449 0.936080 0.624053
5 0.526436 0.605587 0.947128 0.604403
5 0.522372 0.594460 0.955256 0.599905
5 0.523872 0.620502 0.952257 0.622633
5 0.527265 0.620502 0.945470 0.623816
5 0.525529 0.635653 0.948943 0.637074
5 0.522372 0.640625 0.955256 0.642045
5 0.528883 0.641572 0.942235 0.645123
5 0.530342 0.659328 0.939315 0.663826
5 0.534328 0.659328 0.931345 0.662879
5 0.526357 0.659091 0.947285 0.662642
5 0.523161 0.659091 0.953677 0.662879
5 0.517298 0.660256 0.965404 0.660256
5 0.522915 0.669921 0.954169 0.660159
5 0.519131 0.669921 0.961737 0.660159
5 0.528142 0.675070 0.943716 0.649860
5 0.530366 0.670623 0.939269 0.658755
5 0.537153 0.680569 0.925694 0.638861
5 0.535671 0.675537 0.928659 0.648925
5 0.542731 0.685484 0.914538 0.629032
5 0.546671 0.685543 0.906658 0.628915
5 0.550298 0.685484 0.899403 0.629032
5 0.548231 0.690282 0.903538 0.619435
5 0.544369 0.690107 0.911261 0.619787
5 0.553653 0.695256 0.892694 0.609489
5 0.536801 0.689989 0.926397 0.620021
5 0.529195 0.689404 0.941610 0.621192
5 0.524085 0.684372 0.951830 0.631256
5 0.518663 0.679106 0.962675 0.641789
5 0.507975 0.539018 0.984051 0.539018
5 0.504269 0.537614 0.991462 0.537614
5 0.500251 0.536911 0.999498 0.536911
5 0.503372 0.576700 0.993257 0.576700
5 0.507156 0.578572 0.985689 0.578572
5 0.504893 0.597531 0.990214 0.597531
5 0.506024 0.559145 0.987951 0.559145
5 0.500000 0.555400 1.000000 0.555400
5 0.498492 0.574827 0.996983 0.574827
5 0.500000 0.575296 1.000000 0.575296
5 0.500000 0.534571 1.000000 0.534571
5 0.500000 0.514444 1.000000 0.514444
5 0.506609 0.516082 0.986781 0.516082
5 0.516751 0.452654 0.966497 0.452654
5 0.518234 0.476527 0.963532 0.476527
5 0.514567 0.475592 0.970866 0.475592
5 0.495800 0.512105 0.991600 0.512105
5 0.489364 0.532701 0.978728 0.532701
5 0.482577 0.551425 0.965153 0.551425
5 0.486907 0.572022 0.973813 0.572022
5 0.486907 0.572022 0.973813 0.572022
5 0.476137 0.571252 0.952274 0.571252
5 0.464598 0.570227 0.929197 0.570227
5 0.458187 0.589202 0.916375 0.589202
5 0.459982 0.547919 0.919964 0.547919
5 0.471136 0.550227 0.942272 0.550227
5 0.466393 0.528688 0.932786 0.528688
5 0.477547 0.530227 0.955094 0.530227
5 0.473187 0.508688 0.946375 0.508688
5 0.484341 0.510483 0.968683 0.510483
5 0.462033 0.505097 0.924066 0.505097
5 0.451136 0.504328 0.902272 0.504328
5 0.439340 0.502277 0.878681 0.502277
5 0.433058 0.522791 0.866117 0.522791
5 0.437930 0.545099 0.875861 0.545099
5 0.426519 0.543305 0.853039 0.543305
5 0.419340 0.563819 0.838681 0.563819
5 0.451136 0.608435 0.902272 0.608435
5 0.435879 0.586641 0.871758 0.586641
5 0.462418 0.609718 0.924836 0.609718
5 0.469341 0.591768 0.938683 0.591768
5 0.473957 0.610999 0.947914 0.610999
5 0.479341 0.631257 0.958683 0.631257
5 0.490496 0.633307 0.980991 0.633307
5 0.500000 0.633821 1.000000 0.633821
5 0.500633 0.635104 0.998734 0.635104
5 0.500000 0.615104 1.000000 0.615104
5 0.496650 0.613310 0.993299 0.613310
5 0.492290 0.593052 0.984580 0.593052
5 0.480751 0.591768 0.961503 0.591768
5 0.442032 0.567410 0.884064 0.567410
5 0.424083 0.585102 0.848167 0.585102
5 0.412800 0.583821 0.825601 0.583821
5 0.407159 0.563307 0.814317 0.563307
5 0.402799 0.540743 0.805598 0.540743
5 0.414081 0.542027 0.828162 0.542027
5 0.396132 0.561515 0.792265 0.561515
5 0.401645 0.583054 0.803290 0.583054
5 0.389849 0.581515 0.779699 0.581515
5 0.384721 0.560490 0.769443 0.560490
5 0.380234 0.539207 0.760468 0.539207
5 0.387028 0.515104 0.774057 0.515104
5 0.409721 0.517924 0.819443 0.517924
5 0.420876 0.521513 0.841751 0.521513
5 0.415619 0.497154 0.831237 0.497154
5 0.382669 0.494078 0.765339 0.494078
5 0.369721 0.495617 0.739442 0.495617
5 0.375618 0.517411 0.751236 0.517411
5 0.363951 0.516897 0.727903 0.516897
5 0.352028 0.515872 0.704056 0.515872
5 0.357285 0.537667 0.714570 0.537667
5 0.368824 0.538692 0.737647 0.538692
5 0.373567 0.561256 0.747133 0.561256
5 0.361900 0.558692 0.723800 0.558692
5 0.366900 0.580231 0.733800 0.580231
5 0.355489 0.578948 0.710978 0.578948
5 0.350489 0.557409 0.700978 0.557409
5 0.344078 0.575614 0.688156 0.575614
5 0.349078 0.597409 0.698156 0.597409
5 0.363822 0.659717 0.727645 0.659717
5 0.375233 0.660487 0.750467 0.660487
5 0.386772 0.662025 0.773544 0.662025
5 0.411260 0.624077 0.822520 0.624077
5 0.399721 0.623052 0.799442 0.623052
5 0.388182 0.622027 0.776365 0.622027
5 0.395106 0.602538 0.790212 0.602538
5 0.406517 0.603563 0.813034 0.603563
5 0.417414 0.604846 0.834828 0.604846
5 0.429081 0.606385 0.858162 0.606385
5 0.433824 0.627410 0.867648 0.627410
5 0.422670 0.626385 0.845340 0.626385
5 0.456260 0.629974 0.912520 0.629974
5 0.461132 0.649718 0.922264 0.649718
5 0.466517 0.667366 0.933034 0.665269
5 0.460106 0.672302 0.920212 0.655397
5 0.471517 0.672558 0.943034 0.654884
5 0.477928 0.667943 0.955856 0.664115
5 0.472671 0.651513 0.945342 0.651513
5 0.509520 0.658693 0.980959 0.658693
5 0.514307 0.582024 0.971386 0.582024
5 0.518068 0.583307 0.963865 0.583307
5 0.512896 0.674545 0.974207 0.650909
5 0.510845 0.679097 0.978310 0.641806
5 0.447156 0.681276 0.894312 0.637448
5 0.507383 0.669225 0.985233 0.661551
5 0.458695 0.681917 0.917390 0.636166
5 0.504520 0.692943 0.990960 0.614115
5 0.508238 0.693199 0.983524 0.613602
5 0.511913 0.693520 0.976173 0.612960
5 0.509905 0.698200 0.980191 0.603601
5 0.340333 0.514118 0.680666 0.514118
5 0.328930 0.512655 0.657860 0.512655
5 0.312848 0.488680 0.625696 0.488680
5 0.324398 0.489850 0.648795 0.489850
5 0.335508 0.491313 0.671016 0.491313
5 0.347057 0.492482 0.694115 0.492482
5 0.358315 0.495115 0.716629 0.495115
5 0.352391 0.470170 0.704782 0.472538
5 0.401712 0.489110 0.803425 0.493134
5 0.408144 0.465672 0.816288 0.472064
5 0.409407 0.430634 0.818813 0.437027
5 0.416469 0.451231 0.832939 0.454309
5 0.466264 0.483191 0.932528 0.487926
5 0.476365 0.483428 0.952730 0.489347
5 0.492069 0.493134 0.984138 0.492898
5 0.442866 0.477746 0.885732 0.483665
5 0.430516 0.472538 0.861032 0.477509
5 0.437697 0.453835 0.875395 0.455729
5 0.371804 0.470170 0.743608 0.472301
5 0.361190 0.471591 0.722380 0.474432
5 0.302912 0.452652 0.605824 0.459991
5 0.315223 0.456913 0.630445 0.460464
5 0.325758 0.461648 0.651515 0.465436
5 0.298769 0.465199 0.597538 0.462358
5 0.299400 0.483191 0.598801 0.486742
5 0.302951 0.500947 0.605903 0.506629
5 0.317235 0.510653 0.634470 0.513258
5 0.319366 0.528172 0.638731 0.531487
5 0.308791 0.530303 0.617582 0.533854
5 0.329545 0.526042 0.659091 0.530303
5 0.350379 0.535985 0.700758 0.535275
5 0.334754 0.547822 0.669508 0.550663
5 0.324021 0.547822 0.648043 0.552083
5 0.312145 0.541193 0.624290 0.547822
5 0.316288 0.565578 0.632576 0.568655
5 0.307449 0.569839 0.614899 0.571023
5 0.330216 0.571023 0.660432 0.574811
5 0.321181 0.589015 0.642361 0.590909
5 0.311829 0.589962 0.623658 0.593040
5 0.289773 0.588778 0.579545 0.591146
5 0.303135 0.591504 0.606271 0.591504
5 0.286735 0.527462 0.573469 0.529593
5 0.298769 0.529593 0.597538 0.533144
5 0.292140 0.501420 0.584280 0.506629
5 0.286222 0.478456 0.572443 0.483428
5 0.285945 0.476799 0.571891 0.480587
5 0.295928 0.416430 0.591856 0.418324
5 0.305674 0.416430 0.611348 0.418797
5 0.327691 0.367661 0.655382 0.371922
5 0.339686 0.367898 0.679372 0.371922
5 0.354640 0.442235 0.709280 0.443419
5 0.387074 0.378078 0.774148 0.383049
5 0.392716 0.401515 0.785432 0.404119
5 0.291588 0.389678 0.583176 0.392282
5 0.285985 0.366004 0.571970 0.369081
5 0.263494 0.360795 0.526989 0.365057
5 0.256471 0.383286 0.512942 0.385417
5 0.272214 0.388968 0.544429 0.388494
5 0.285354 0.392282 0.570707 0.389678
5 0.274661 0.360322 0.549321 0.366004
5 0.288194 0.434422 0.576389 0.437500
5 0.273990 0.477983 0.547980 0.482008
5 0.280737 0.504498 0.561474 0.506629
5 0.268703 0.501184 0.537405 0.504972
5 0.272214 0.518703 0.544429 0.522964
5 0.265033 0.525568 0.530066 0.526989
5 0.256629 0.495502 0.513258 0.500473
5 0.264402 0.477273 0.528804 0.482244
5 0.254025 0.477509 0.508049 0.480587
5 0.258957 0.454782 0.517914 0.457860
5 0.272293 0.458807 0.544586 0.461411
5 0.280777 0.454309 0.561553 0.456676
5 0.264007 0.430634 0.528015 0.434186
5 0.246725 0.449100 0.493450 0.453362
5 0.239347 0.354403 0.478693 0.361269
5 0.232047 0.377367 0.464094 0.380445
5 0.230784 0.422585 0.461569 0.425663
5 0.227273 0.426847 0.454545 0.424716
5 0.238676 0.454072 0.477352 0.456439
5 0.223445 0.448153 0.446891 0.452652
5 0.230153 0.475616 0.460306 0.478456
5 0.246409 0.479167 0.492819 0.476562
5 0.247317 0.500473 0.494634 0.503788
5 0.233231 0.495028 0.466461 0.498580
5 0.223051 0.495502 0.446102 0.498106
5 0.226405 0.514441 0.452809 0.518466
5 0.241635 0.521780 0.483270 0.523438
5 0.249645 0.518229 0.499290 0.521307
5 0.262587 0.545455 0.525174 0.541903
5 0.265941 0.539536 0.531881 0.542377
5 0.277580 0.542377 0.555161 0.545928
5 0.288589 0.547585 0.577178 0.550900
5 0.282868 0.560369 0.565735 0.565104
5 0.273280 0.565341 0.546559 0.568655
5 0.259943 0.559896 0.519886 0.563447
5 0.251854 0.565104 0.503709 0.566998
5 0.241477 0.562737 0.482955 0.564631
5 0.226042 0.553786 0.452083 0.556710
5 0.232876 0.535985 0.465751 0.543324
5 0.222183 0.539536 0.444366 0.540246
5 0.230824 0.576468 0.461648 0.578598
5 0.243174 0.580019 0.486348 0.583333
5 0.256392 0.582860 0.512784 0.585701
5 0.267835 0.585464 0.535669 0.588305
5 0.276673 0.584280 0.553346 0.588778
5 0.304451 0.606534 0.608902 0.609375
5 0.316564 0.607481 0.633128 0.611506
5 0.250079 0.406960 0.500158 0.409328
5 0.252959 0.425663 0.505919 0.430634
5 0.260298 0.409564 0.520597 0.411222
5 0.242740 0.428267 0.485480 0.430161
5 0.233152 0.359138 0.466304 0.357008
5 0.217014 0.353693 0.434028 0.355824
5 0.207939 0.354403 0.415878 0.355824
5 0.208412 0.424953 0.416824 0.428030
5 0.202967 0.389678 0.405934 0.395123
5 0.198824 0.423532 0.397648 0.426610
5 0.212634 0.445786 0.425268 0.449574
5 0.218434 0.471591 0.436869 0.475142
5 0.207386 0.469934 0.414773 0.474905
5 0.212713 0.495028 0.425426 0.496922
5 0.199416 0.485795 0.398832 0.489110
5 0.189315 0.489347 0.378630 0.494318
5 0.197759 0.469460 0.395518 0.470407
5 0.183475 0.459991 0.366951 0.466383
5 0.175860 0.477273 0.351720 0.483665
5 0.171638 0.456676 0.343277 0.461174
5 0.193419 0.447680 0.386837 0.447917
5 0.191209 0.392519 0.382418 0.395597
5 0.180911 0.506629 0.361821 0.509233
5 0.192629 0.507102 0.385259 0.509470
5 0.215357 0.507812 0.430713 0.512311
5 0.204545 0.512547 0.409091 0.513968
5 0.208807 0.525095 0.417614 0.531487
5 0.197996 0.530777 0.395991 0.534091
5 0.189157 0.534328 0.378314 0.539536
5 0.183633 0.534564 0.367266 0.533381
5 0.163313 0.526752 0.326626 0.530066
5 0.169823 0.506629 0.339646 0.508996
5 0.141809 0.477509 0.283617 0.482481
5 0.153172 0.478220 0.306345 0.483428
5 0.165878 0.483428 0.331755 0.489583
5 0.159485 0.506392 0.318971 0.509233
5 0.146188 0.501894 0.292377 0.506629
5 0.135022 0.503788 0.270044 0.506866
5 0.132260 0.483191 0.264520 0.486269
5 0.145202 0.337121 0.290404 0.342803
5 0.152857 0.525805 0.305713 0.529593
5 0.170494 0.551136 0.340988 0.554924
5 0.157592 0.547822 0.315183 0.551373
5 0.179766 0.547822 0.359533 0.552083
5 0.193695 0.554451 0.387390 0.558002
5 0.203480 0.553741 0.406960 0.557528
5 0.216146 0.557292 0.432292 0.560843
5 0.140388 0.525331 0.280777 0.529356
5 0.129407 0.522207 0.258814 0.523962
5 0.133602 0.542140 0.267203 0.545691
5 0.136600 0.459754 0.273201 0.463778
5 0.155500 0.439157 0.311001 0.441525
5 0.150726 0.463542 0.301452 0.465672
5 0.160354 0.459991 0.320707 0.462121
5 0.127170 0.559896 0.254340 0.562737
5 0.194168 0.348485 0.388336 0.351326
5 0.180319 0.341856 0.360638 0.344223
5 0.159133 0.591212 0.318267 0.591212
5 0.154309 0.571037 0.308617 0.571037
5 0.165858 0.572791 0.331716 0.572791
5 0.170975 0.594136 0.341950 0.594136
5 0.126263 0.412879 0.252525 0.414773
5 0.138928 0.413116 0.277857 0.416903
5 0.150450 0.413589 0.300900 0.417140
5 0.161577 0.412879 0.323153 0.417614
5 0.179490 0.442472 0.358980 0.445076
5 0.168442 0.438447 0.336884 0.442472
5 0.172625 0.413352 0.345249 0.416667
5 0.145794 0.388968 0.291588 0.392282
5 0.150963 0.361506 0.301926 0.366004
5 0.141335 0.365767 0.282670 0.368608
5 0.211766 0.375237 0.423532 0.378314
4 0.501618 0.397017 0.996765 0.400805
5 0.443734 0.524148 0.887468 0.526278
5 0.452928 0.524148 0.905855 0.529830
5 0.427281 0.500947 0.854561 0.502841
5 0.518032 0.427083 0.963936 0.430634
5 0.513771 0.424716 0.972459 0.425426
5 0.510219 0.422822 0.979561 0.426373
5 0.505721 0.424953 0.988557 0.430398
5 0.520912 0.424716 0.958176 0.430398
5 0.523280 0.406960 0.953441 0.410275
5 0.519452 0.406960 0.961095 0.409564
5 0.508207 0.398438 0.983586 0.401278
5 0.546086 0.508523 0.907828 0.510653
5 0.539457 0.483665 0.921086 0.489110
5 0.568655 0.519413 0.862689 0.520597
5 0.570036 0.537879 0.859927 0.540720
5 0.571338 0.563447 0.857323 0.559422
5 0.573587 0.538589 0.852825 0.540720
5 0.565735 0.457386 0.868529 0.459280
5 0.558318 0.583333 0.883365 0.587358
5 0.570076 0.636600 0.859848 0.637547
5 0.513455 0.571496 0.973090 0.576941
5 0.511561 0.602273 0.976878 0.598011