6 0.569050 0.304451 0.861900 0.305871
4 0.348130 0.410985 0.696259 0.418561
4 0.315972 0.422348 0.631944 0.423295
4 0.381668 0.401278 0.763336 0.407670
5 0.130201 0.545063 0.260402 0.545063
5 0.128671 0.503437 0.257343 0.503437
5 0.133752 0.483443 0.267504 0.483443
5 0.146698 0.522448 0.293396 0.522448
5 0.140197 0.503111 0.280394 0.503111
5 0.135336 0.523433 0.270672 0.523433
5 0.153035 0.541458 0.306069 0.541458
5 0.148119 0.563746 0.296237 0.563746
5 0.142601 0.585378 0.285202 0.585378
5 0.165381 0.582757 0.330762 0.582757
5 0.160136 0.603076 0.320271 0.603076
5 0.164889 0.541458 0.329777 0.541458
5 0.176197 0.541130 0.352393 0.541130
5 0.170679 0.562107 0.341358 0.562107
5 0.158278 0.521138 0.316557 0.521138
5 0.169805 0.521138 0.339611 0.521138
5 0.151669 0.501799 0.303339 0.501799
5 0.145277 0.481151 0.290555 0.481151
5 0.157733 0.480495 0.315466 0.480495
5 0.150740 0.460174 0.301481 0.460174
5 0.168713 0.479184 0.337425 0.479184
5 0.163578 0.500817 0.327156 0.500817
5 0.175377 0.500161 0.350755 0.500161
5 0.181550 0.518844 0.363100 0.518844
5 0.187613 0.539819 0.375227 0.539819
5 0.182642 0.559813 0.365284 0.559813
5 0.180675 0.478857 0.361351 0.478857
5 0.191928 0.477873 0.383857 0.477873
5 0.186794 0.499506 0.373588 0.499506
5 0.193021 0.519499 0.386043 0.519499
5 0.199249 0.539819 0.398498 0.539819
5 0.194004 0.559814 0.388008 0.559814
5 0.217712 0.558501 0.435425 0.558501
5 0.206022 0.560141 0.412044 0.560141
5 0.200232 0.580135 0.400463 0.580135
5 0.194879 0.601110 0.389758 0.601110
5 0.209027 0.456241 0.418054 0.456241
5 0.203401 0.478202 0.406801 0.478202
5 0.173793 0.458208 0.347586 0.458208
5 0.209847 0.498851 0.419693 0.498851
5 0.198047 0.499177 0.396095 0.499177
5 0.226726 0.476562 0.453452 0.476562
5 0.220335 0.455257 0.440670 0.455257
5 0.232353 0.456570 0.464706 0.456570
5 0.214763 0.477873 0.429525 0.477873
5 0.221919 0.497539 0.443838 0.497539
5 0.216675 0.517205 0.433349 0.517205
5 0.228583 0.516876 0.457165 0.516876
5 0.223176 0.537853 0.446351 0.537853
5 0.211157 0.539163 0.422314 0.539163
5 0.234975 0.536870 0.469950 0.536870
5 0.251969 0.514820 0.503938 0.514820
5 0.245514 0.494723 0.491028 0.494723
5 0.257389 0.494358 0.514779 0.494358
5 0.268959 0.492165 0.537918 0.492165
5 0.280591 0.491799 0.561183 0.491799
5 0.292283 0.491070 0.584566 0.491070
5 0.286925 0.511531 0.573849 0.511531
5 0.281200 0.533453 0.562400 0.533453
5 0.269630 0.533088 0.539260 0.533088
5 0.252944 0.555011 0.505888 0.555011
5 0.303670 0.488877 0.607341 0.488877
5 0.315302 0.488146 0.630604 0.488146
5 0.327542 0.488877 0.655084 0.488877
5 0.339356 0.487415 0.678712 0.487415
5 0.351413 0.485223 0.702827 0.485223
5 0.363471 0.484128 0.726942 0.484128
5 0.349465 0.445398 0.698931 0.445398
5 0.361827 0.445032 0.723653 0.445032
5 0.337590 0.444666 0.675181 0.444666
5 0.368708 0.463665 0.737416 0.463665
5 0.380949 0.463665 0.761897 0.463665
5 0.374919 0.483396 0.749838 0.483396
5 0.386977 0.483397 0.773955 0.483397
5 0.398669 0.481933 0.797338 0.481933
5 0.404210 0.461108 0.808421 0.461108
5 0.398182 0.439916 0.796363 0.439916
5 0.386185 0.442840 0.772371 0.442840
5 0.392275 0.421648 0.784549 0.421648
5 0.404150 0.419090 0.808299 0.419090
5 0.381374 0.503126 0.762749 0.503126
5 0.375955 0.523952 0.751909 0.523952
5 0.387586 0.523588 0.775173 0.523588
5 0.421932 0.479743 0.843864 0.479743
5 0.445803 0.477551 0.891607 0.477551
5 0.450979 0.457088 0.901958 0.457088
5 0.433014 0.436993 0.866029 0.436993
5 0.438678 0.416167 0.877355 0.416167
5 0.397695 0.399724 0.795389 0.399724
5 0.474850 0.454164 0.949701 0.454164
5 0.456338 0.434434 0.912676 0.434434
5 0.449761 0.415436 0.899523 0.415436
5 0.455181 0.392782 0.910362 0.392782
5 0.474242 0.412147 0.948484 0.412147
5 0.480027 0.431879 0.960054 0.431879
5 0.486665 0.453436 0.973330 0.453436
5 0.492632 0.473530 0.985265 0.473530
5 0.487274 0.494722 0.974547 0.494722
5 0.463707 0.496548 0.927414 0.496548
5 0.475277 0.497280 0.950554 0.497280
5 0.462672 0.455260 0.925344 0.455260
5 0.468335 0.434435 0.936669 0.434435
5 0.500000 0.452339 1.000000 0.452339
5 0.498783 0.452705 0.997565 0.452705
5 0.501381 0.471705 0.997239 0.471705
5 0.485994 0.409590 0.971988 0.409590
5 0.467483 0.390589 0.934966 0.390589
5 0.500000 0.430782 1.000000 0.430782
5 0.501381 0.428223 0.997238 0.428223
5 0.500000 0.513724 1.000000 0.513724
5 0.508921 0.467886 0.982158 0.467886
5 0.513343 0.467528 0.973315 0.467528
5 0.517585 0.467170 0.964830 0.467170
5 0.515255 0.445656 0.969491 0.445656
5 0.519438 0.445657 0.961125 0.445657
5 0.513104 0.423071 0.973792 0.423071
5 0.505395 0.425936 0.989210 0.425936
5 0.505455 0.512344 0.989090 0.512344
5 0.500000 0.493343 1.000000 0.493343
5 0.499156 0.494060 0.998312 0.494060
5 0.481468 0.515929 0.962935 0.515929
5 0.487802 0.537083 0.975604 0.537083
5 0.494375 0.555727 0.988750 0.555727
5 0.501631 0.555011 0.996739 0.555011
5 0.505813 0.553933 0.988373 0.553933
5 0.523680 0.528119 0.952639 0.528119
5 0.521947 0.549632 0.956106 0.549632
5 0.529895 0.546764 0.940210 0.546764
5 0.527744 0.526327 0.944512 0.526327
5 0.525175 0.505890 0.949651 0.505890
5 0.529716 0.506249 0.940568 0.506249
5 0.527624 0.485097 0.944751 0.485097
5 0.523143 0.486889 0.953714 0.486889
5 0.519259 0.488324 0.961483 0.488324
5 0.515613 0.489040 0.968773 0.489040
5 0.513044 0.509833 0.973912 0.509833
5 0.517108 0.509118 0.965785 0.509118
5 0.521589 0.507683 0.956822 0.507683
5 0.519677 0.528478 0.960646 0.528478
5 0.527505 0.443146 0.944991 0.443146
5 0.525353 0.421635 0.949293 0.421635
5 0.529357 0.463584 0.941285 0.463584
5 0.523441 0.444582 0.953117 0.444582
5 0.521290 0.466094 0.957420 0.466094
5 0.531449 0.525968 0.937103 0.525968
5 0.533421 0.546048 0.933159 0.546048
5 0.537664 0.544613 0.924673 0.544613
5 0.535990 0.566125 0.928020 0.566125
5 0.533720 0.586919 0.932561 0.586919
5 0.538141 0.585484 0.923718 0.585484
5 0.546089 0.582975 0.907822 0.582975
5 0.547941 0.563255 0.904118 0.563255
5 0.547344 0.479358 0.905312 0.479358
5 0.541368 0.459280 0.917264 0.459280
5 0.535034 0.483303 0.929932 0.483303
5 0.531270 0.484737 0.937461 0.484737
5 0.537125 0.461433 0.925749 0.461433
5 0.538918 0.481151 0.922164 0.481151
5 0.537544 0.503382 0.924912 0.503382
5 0.533361 0.504815 0.933278 0.504815
5 0.528939 0.421276 0.942122 0.421276
5 0.549794 0.541744 0.900413 0.541744
5 0.547822 0.520232 0.904356 0.520232
5 0.543579 0.522740 0.912841 0.522740
5 0.539635 0.524176 0.920730 0.524176
5 0.545909 0.502306 0.908181 0.502306
5 0.549076 0.499438 0.901847 0.499438
5 0.551168 0.477209 0.897663 0.477209
5 0.551766 0.561822 0.896468 0.561822
5 0.554036 0.540669 0.891927 0.540669
5 0.559952 0.559311 0.880095 0.559311
5 0.560012 0.515930 0.879976 0.515930
5 0.561984 0.537083 0.876032 0.537083
5 0.564016 0.515212 0.871969 0.515212
5 0.561804 0.494419 0.876391 0.494419
5 0.567899 0.514854 0.864201 0.514854
5 0.567362 0.472187 0.865276 0.472187
5 0.569991 0.492266 0.860017 0.492266
5 0.565509 0.451035 0.868981 0.451035
5 0.557263 0.454263 0.885474 0.454263
5 0.552901 0.455696 0.894199 0.455696
5 0.555112 0.476850 0.889776 0.476850
5 0.555172 0.434901 0.889657 0.434901
5 0.553200 0.414106 0.893600 0.414106
5 0.545133 0.416973 0.909734 0.416973
5 0.540771 0.416617 0.918458 0.416617
5 0.539277 0.439563 0.921446 0.439563
5 0.500000 0.534573 1.000000 0.534573
5 0.507487 0.532782 0.985026 0.532782
5 0.514060 0.552141 0.971880 0.552141
5 0.492462 0.432032 0.984925 0.432032
5 0.440296 0.499795 0.880591 0.499795
5 0.428764 0.499795 0.857527 0.499795
5 0.416573 0.501229 0.833146 0.501229
5 0.405100 0.501229 0.810200 0.501229
5 0.393209 0.503021 0.786418 0.503021
5 0.399663 0.524177 0.799325 0.524177
5 0.417709 0.542818 0.835417 0.542818
5 0.423803 0.562539 0.847607 0.562539
5 0.441252 0.540310 0.882505 0.540310
5 0.447407 0.560028 0.894814 0.560028
5 0.435575 0.561822 0.871150 0.561822
5 0.430257 0.583333 0.860514 0.583333
5 0.400380 0.564690 0.800760 0.564690
5 0.416214 0.460716 0.832429 0.460716
5 0.410180 0.439205 0.820360 0.439205
5 0.451889 0.498362 0.903778 0.498362
5 0.469995 0.518439 0.939990 0.518439
5 0.446630 0.518799 0.893260 0.518799
5 0.500000 0.473622 1.000000 0.473622
5 0.503603 0.575447 0.992794 0.575447
5 0.495033 0.598391 0.990065 0.598391
5 0.464438 0.537801 0.928875 0.537801
5 0.423086 0.521308 0.846172 0.521308
5 0.248540 0.617395 0.497080 0.617395
5 0.258280 0.536725 0.516561 0.536725
5 0.263360 0.514496 0.526719 0.514496
5 0.294373 0.573654 0.588746 0.573654
5 0.310148 0.511268 0.620296 0.511268
5 0.321801 0.509833 0.643601 0.509833
5 0.316602 0.530629 0.633204 0.530629
5 0.305009 0.532064 0.610019 0.532064
5 0.298616 0.511986 0.597232 0.511986
5 0.297540 0.470395 0.595079 0.470395
5 0.285888 0.471471 0.571776 0.471471
5 0.279314 0.451035 0.558629 0.451035
5 0.291206 0.449241 0.582412 0.449241
5 0.302679 0.447092 0.605357 0.447092
5 0.314571 0.445656 0.629142 0.445656
5 0.308833 0.467887 0.617667 0.467887
5 0.273757 0.471830 0.547514 0.471830
5 0.250632 0.473981 0.501263 0.473981
5 0.258878 0.575086 0.517756 0.575086
5 0.526131 0.589229 0.947738 0.589229
5 0.531613 0.566683 0.936773 0.566683
5 0.567887 0.557259 0.864226 0.557259
5 0.563664 0.557525 0.872673 0.557525
5 0.565664 0.576999 0.868672 0.576999
5 0.563975 0.598607 0.872051 0.598607
5 0.559929 0.601005 0.880142 0.601005
5 0.557617 0.621547 0.884766 0.621547
5 0.556194 0.642887 0.887611 0.642887
5 0.554015 0.663428 0.891970 0.663428
5 0.552459 0.671125 0.895081 0.657749
5 0.561974 0.661826 0.876053 0.661826
5 0.564241 0.670458 0.871518 0.659083
5 0.566198 0.618879 0.867605 0.618879
5 0.567665 0.598072 0.864670 0.598072
5 0.569354 0.618880 0.861291 0.618880
5 0.562282 0.675605 0.875436 0.648789
5 0.558248 0.675887 0.883504 0.648226
5 0.556278 0.670892 0.887444 0.658216
5 0.552479 0.681375 0.895042 0.637251
5 0.547783 0.604893 0.904435 0.604893
5 0.541581 0.585278 0.916838 0.585278
5 0.515476 0.571430 0.969049 0.571430
5 0.519466 0.568260 0.961068 0.568260
5 0.527591 0.568546 0.944818 0.568546
5 0.525716 0.547201 0.948568 0.547201