5 0.130919 0.173355 0.261837 0.346709
5 0.140309 0.171106 0.280619 0.342211
5 0.154908 0.171520 0.309817 0.343040
5 0.178425 0.168265 0.356850 0.336529
5 0.161419 0.155540 0.322838 0.311080
5 0.181029 0.172112 0.362058 0.344223
5 0.195594 0.173114 0.391187 0.346229
5 0.210297 0.168143 0.420594 0.336285
5 0.218750 0.173000 0.437500 0.345999
5 0.225971 0.151042 0.451941 0.302083
5 0.232284 0.158440 0.464568 0.316880
5 0.237019 0.172881 0.474037 0.345762
5 0.253670 0.170632 0.507341 0.341264
5 0.247238 0.157315 0.494476 0.314631
5 0.237926 0.144413 0.475852 0.288826
5 0.250118 0.143525 0.500237 0.287050
5 0.259430 0.144650 0.518860 0.289299
5 0.261880 0.157704 0.523760 0.315409
5 0.279488 0.158124 0.558976 0.316247
5 0.297246 0.157631 0.594491 0.315263
5 0.311158 0.157493 0.622317 0.314986
5 0.319208 0.168205 0.638415 0.336411
5 0.272175 0.172881 0.544350 0.345762
5 0.262429 0.170573 0.524858 0.341146
5 0.351799 0.163885 0.703598 0.327770
5 0.339725 0.171402 0.679451 0.342803
5 0.361782 0.171875 0.723564 0.343750
5 0.368726 0.173236 0.737453 0.346473
5 0.382023 0.172704 0.764047 0.345407
5 0.390862 0.174420 0.781723 0.348840
5 0.404711 0.171046 0.809422 0.342093
5 0.395281 0.160097 0.790562 0.320194
5 0.421323 0.154889 0.842645 0.309777
5 0.429845 0.158321 0.859691 0.316643
5 0.436711 0.172585 0.873422 0.345170
5 0.429806 0.185547 0.859612 0.371094
5 0.511640 0.194543 0.976720 0.389086
5 0.508049 0.184896 0.983902 0.369792
5 0.505327 0.181404 0.989347 0.362808
5 0.504301 0.168265 0.991398 0.336529
5 0.487689 0.173355 0.975379 0.346709
5 0.455769 0.147491 0.911537 0.294981
5 0.460385 0.161577 0.920770 0.323153
5 0.429845 0.213601 0.859691 0.427202
5 0.438763 0.214844 0.877525 0.429687
5 0.430161 0.199929 0.860322 0.399858
5 0.388218 0.200817 0.776436 0.401634
5 0.395518 0.186908 0.791035 0.373816
5 0.402265 0.200403 0.804531 0.400805