5 0.131037 0.572206 0.262074 0.568655
5 0.139994 0.573390 0.279987 0.570549
5 0.148186 0.550012 0.296372 0.548355
5 0.127666 0.485085 0.255332 0.486506
5 0.138162 0.505358 0.276325 0.502367
5 0.148753 0.506629 0.297506 0.503788
5 0.160630 0.493608 0.321259 0.493845
5 0.156684 0.479877 0.313368 0.471591
5 0.162169 0.510180 0.324337 0.506866
5 0.153271 0.530199 0.306542 0.528305
5 0.139735 0.527003 0.279469 0.523689
5 0.166627 0.553977 0.333254 0.554451
5 0.157434 0.555398 0.314867 0.553741
5 0.162090 0.534801 0.324179 0.533617
5 0.171323 0.532907 0.342645 0.534091
5 0.186869 0.489347 0.373737 0.483428
5 0.202447 0.467182 0.404894 0.464814
5 0.214055 0.473248 0.428109 0.471117
5 0.184186 0.535038 0.368371 0.535275
5 0.183248 0.552749 0.366497 0.551092
5 0.193280 0.553907 0.386561 0.548059
5 0.200797 0.558002 0.401594 0.556581
5 0.209808 0.574811 0.419616 0.571259
5 0.199029 0.574352 0.398058 0.571012
5 0.184265 0.579309 0.368529 0.576468
5 0.247951 0.553489 0.495901 0.548044
5 0.236940 0.532907 0.473879 0.533617
5 0.244634 0.489110 0.489268 0.483902
5 0.230984 0.492202 0.461968 0.489598
5 0.223840 0.556581 0.447680 0.553504
5 0.215206 0.576941 0.430413 0.576941
5 0.223564 0.574337 0.447128 0.576705
5 0.237532 0.578598 0.475063 0.579072
5 0.232836 0.601562 0.465672 0.600616
5 0.271717 0.583807 0.543434 0.582080
5 0.245384 0.602983 0.490767 0.600379
5 0.226997 0.583097 0.453993 0.580966
5 0.268160 0.559200 0.536320 0.555413
5 0.254498 0.560133 0.508996 0.558475
5 0.252801 0.535985 0.505603 0.532434
5 0.258256 0.581721 0.516513 0.581957
5 0.298690 0.568655 0.597380 0.565104
5 0.272412 0.600852 0.544823 0.604403
5 0.284305 0.626199 0.568611 0.624305
5 0.295178 0.607481 0.590357 0.609375
5 0.342285 0.589262 0.684570 0.591629
5 0.338068 0.567945 0.676136 0.568892
5 0.363400 0.575758 0.726799 0.574100
5 0.310961 0.608665 0.621922 0.606061
5 0.317891 0.609158 0.635781 0.609869
5 0.306029 0.519650 0.612058 0.521544
5 0.398477 0.573864 0.796954 0.571259
5 0.381965 0.574962 0.763930 0.576196
5 0.376958 0.572257 0.753916 0.566811
5 0.433668 0.597765 0.867335 0.596581
5 0.455512 0.595644 0.911024 0.591856
5 0.460346 0.590672 0.920691 0.592803
5 0.458653 0.616024 0.917307 0.615787
5 0.411537 0.597064 0.823074 0.596354
5 0.478654 0.614820 0.957307 0.614347
5 0.472473 0.613656 0.944947 0.612709
5 0.491512 0.615057 0.983023 0.612216
5 0.477337 0.593060 0.954673 0.591166
5 0.506571 0.596045 0.986858 0.589015
5 0.504221 0.615058 0.991558 0.612690
5 0.508620 0.612216 0.982760 0.602705
5 0.536971 0.593513 0.926057 0.594934
5 0.537247 0.616477 0.925505 0.616714
5 0.532434 0.637311 0.935133 0.638494
5 0.539457 0.635421 0.921086 0.637078
5 0.537682 0.657907 0.924637 0.655777
5 0.550662 0.636605 0.898675 0.637789
5 0.556580 0.635184 0.886839 0.632580
5 0.560803 0.629972 0.878393 0.624290
5 0.563565 0.632339 0.872869 0.629498
5 0.559659 0.609612 0.880683 0.609848
5 0.555753 0.610085 0.888494 0.612689
5 0.555673 0.607482 0.888654 0.600564
5 0.549400 0.591146 0.901201 0.588778
5 0.553938 0.589725 0.892124 0.588542
5 0.547348 0.581439 0.905303 0.576468
5 0.544823 0.612216 0.910354 0.606534
5 0.569484 0.654356 0.861033 0.650805
5 0.563767 0.655507 0.872467 0.653883
5 0.560960 0.669389 0.878079 0.661221
5 0.564196 0.667674 0.871609 0.664652
5 0.566681 0.674835 0.866638 0.650330
5 0.573666 0.673769 0.852668 0.652462
5 0.560172 0.674598 0.879656 0.650805
5 0.562737 0.674124 0.874527 0.651752
5 0.567353 0.678563 0.865294 0.642874
5 0.553312 0.667363 0.893376 0.665274
5 0.556266 0.641335 0.887468 0.639441
5 0.555240 0.656250 0.889520 0.655540
5 0.567629 0.613163 0.864741 0.614820
5 0.571455 0.615060 0.857090 0.617428
5 0.574850 0.637551 0.850301 0.636367
5 0.572838 0.629735 0.854324 0.623580
5 0.568419 0.630682 0.863163 0.629498
5 0.564986 0.588542 0.870028 0.583570
5 0.566168 0.517283 0.867663 0.516336
5 0.561277 0.521307 0.877446 0.522017
5 0.553977 0.522254 0.892045 0.523911
5 0.570194 0.535985 0.859612 0.532197
5 0.564551 0.541908 0.870898 0.540251
5 0.573034 0.575998 0.853931 0.571736
5 0.578519 0.653169 0.842962 0.652222
5 0.577730 0.669211 0.844540 0.661577
5 0.572877 0.669093 0.854246 0.661813
5 0.568300 0.668265 0.863400 0.663471
5 0.574416 0.673472 0.851168 0.653055
5 0.568340 0.679155 0.863321 0.641690
5 0.574811 0.678859 0.850379 0.642282
5 0.580374 0.677262 0.839253 0.645475
5 0.579822 0.683830 0.840357 0.632339
5 0.574258 0.682884 0.851484 0.634233
5 0.571607 0.683933 0.856786 0.632133
5 0.569957 0.682232 0.860085 0.635535
5 0.571496 0.688092 0.857008 0.623816
5 0.566445 0.688625 0.867109 0.622750
5 0.563013 0.688625 0.873975 0.622750
5 0.558318 0.693359 0.883365 0.613281
5 0.563250 0.696496 0.873501 0.607008
5 0.567154 0.693909 0.865692 0.612182
5 0.571454 0.694325 0.857093 0.611350
5 0.559699 0.655303 0.880603 0.651515
5 0.559107 0.679510 0.881787 0.640980
5 0.561237 0.679273 0.877525 0.641454
5 0.574949 0.693568 0.850103 0.612864
5 0.573824 0.698449 0.852352 0.603101
5 0.575126 0.704250 0.849747 0.591501