5 0.190238 0.141750 0.380476 0.283501
5 0.196365 0.156568 0.392730 0.313135
5 0.213412 0.140679 0.426825 0.281359
5 0.220259 0.155746 0.440517 0.311491
5 0.237715 0.139709 0.475430 0.279418
5 0.249573 0.138610 0.499145 0.277220
5 0.232019 0.154795 0.464038 0.309589
5 0.191185 0.171344 0.382369 0.342688
5 0.202745 0.170680 0.405490 0.341360
5 0.214582 0.170514 0.429165 0.341029
5 0.226484 0.170439 0.452969 0.340877
5 0.256049 0.154260 0.512099 0.308521
5 0.250353 0.169346 0.500707 0.338692
5 0.244819 0.184990 0.489637 0.369981
5 0.309813 0.135003 0.619627 0.270006
5 0.297620 0.135836 0.595240 0.271673
5 0.286060 0.136500 0.572119 0.273000
5 0.268723 0.183724 0.537447 0.367447
5 0.256821 0.183799 0.513643 0.367598
5 0.274507 0.166696 0.549015 0.333393
5 0.286238 0.166033 0.572477 0.332065
5 0.298075 0.165867 0.596151 0.331733
5 0.310500 0.166117 0.621000 0.332234
5 0.304122 0.150666 0.608243 0.301332
5 0.298720 0.197467 0.597439 0.394934
5 0.292592 0.182248 0.585185 0.364495
5 0.310962 0.196625 0.621924 0.393250
5 0.239166 0.200803 0.478333 0.401605
5 0.251238 0.200011 0.502476 0.400022
5 0.262905 0.199334 0.525810 0.398669
5 0.275244 0.198435 0.550488 0.396869
5 0.232950 0.185474 0.465900 0.370948
5 0.322057 0.163364 0.644113 0.326728
5 0.316369 0.180932 0.632738 0.361864
5 0.328148 0.180537 0.656296 0.361073
5 0.339831 0.179038 0.679663 0.358076
5 0.358279 0.194257 0.716558 0.388514
5 0.346519 0.194603 0.693037 0.389206
5 0.357433 0.161974 0.714867 0.323948
5 0.345673 0.162320 0.691346 0.324639
5 0.375496 0.178115 0.750993 0.356231
5 0.363198 0.178231 0.726396 0.356461
5 0.173824 0.187413 0.347647 0.374826
5 0.185384 0.185871 0.370768 0.371742
5 0.197221 0.185705 0.394443 0.371411
5 0.209123 0.185630 0.418247 0.371260
5 0.191709 0.201754 0.383419 0.403508
5 0.203530 0.201286 0.407060 0.402571
5 0.215107 0.200924 0.430214 0.401849
5 0.227009 0.200849 0.454018 0.401698
5 0.154455 0.143611 0.308911 0.287222
5 0.148848 0.158387 0.297697 0.316774
5 0.143581 0.173874 0.287162 0.347748
5 0.142725 0.143931 0.285450 0.287861
5 0.171731 0.127295 0.343462 0.254589
5 0.138739 0.189652 0.277478 0.379305
5 0.150299 0.188111 0.300599 0.376221
5 0.162136 0.187945 0.324273 0.375889
5 0.133023 0.204267 0.266047 0.408533
5 0.144861 0.204101 0.289721 0.408202
5 0.156548 0.203569 0.313095 0.407138
5 0.168108 0.202856 0.336217 0.405712
5 0.139494 0.219371 0.278989 0.438741
5 0.151182 0.218839 0.302363 0.437678
5 0.476397 0.191135 0.952794 0.382270
5 0.464208 0.190349 0.928415 0.380698
5 0.452541 0.191026 0.905081 0.382051
5 0.440469 0.191817 0.880938 0.383634
5 0.428312 0.191863 0.856624 0.383727
5 0.416410 0.191939 0.832820 0.383878
5 0.411531 0.208511 0.823063 0.417022
5 0.423075 0.208543 0.846149 0.417086
5 0.435304 0.207636 0.870608 0.415272
5 0.447088 0.207167 0.894177 0.414335
5 0.458755 0.206490 0.917510 0.412981
5 0.470592 0.206559 0.941185 0.413119
5 0.399479 0.209049 0.798958 0.418098
5 0.417728 0.223777 0.835455 0.447555
5 0.388575 0.239287 0.777149 0.478575
5 0.400627 0.238749 0.801254 0.477499
5 0.412170 0.238782 0.824341 0.477563
5 0.397901 0.147711 0.795802 0.295422
5 0.409875 0.177229 0.819749 0.354457
5 0.422032 0.177182 0.844064 0.354364
5 0.434103 0.176391 0.868207 0.352781
5 0.428168 0.161087 0.856337 0.322174
5 0.440326 0.161041 0.880651 0.322081
5 0.452039 0.159173 0.904077 0.318346
5 0.470019 0.175283 0.940037 0.350567
5 0.481999 0.174061 0.963998 0.348122
5 0.409621 0.147912 0.819242 0.295825
5 0.445438 0.145184 0.890877 0.290368
5 0.457536 0.145153 0.915071 0.290305
5 0.438955 0.129833 0.877910 0.259667
5 0.369972 0.194580 0.739945 0.389159
5 0.515519 0.186772 0.968963 0.373544
5 0.511406 0.187671 0.977189 0.375343
5 0.507517 0.188348 0.984967 0.376696
5 0.503493 0.189140 0.993014 0.378279
5 0.517429 0.171271 0.965142 0.342542
5 0.513347 0.172029 0.973306 0.344059
5 0.509458 0.172706 0.981084 0.345413
5 0.505434 0.173498 0.989131 0.346996
5 0.521281 0.171412 0.957439 0.342824
5 0.519370 0.186913 0.961259 0.373826
5 0.521563 0.201145 0.956875 0.402291
5 0.549070 0.197012 0.901859 0.394025
5 0.545178 0.197146 0.909644 0.394292
5 0.551202 0.211651 0.897596 0.423302
5 0.547273 0.212334 0.905455 0.424668
5 0.549257 0.227869 0.901487 0.455739
5 0.551412 0.243149 0.897175 0.486297
5 0.555281 0.242374 0.889438 0.484749
5 0.553251 0.226088 0.893498 0.452176
5 0.561264 0.225722 0.877472 0.451444
5 0.557168 0.225856 0.885663 0.451711
5 0.559007 0.210804 0.881987 0.421607
5 0.559223 0.240500 0.881555 0.480999
5 0.563196 0.241098 0.873607 0.482196
5 0.537521 0.229695 0.924958 0.459389
5 0.541390 0.228920 0.917221 0.457841
5 0.545331 0.228601 0.909337 0.457203
5 0.541220 0.197928 0.917561 0.395855
5 0.539381 0.214073 0.921238 0.428146
5 0.551023 0.181270 0.897954 0.362540
5 0.554725 0.180629 0.890551 0.361259
5 0.552772 0.196372 0.894456 0.392743
5 0.523738 0.247885 0.952523 0.495769
5 0.571020 0.240339 0.857959 0.480679
5 0.567080 0.240803 0.865839 0.481606
5 0.564992 0.225097 0.870015 0.450194
5 0.568987 0.224356 0.862026 0.448712
5 0.564925 0.194897 0.870150 0.389794
5 0.570885 0.209077 0.858229 0.418154
5 0.557405 0.258309 0.885189 0.516618
5 0.561314 0.257041 0.877373 0.514082
5 0.533674 0.262422 0.932653 0.524844
5 0.537576 0.261040 0.924849 0.522081
5 0.541484 0.259773 0.917032 0.519546
5 0.545559 0.259461 0.908882 0.518922
5 0.549443 0.259166 0.901115 0.518332
5 0.578466 0.177748 0.843069 0.355497
5 0.576670 0.193750 0.846661 0.387499
5 0.580553 0.193455 0.838893 0.386909
5 0.582460 0.177008 0.835080 0.354016
5 0.569224 0.255785 0.861552 0.511571
5 0.563389 0.271990 0.873222 0.543980
5 0.571213 0.271231 0.857574 0.542463
5 0.567273 0.271695 0.865454 0.543390
5 0.574831 0.209222 0.850338 0.418443
5 0.572933 0.224501 0.854134 0.449001
5 0.568768 0.195075 0.862463 0.390150
5 0.583183 0.270038 0.833635 0.540075
5 0.579243 0.270501 0.841515 0.541003
5 0.575359 0.270796 0.849283 0.541593
5 0.535663 0.277044 0.928674 0.554088
5 0.537785 0.292114 0.924430 0.584228
5 0.584459 0.160636 0.831083 0.321271
5 0.580464 0.161376 0.839072 0.322752
5 0.588532 0.160059 0.822935 0.320118
5 0.590326 0.143687 0.819348 0.287374
5 0.578209 0.144889 0.843581 0.289778
5 0.587145 0.207555 0.825710 0.415109
5 0.582983 0.207850 0.834035 0.415699
5 0.587238 0.238053 0.825524 0.476105
5 0.585132 0.254789 0.829735 0.509577
5 0.581192 0.255252 0.837616 0.510505
5 0.575129 0.240235 0.849743 0.480470
5 0.573395 0.286271 0.853211 0.572543
5 0.585364 0.285078 0.829271 0.570156
5 0.523408 0.185771 0.953184 0.371541
5 0.493443 0.173391 0.986886 0.346783
5 0.468820 0.145728 0.937640 0.291456
5 0.475348 0.159894 0.950696 0.319788
5 0.507340 0.158445 0.985319 0.316890
5 0.137461 0.159061 0.274921 0.318123
5 0.131819 0.173762 0.263637 0.347523
5 0.130718 0.143666 0.261436 0.287331
5 0.184360 0.156027 0.368719 0.312054
5 0.179092 0.171514 0.358185 0.343028
5 0.167255 0.172526 0.334510 0.345051
5 0.172972 0.156702 0.345944 0.313403
5 0.128377 0.249914 0.256754 0.499827
5 0.181261 0.233106 0.362521 0.466213
5 0.169437 0.233293 0.338874 0.466587
5 0.157750 0.233825 0.315500 0.467650
5 0.145913 0.233991 0.291826 0.467982
5 0.134054 0.234823 0.268108 0.469645
5 0.140017 0.249553 0.280033 0.499107
5 0.163800 0.248687 0.327600 0.497375
5 0.175049 0.218431 0.350097 0.436863
5 0.186609 0.217718 0.373219 0.435436
5 0.175663 0.248813 0.351325 0.497626
5 0.187486 0.248626 0.374972 0.497252
5 0.204584 0.232843 0.409168 0.465686
5 0.192761 0.233030 0.385521 0.466061
5 0.135303 0.265917 0.270607 0.531834
5 0.146990 0.265385 0.293981 0.530770
5 0.158814 0.264146 0.317628 0.528292
5 0.170314 0.264070 0.340628 0.528140
5 0.182137 0.263883 0.364275 0.527766