6 0.185531 0.367987 0.186270 0.377215
5 0.692527 0.478253 0.614946 0.474953
5 0.696293 0.478253 0.607415 0.474953
5 0.694654 0.459626 0.610692 0.456326
5 0.691032 0.457901 0.617936 0.454601
5 0.696638 0.440826 0.606725 0.437526
5 0.704313 0.440309 0.591375 0.437009
5 0.707877 0.439446 0.584246 0.436146
5 0.694309 0.497053 0.611382 0.493753
5 0.690630 0.496535 0.618740 0.493235
5 0.708356 0.415471 0.583288 0.405153
5 0.688690 0.516154 0.622620 0.512854
5 0.692370 0.516671 0.615261 0.513371
5 0.687000 0.496203 0.626000 0.492903
5 0.685060 0.515821 0.629880 0.512521
5 0.677634 0.514325 0.644732 0.511025
5 0.679574 0.494374 0.640853 0.491074
5 0.681554 0.475593 0.636892 0.472293
5 0.683626 0.457132 0.632749 0.453832
5 0.685156 0.476258 0.629688 0.472958
5 0.680141 0.455808 0.639719 0.452508
5 0.673176 0.433840 0.653649 0.423523
5 0.667446 0.410218 0.665108 0.399901
5 0.669766 0.385331 0.660468 0.375013
5 0.690446 0.536384 0.619108 0.533084
5 0.686796 0.536213 0.626409 0.532913
5 0.683021 0.535014 0.633957 0.531714
5 0.701594 0.537770 0.596812 0.534470
5 0.697944 0.537773 0.604113 0.534473
5 0.694169 0.536400 0.611662 0.533101
5 0.695905 0.557005 0.608191 0.553705
5 0.692254 0.557007 0.615492 0.553707
5 0.688480 0.555635 0.623041 0.552335
5 0.712698 0.499831 0.574604 0.496531
5 0.709018 0.499313 0.581963 0.496013
5 0.705388 0.498981 0.589223 0.495681
5 0.698079 0.497790 0.603842 0.494490
5 0.703642 0.518195 0.592717 0.514895
5 0.699805 0.517408 0.600390 0.514108
5 0.696040 0.517210 0.607919 0.513910
5 0.674323 0.475491 0.651354 0.472191
5 0.672288 0.494435 0.655423 0.491135
5 0.672663 0.456873 0.654674 0.453573
5 0.705019 0.577295 0.589961 0.573995
5 0.707058 0.558063 0.585884 0.554763
5 0.708984 0.539438 0.582032 0.536138
5 0.714537 0.518467 0.570926 0.515167
5 0.712788 0.539047 0.574424 0.535747
5 0.710627 0.558430 0.578746 0.555130
5 0.708712 0.577684 0.582576 0.574384
5 0.725581 0.480120 0.548839 0.476820
5 0.721869 0.479989 0.556262 0.476689
5 0.718207 0.479270 0.563586 0.475970
5 0.720033 0.499700 0.559934 0.496400
5 0.716299 0.539626 0.567403 0.536327
5 0.727312 0.540667 0.545376 0.537367
5 0.725486 0.520238 0.549029 0.516938
5 0.680930 0.592544 0.638140 0.589244
5 0.684704 0.593917 0.630591 0.590617
5 0.688355 0.593914 0.623290 0.590614
5 0.618972 0.528877 0.623616 0.525577
5 0.634119 0.530252 0.638764 0.526952
5 0.648480 0.530907 0.653124 0.527607
5 0.662807 0.531408 0.667451 0.528108
5 0.668315 0.532780 0.663370 0.529480
5 0.672107 0.533625 0.655786 0.530325
5 0.626945 0.510224 0.631589 0.506924
5 0.634704 0.490459 0.639348 0.487159
5 0.675258 0.409139 0.649485 0.398822
5 0.553309 0.507262 0.557953 0.503963
5 0.567931 0.507692 0.572575 0.504392
5 0.582501 0.508504 0.587146 0.505204
5 0.596934 0.508532 0.601578 0.505232
5 0.612136 0.508957 0.616781 0.505658
5 0.560565 0.527137 0.565209 0.523837
5 0.575186 0.527566 0.579831 0.524266
5 0.589757 0.528379 0.594401 0.525079
5 0.604820 0.490392 0.609464 0.487093
5 0.612076 0.471622 0.616720 0.468322
5 0.568857 0.468625 0.573501 0.465325
5 0.443233 0.522426 0.447877 0.519126
5 0.457768 0.524025 0.462412 0.520725
5 0.473032 0.524708 0.477676 0.521408
5 0.487291 0.524605 0.491935 0.521305
5 0.501974 0.525291 0.506618 0.521991
5 0.516782 0.526557 0.521427 0.523257
5 0.747436 0.524621 0.505127 0.521322
5 0.745782 0.503740 0.508436 0.500440
5 0.743786 0.523549 0.512427 0.520249
5 0.738349 0.541927 0.523301 0.538628
5 0.741999 0.543000 0.516001 0.539700
5 0.744481 0.441023 0.511038 0.437723
5 0.745859 0.461851 0.508281 0.458551
5 0.748159 0.443306 0.503681 0.440006
5 0.734383 0.580240 0.531235 0.576940
5 0.738191 0.581391 0.523618 0.578091
5 0.745656 0.581533 0.508688 0.578233
5 0.741960 0.582195 0.516080 0.578895
5 0.421278 0.539784 0.425922 0.536484
5 0.428455 0.522051 0.433099 0.518752
5 0.436341 0.502759 0.440986 0.499459
5 0.444110 0.484181 0.448754 0.480881
5 0.503044 0.449204 0.507688 0.445904
5 0.509815 0.468510 0.514459 0.465210
5 0.517414 0.488050 0.522058 0.484750
5 0.554323 0.467424 0.558967 0.464124
5 0.495340 0.468329 0.499984 0.465029
5 0.488087 0.448661 0.492731 0.445361
5 0.745394 0.620828 0.509212 0.617528
5 0.741587 0.619849 0.516826 0.616549