6 0.573232 0.391572 0.853535 0.393703
4 0.436119 0.381155 0.872238 0.381866
5 0.453086 0.489583 0.906171 0.493134
5 0.467211 0.491241 0.934422 0.495265
5 0.459044 0.460227 0.918087 0.468040
5 0.447759 0.466146 0.895518 0.471591
5 0.424479 0.508049 0.848958 0.512547
5 0.436040 0.512547 0.872080 0.515152
5 0.430240 0.489110 0.860480 0.493371
5 0.389047 0.512311 0.778093 0.514441
5 0.378433 0.513731 0.756866 0.516809
5 0.365649 0.512784 0.731297 0.517756
5 0.364544 0.541667 0.729088 0.542614
5 0.360085 0.488873 0.720170 0.495502
5 0.331045 0.513021 0.662090 0.518466
5 0.307134 0.513021 0.614268 0.518703
5 0.325087 0.531250 0.650174 0.536222
5 0.296362 0.518229 0.592724 0.519413
5 0.267164 0.536458 0.534328 0.541193
5 0.255563 0.536458 0.511127 0.540483
5 0.261009 0.517756 0.522017 0.519413
5 0.273793 0.520360 0.547585 0.522491
5 0.277462 0.489347 0.554924 0.494318
5 0.285827 0.519176 0.571654 0.522254
5 0.232915 0.539299 0.465830 0.542377
5 0.221828 0.540720 0.443655 0.544271
5 0.216777 0.563920 0.433554 0.566525
5 0.204151 0.559659 0.408302 0.561790
5 0.192689 0.560606 0.385377 0.564867
5 0.211608 0.542377 0.423217 0.544744
5 0.202967 0.518703 0.405934 0.521307
5 0.186750 0.540246 0.373501 0.541430
5 0.168008 0.518466 0.336016 0.524148
5 0.166746 0.545691 0.333491 0.545691
5 0.179964 0.545455 0.359927 0.544508
5 0.158775 0.560843 0.317551 0.564157
5 0.163628 0.577888 0.327257 0.582623
5 0.169271 0.559896 0.338542 0.562737
5 0.561040 0.565341 0.877920 0.570312
5 0.564157 0.633049 0.871686 0.632812
5 0.562224 0.606534 0.875552 0.608902
5 0.560243 0.588778 0.879513 0.589725
5 0.558357 0.570312 0.883286 0.568655
5 0.555990 0.588068 0.888021 0.591146
5 0.554334 0.570369 0.891331 0.572499
5 0.550229 0.561080 0.899542 0.565104
5 0.545967 0.560606 0.908065 0.566761
5 0.542614 0.569366 0.914773 0.570786
5 0.538707 0.569839 0.922585 0.571496
5 0.534880 0.574337 0.930240 0.571023
5 0.532670 0.594460 0.934659 0.596354
5 0.532907 0.575284 0.934186 0.573627
5 0.532670 0.548295 0.934659 0.551136
5 0.535590 0.547822 0.928819 0.552794
5 0.539852 0.538116 0.920297 0.543797
5 0.552438 0.547585 0.895123 0.550663
5 0.550150 0.525331 0.899700 0.528172
5 0.548461 0.546345 0.903078 0.548239
5 0.555595 0.547822 0.888810 0.550900
5 0.560506 0.547822 0.878987 0.549479
5 0.561949 0.646656 0.876101 0.650444
5 0.560054 0.623816 0.879893 0.629735
5 0.566564 0.606297 0.866872 0.608428
5 0.567966 0.667805 0.864068 0.664390
5 0.572167 0.667377 0.855666 0.665246
5 0.565657 0.670691 0.868687 0.658617
5 0.580532 0.629735 0.838936 0.631155
5 0.578204 0.606061 0.843592 0.608428
5 0.581873 0.608902 0.836253 0.610559
5 0.574179 0.603220 0.851641 0.606534
5 0.572601 0.609848 0.854798 0.607481
5 0.570589 0.518939 0.858823 0.524148
5 0.568300 0.588778 0.863400 0.591383
5 0.570747 0.563210 0.858507 0.565341
5 0.551807 0.624527 0.896386 0.629972
5 0.557528 0.647491 0.884943 0.651278
5 0.556108 0.627604 0.887784 0.631392
5 0.554096 0.605587 0.891809 0.608902
5 0.552438 0.592566 0.895123 0.594934
5 0.503709 0.534328 0.992582 0.536932
5 0.504735 0.506629 0.990530 0.510890
5 0.516690 0.553504 0.966619 0.555398
5 0.529632 0.547348 0.940735 0.548769
5 0.543797 0.593277 0.912405 0.595170
5 0.548138 0.589252 0.903725 0.591619
5 0.570076 0.653172 0.859848 0.651989
5 0.576744 0.667022 0.846512 0.665956
5 0.571457 0.675722 0.857086 0.648556