5 0.312881 0.125176 0.625762 0.250351
5 0.300982 0.124962 0.601964 0.249924
5 0.422635 0.144781 0.845271 0.289562
5 0.428664 0.129934 0.857329 0.259868
5 0.417000 0.129412 0.833999 0.258823
5 0.516962 0.132276 0.966076 0.264553
5 0.513049 0.131402 0.973902 0.262804
5 0.509270 0.131244 0.981460 0.262489
5 0.505512 0.130902 0.988976 0.261803
5 0.520709 0.131989 0.958583 0.263978
5 0.514862 0.147952 0.970275 0.295904
5 0.564602 0.180410 0.870797 0.360820
5 0.560746 0.180533 0.878509 0.361066
5 0.556686 0.180235 0.886628 0.360470
5 0.553090 0.181396 0.893820 0.362791
5 0.558883 0.165570 0.882234 0.331140
5 0.559080 0.134726 0.881841 0.269451
5 0.562741 0.196269 0.874518 0.392538
5 0.558681 0.195971 0.882637 0.391942
5 0.555086 0.197132 0.889829 0.394263
5 0.393830 0.128408 0.787660 0.256816
5 0.370693 0.128065 0.741387 0.256130
5 0.564446 0.211163 0.871107 0.422326
5 0.554971 0.165871 0.890057 0.331742