4 0.153522 0.390364 0.307044 0.382544
4 0.377729 0.343066 0.755458 0.349127
4 0.508021 0.371826 0.983957 0.379626
4 0.509159 0.390840 0.981682 0.376864
4 0.526330 0.372313 0.947341 0.358825
5 0.155483 0.466220 0.310965 0.464538
5 0.144389 0.465861 0.288779 0.464179
5 0.132411 0.465846 0.264822 0.464164
5 0.138582 0.489402 0.277164 0.487720
5 0.126929 0.489466 0.253858 0.487784
5 0.167395 0.510631 0.334791 0.508949
5 0.155632 0.510897 0.311264 0.509215
5 0.144040 0.510779 0.288080 0.509097
5 0.132818 0.511439 0.265636 0.509757
5 0.179489 0.510232 0.358977 0.508550
5 0.137503 0.440499 0.275007 0.438817
5 0.126178 0.439908 0.252356 0.438226
5 0.174267 0.443257 0.348534 0.441575
5 0.162341 0.442265 0.324682 0.440583
5 0.168861 0.418027 0.337722 0.416345
5 0.156735 0.415433 0.313469 0.413751
5 0.144424 0.413584 0.288849 0.411902
5 0.175268 0.391596 0.350536 0.389914
5 0.163943 0.390804 0.327885 0.389122
5 0.183978 0.367968 0.367955 0.366286
5 0.178572 0.348144 0.357143 0.346462
5 0.200796 0.387815 0.401593 0.386133
5 0.197393 0.438884 0.394785 0.437202
5 0.202943 0.461422 0.405885 0.459740
5 0.197224 0.485979 0.394449 0.484297
5 0.203203 0.509559 0.406406 0.507877
5 0.191194 0.508949 0.382388 0.507267
5 0.231889 0.481578 0.463778 0.479897
5 0.220351 0.485213 0.440703 0.483531
5 0.249326 0.457396 0.498653 0.455714
5 0.237872 0.457772 0.475743 0.456090
5 0.225920 0.457453 0.451840 0.455771
5 0.215115 0.459687 0.430229 0.458098
5 0.232142 0.433547 0.464285 0.431865
5 0.238792 0.413898 0.477583 0.412216
5 0.243663 0.436208 0.487326 0.434526
5 0.260812 0.457825 0.521625 0.456143
5 0.254507 0.434303 0.509015 0.432621
5 0.255243 0.482421 0.510486 0.480739
5 0.250447 0.507955 0.500894 0.506273
5 0.238103 0.508058 0.476206 0.506376
5 0.225890 0.506964 0.451780 0.505282
5 0.290059 0.483494 0.580118 0.481812
5 0.278641 0.483605 0.557282 0.481923
5 0.266848 0.484251 0.533697 0.482569
5 0.312273 0.433193 0.624545 0.431511
5 0.299585 0.430289 0.599170 0.428607
5 0.287792 0.430300 0.575585 0.428618
5 0.316636 0.409550 0.633272 0.407868
5 0.304186 0.408709 0.608372 0.407027
5 0.327272 0.367770 0.654544 0.366088
5 0.334089 0.387970 0.668178 0.386288
5 0.284908 0.508518 0.569816 0.506836
5 0.273116 0.509957 0.546232 0.508275
5 0.296247 0.508089 0.592494 0.506407
5 0.330759 0.464019 0.661519 0.462337
5 0.319573 0.460004 0.639146 0.458322
5 0.342553 0.465561 0.685106 0.463879
5 0.295645 0.457110 0.591291 0.455428
5 0.283701 0.453939 0.567403 0.452257
5 0.343083 0.511172 0.686167 0.509490
5 0.331290 0.509630 0.662580 0.507948
5 0.336972 0.487961 0.673944 0.486279
5 0.348765 0.489503 0.697531 0.487821
5 0.349264 0.441738 0.698527 0.440056
5 0.336835 0.439912 0.673670 0.438230
5 0.361244 0.439978 0.722489 0.438296
5 0.324144 0.434183 0.648289 0.432501
5 0.378120 0.462292 0.756241 0.460610
5 0.372791 0.435561 0.745582 0.433879
5 0.368241 0.410836 0.736482 0.409154
5 0.363288 0.387454 0.726577 0.385772
5 0.360797 0.367019 0.721594 0.365337
5 0.349629 0.366352 0.699258 0.364670
5 0.390344 0.461945 0.780688 0.460263
5 0.385102 0.434694 0.770203 0.433012
5 0.380985 0.410316 0.761970 0.408634
5 0.355060 0.466627 0.710119 0.464945
5 0.366763 0.463679 0.733527 0.461997
5 0.360435 0.489516 0.720869 0.487834
5 0.372312 0.487261 0.744624 0.485579
5 0.385143 0.487608 0.770285 0.485926
5 0.390691 0.510844 0.781382 0.509162
5 0.379074 0.511364 0.758148 0.509682
5 0.366503 0.512751 0.733007 0.511069
5 0.354400 0.512045 0.708801 0.510363
5 0.419473 0.438514 0.838946 0.436832
5 0.408501 0.436696 0.817002 0.435014
5 0.397586 0.432549 0.795173 0.430867
5 0.430717 0.441257 0.861434 0.439575
5 0.405188 0.412942 0.810375 0.411260
5 0.393838 0.410344 0.787676 0.408662
5 0.412407 0.394563 0.824815 0.392881
5 0.424960 0.396860 0.849919 0.395178
5 0.457567 0.412634 0.915134 0.410952
5 0.446103 0.414457 0.892206 0.412775
5 0.435619 0.417581 0.871239 0.415899
5 0.448515 0.463043 0.897031 0.461361
5 0.424699 0.468005 0.849398 0.466323
5 0.412764 0.467259 0.825528 0.465577
5 0.401484 0.466208 0.802969 0.464526
5 0.442670 0.490739 0.885339 0.489057
5 0.430658 0.491682 0.861315 0.490000
5 0.419148 0.490785 0.838296 0.489103
5 0.407854 0.490208 0.815708 0.488526
5 0.489694 0.441312 0.979388 0.439630
5 0.477789 0.436667 0.955579 0.434985
5 0.465796 0.436200 0.931592 0.434518
5 0.442218 0.439461 0.884435 0.437779
5 0.453072 0.438171 0.906144 0.436489
5 0.472086 0.414923 0.944171 0.413241
5 0.495178 0.314865 0.990355 0.313183
5 0.483946 0.316756 0.967892 0.315074
5 0.472446 0.316835 0.944893 0.315153
5 0.478501 0.335310 0.957002 0.333628
5 0.506652 0.354631 0.986697 0.352949
5 0.504783 0.373320 0.990434 0.371638
5 0.506191 0.395746 0.987617 0.394064
5 0.513964 0.396396 0.972072 0.394714
5 0.518036 0.399527 0.963929 0.397845
5 0.516458 0.377588 0.967083 0.375906
5 0.520369 0.377748 0.959262 0.376066
5 0.520596 0.335553 0.958809 0.333871
5 0.529962 0.356287 0.940075 0.354605
5 0.528206 0.335937 0.943588 0.334255
5 0.526276 0.317729 0.947449 0.316047
5 0.526380 0.400850 0.947239 0.399168
5 0.524891 0.422224 0.950217 0.420542
5 0.530298 0.400445 0.939404 0.398763
5 0.528978 0.422629 0.942044 0.420947
5 0.527323 0.444920 0.945354 0.443238
5 0.519666 0.446744 0.960668 0.445062
5 0.539484 0.376330 0.921032 0.374648
5 0.535668 0.376735 0.928664 0.375053
5 0.537660 0.356673 0.924679 0.354991
5 0.531987 0.336611 0.936027 0.334929
5 0.543064 0.412604 0.913872 0.410922
5 0.541105 0.394771 0.917790 0.393089
5 0.545034 0.390955 0.909931 0.389273
5 0.543159 0.374287 0.913682 0.372605
5 0.541455 0.356013 0.917091 0.354331
5 0.573372 0.455146 0.853256 0.453464
5 0.571299 0.433856 0.857402 0.432174
5 0.569475 0.414199 0.861050 0.412517
5 0.575467 0.474878 0.849067 0.473196
5 0.567275 0.432635 0.865450 0.430953
5 0.565451 0.412978 0.869097 0.411296
5 0.569348 0.453925 0.861303 0.452243
5 0.565234 0.453111 0.869532 0.451429
5 0.563183 0.431957 0.873633 0.430275
5 0.561676 0.411622 0.876648 0.409940
5 0.556183 0.392089 0.887634 0.390407
5 0.560094 0.392089 0.879812 0.390407
5 0.548586 0.428397 0.902829 0.426715
5 0.550190 0.407865 0.899620 0.406183
5 0.572575 0.354043 0.854850 0.352361
5 0.574399 0.373700 0.851202 0.372018
5 0.579754 0.473493 0.840493 0.471811
5 0.577659 0.453761 0.844682 0.452079
5 0.577626 0.412997 0.844748 0.411315
5 0.579596 0.549418 0.840807 0.547736
5 0.577476 0.530472 0.845048 0.528790
5 0.563400 0.472132 0.873200 0.470450