5 0.473167 0.135638 0.472688 0.271276
5 0.505778 0.140532 0.507003 0.281063
5 0.489063 0.139914 0.490288 0.279828
5 0.440283 0.135762 0.439804 0.271525
5 0.456179 0.140039 0.457404 0.280077
5 0.424414 0.136583 0.423934 0.273167
4 0.180835 0.129097 0.195135 0.258194
5 0.383232 0.126729 0.384457 0.253458
5 0.408648 0.137863 0.408169 0.275726
5 0.359807 0.138046 0.359328 0.276092
5 0.375816 0.138046 0.375337 0.276092
5 0.392418 0.138048 0.391938 0.276096
5 0.294604 0.139525 0.294125 0.279050
5 0.310560 0.139004 0.310081 0.278008
5 0.327390 0.138868 0.326911 0.277735
5 0.343887 0.138868 0.343408 0.277735
5 0.278835 0.139069 0.278356 0.278139
5 0.262441 0.139393 0.261962 0.278785
5 0.303290 0.155909 0.302811 0.311818
5 0.319246 0.155388 0.318766 0.310776
5 0.336076 0.155252 0.335597 0.310504
5 0.255598 0.156271 0.255118 0.312541
5 0.272431 0.156539 0.271952 0.313079
5 0.246123 0.138801 0.245643 0.277601
5 0.239279 0.155678 0.238800 0.311357
5 0.228877 0.138672 0.228397 0.277344
5 0.222033 0.155550 0.221554 0.311100
5 0.212759 0.138622 0.212280 0.277244
5 0.179647 0.169376 0.179168 0.338753
5 0.173480 0.185566 0.173001 0.371132
5 0.190155 0.186208 0.189675 0.372417