5 0.184767 0.126982 0.188837 0.253963
5 0.201645 0.127413 0.205715 0.254827
5 0.217822 0.127325 0.221892 0.254650
5 0.235187 0.128491 0.239257 0.256982
5 0.251958 0.130034 0.256028 0.260069
5 0.285170 0.132249 0.289240 0.264498
5 0.301828 0.133031 0.305899 0.266063
5 0.319813 0.135002 0.323883 0.270004
5 0.336380 0.135412 0.340450 0.270823
5 0.268949 0.131262 0.273019 0.262525
5 0.176975 0.143461 0.181045 0.286922
5 0.194015 0.144167 0.198086 0.288335
5 0.210925 0.143987 0.214995 0.287975
5 0.227476 0.144696 0.231546 0.289392
5 0.243352 0.145416 0.247422 0.290831
5 0.277215 0.148454 0.281286 0.296907
5 0.293385 0.148779 0.297456 0.297557
5 0.311045 0.150292 0.315115 0.300583
5 0.327612 0.150701 0.331682 0.301402
5 0.260518 0.147338 0.264588 0.294675
5 0.235776 0.161277 0.239847 0.322555
5 0.219900 0.160558 0.223971 0.321115
5 0.203349 0.159849 0.207419 0.319699
5 0.186440 0.160029 0.190510 0.320058
5 0.169399 0.159323 0.173469 0.318645
5 0.405179 0.137038 0.409250 0.274077