6 0.156004 0.286786 0.151821 0.286786
5 0.689388 0.357175 0.621224 0.350357
5 0.685488 0.357524 0.629024 0.350705
5 0.683143 0.379112 0.633713 0.372294
5 0.687171 0.380087 0.625658 0.373269
5 0.683631 0.335378 0.632738 0.328560
5 0.687531 0.335030 0.624938 0.328212
5 0.679569 0.332105 0.640863 0.325287
5 0.681344 0.356200 0.637311 0.349382
5 0.691396 0.333080 0.617208 0.326262
5 0.677522 0.310154 0.644957 0.303767
5 0.682925 0.312530 0.634151 0.304741
5 0.671285 0.311556 0.657430 0.303767
5 0.672591 0.352994 0.654818 0.346176
5 0.660370 0.354276 0.662162 0.347458
5 0.668581 0.352315 0.662839 0.345497
5 0.669656 0.330917 0.660688 0.324099
5 0.672921 0.308194 0.654158 0.309670
5 0.629090 0.353529 0.630881 0.346710
5 0.565934 0.328046 0.567726 0.321227
5 0.557385 0.306140 0.559177 0.299322
5 0.539278 0.306515 0.541070 0.299697
5 0.557530 0.354999 0.557038 0.355737
5 0.595086 0.307590 0.597673 0.300479
5 0.486398 0.362811 0.488190 0.355993
5 0.340195 0.341243 0.341987 0.334425
5 0.321672 0.340423 0.323464 0.333605
5 0.331242 0.319097 0.333033 0.312279
5 0.312923 0.318072 0.314715 0.311254
5 0.302808 0.338885 0.304599 0.332067
5 0.295289 0.361236 0.297081 0.354418
5 0.313648 0.366019 0.316041 0.358842
5 0.330900 0.362979 0.332692 0.356161
5 0.349532 0.369915 0.351925 0.362738
5 0.369928 0.317970 0.371720 0.311152
5 0.359949 0.299617 0.361741 0.292799
5 0.348603 0.318380 0.350395 0.311562
5 0.217763 0.378489 0.219555 0.371670
5 0.228097 0.356588 0.229889 0.349770
5 0.237045 0.382992 0.239438 0.375815
5 0.252793 0.380026 0.254585 0.373208
5 0.210854 0.356318 0.212646 0.349500
5 0.189786 0.398927 0.192178 0.391750
5 0.206606 0.447227 0.208398 0.440409
5 0.170941 0.439456 0.172733 0.432638
5 0.180179 0.417406 0.181971 0.410588
5 0.163335 0.415792 0.165127 0.408974
5 0.171811 0.392600 0.173603 0.385782
5 0.189942 0.442959 0.191734 0.436141
5 0.216568 0.472182 0.218360 0.465364
5 0.181059 0.467121 0.183451 0.459944
5 0.162646 0.461040 0.164438 0.454222
5 0.153962 0.484605 0.156354 0.477428
5 0.209766 0.492869 0.211558 0.486051
5 0.144962 0.504404 0.146754 0.497586
5 0.163435 0.506956 0.165227 0.500138
5 0.181471 0.509482 0.183263 0.502664
5 0.155092 0.527866 0.156884 0.521048
5 0.173023 0.529441 0.174815 0.522623
5 0.191610 0.490156 0.193401 0.483338
5 0.201748 0.512333 0.203540 0.505515
5 0.227168 0.403232 0.228960 0.396414
5 0.245222 0.404313 0.247014 0.397495
5 0.263519 0.407558 0.265311 0.400740
5 0.294252 0.317770 0.296044 0.310952
5 0.539001 0.353109 0.538509 0.353847
5 0.709939 0.352537 0.580122 0.345719
5 0.705813 0.352434 0.588373 0.345616
5 0.701988 0.352615 0.596024 0.347340
5 0.699500 0.335007 0.601000 0.329249
5 0.712296 0.374359 0.575407 0.367541
5 0.708171 0.374256 0.583659 0.367438
5 0.719952 0.376649 0.560096 0.369831
5 0.728758 0.374930 0.542484 0.368111
5 0.733108 0.374629 0.533783 0.367811
5 0.737464 0.374359 0.525072 0.367541
5 0.728408 0.386442 0.543184 0.386811
5 0.726072 0.351497 0.547857 0.345110
5 0.721531 0.352141 0.556938 0.345755
5 0.717861 0.350024 0.564278 0.343214
5 0.713965 0.351681 0.572071 0.344870
5 0.730372 0.350333 0.539255 0.343947
5 0.734959 0.350130 0.530083 0.343319
5 0.737338 0.332257 0.525324 0.325446
5 0.739453 0.351928 0.521094 0.345117
5 0.743578 0.353725 0.512844 0.346915
5 0.299583 0.411551 0.301375 0.404733
5 0.287138 0.383281 0.288930 0.376463
5 0.291093 0.370940 0.290846 0.371309