5 0.669446 0.133469 0.661108 0.266938
5 0.673448 0.132882 0.653104 0.265765
5 0.631321 0.132966 0.631461 0.265932
5 0.646955 0.132966 0.647095 0.265932
5 0.683016 0.149535 0.633968 0.299070
5 0.679072 0.149007 0.641856 0.298013
5 0.675238 0.148839 0.649525 0.297679
5 0.692773 0.135253 0.614454 0.270506
5 0.685016 0.134268 0.629968 0.268536
5 0.688850 0.134725 0.622299 0.269450
5 0.690736 0.150114 0.618529 0.300228
5 0.698425 0.151169 0.603150 0.302338
5 0.696581 0.135150 0.606838 0.270300
5 0.654251 0.148942 0.654391 0.297883
5 0.667501 0.148863 0.664998 0.297725
5 0.673153 0.164480 0.653694 0.328959
5 0.669319 0.164312 0.661362 0.328624
5 0.684876 0.165134 0.630248 0.330269
5 0.680932 0.164606 0.638136 0.329213
5 0.743309 0.139601 0.513381 0.279203
5 0.735468 0.138583 0.529064 0.277167
5 0.731506 0.137441 0.536988 0.274883
5 0.739322 0.139703 0.521356 0.279407
5 0.745219 0.154869 0.509561 0.309738
5 0.741232 0.154971 0.517536 0.309942
5 0.737303 0.154530 0.525394 0.309059
5 0.733366 0.153840 0.533269 0.307680
5 0.735242 0.169797 0.529516 0.339595
5 0.717884 0.152596 0.564231 0.305192
5 0.721671 0.153286 0.556659 0.306571
5 0.723891 0.137668 0.552218 0.275335
5 0.720012 0.136774 0.559976 0.273548
5 0.747257 0.139031 0.505485 0.278061
5 0.746957 0.170487 0.506087 0.340974
5 0.507748 0.132040 0.508421 0.264081
5 0.492026 0.131221 0.492166 0.262442
5 0.499369 0.146880 0.499509 0.293761
5 0.461117 0.130234 0.461257 0.260469
5 0.445364 0.130289 0.445504 0.260578
5 0.468570 0.146017 0.468711 0.292034
5 0.452817 0.146072 0.452957 0.292144
5 0.382730 0.159815 0.382870 0.319630
5 0.398080 0.160172 0.398220 0.320344
5 0.413344 0.160720 0.413484 0.321440
5 0.368068 0.129564 0.368208 0.259128
5 0.352346 0.128697 0.352486 0.257393
5 0.336812 0.128258 0.336952 0.256516
5 0.290027 0.126738 0.290167 0.253477
5 0.274145 0.127605 0.274285 0.255211
5 0.283053 0.142705 0.283193 0.285409
5 0.267171 0.143572 0.267311 0.287144
5 0.290639 0.158396 0.290779 0.316792
5 0.274756 0.158437 0.274896 0.316874
5 0.321274 0.127570 0.321414 0.255140
5 0.220189 0.141370 0.220329 0.282739
5 0.212423 0.157174 0.212563 0.314348
5 0.228145 0.157650 0.228285 0.315299
5 0.243883 0.157946 0.244023 0.315892
5 0.220682 0.173203 0.220821 0.346406
5 0.205327 0.173003 0.205467 0.346006
5 0.236052 0.173224 0.236192 0.346449
5 0.716104 0.137222 0.567791 0.274443
5 0.712251 0.137224 0.575499 0.274449
5 0.708198 0.136593 0.583604 0.273185
5 0.710080 0.151971 0.579839 0.303941
5 0.714017 0.152354 0.571965 0.304708
5 0.460272 0.161800 0.460412 0.323600
5 0.445008 0.161252 0.445148 0.322504
5 0.429144 0.161183 0.429285 0.322367
5 0.468058 0.177070 0.468198 0.354139
5 0.452794 0.176522 0.452934 0.353044
5 0.436931 0.176453 0.437071 0.352906
5 0.359727 0.144288 0.359867 0.288576
5 0.344391 0.143854 0.344531 0.287708
5 0.328856 0.143416 0.328996 0.286831
5 0.313458 0.143560 0.313598 0.287120
5 0.421685 0.175733 0.421825 0.351466
5 0.390638 0.175329 0.390778 0.350659
5 0.390686 0.144513 0.390826 0.289026
5 0.406036 0.144870 0.406176 0.289741
5 0.459846 0.191794 0.459986 0.383588
5 0.444582 0.191246 0.444722 0.382492
5 0.429360 0.191466 0.429500 0.382932
5 0.414114 0.190746 0.414254 0.381492
5 0.259279 0.158050 0.259420 0.316099
5 0.251509 0.142752 0.251649 0.285505
5 0.313342 0.174376 0.313482 0.348752
5 0.282589 0.173074 0.282729 0.346147
5 0.298066 0.173461 0.298206 0.346922
5 0.375146 0.175292 0.375286 0.350584
5 0.359809 0.174858 0.359949 0.349716
5 0.344275 0.174420 0.344415 0.348839
5 0.351796 0.159151 0.351936 0.318303
5 0.321170 0.190143 0.321310 0.380286
5 0.305895 0.189228 0.306035 0.378456
5 0.290418 0.188841 0.290558 0.377681
5 0.274562 0.188707 0.274702 0.377415
5 0.259318 0.188118 0.259458 0.376236
5 0.243963 0.187918 0.244103 0.375836
5 0.250985 0.172635 0.251125 0.345270
5 0.696432 0.165996 0.607136 0.331991