5 0.501467 0.130000 0.997065 0.260000
5 0.505514 0.131062 0.988972 0.262125
5 0.509527 0.130911 0.980945 0.261821
5 0.513439 0.130000 0.973121 0.260000
5 0.495402 0.129589 0.990803 0.259179
5 0.481854 0.129179 0.963708 0.258358
5 0.453037 0.132510 0.906073 0.265019
5 0.468100 0.129066 0.936200 0.258131
5 0.460902 0.152017 0.921804 0.304035
5 0.475621 0.150382 0.951241 0.300764
5 0.489410 0.147997 0.978821 0.295994
5 0.500000 0.150050 1.000000 0.300099
5 0.503507 0.149229 0.992986 0.298457
5 0.446224 0.152136 0.892448 0.304272
5 0.431276 0.152363 0.862552 0.304727
5 0.438105 0.131876 0.876210 0.263752
5 0.423484 0.131798 0.846969 0.263597
5 0.407752 0.131461 0.815503 0.262922
5 0.416367 0.151689 0.832734 0.303378
5 0.400260 0.149779 0.800519 0.299558
5 0.391494 0.130787 0.782989 0.261574
5 0.525160 0.129608 0.949679 0.259217
5 0.521219 0.131302 0.957561 0.262604
5 0.517409 0.130410 0.965181 0.260819
5 0.537026 0.129608 0.925947 0.259217
5 0.529101 0.129757 0.941797 0.259513
5 0.533086 0.129344 0.933829 0.258688
5 0.507371 0.149471 0.985258 0.298942
5 0.511326 0.149189 0.977348 0.298377
5 0.515209 0.149061 0.969582 0.298123
5 0.527046 0.147886 0.945908 0.295773
5 0.519150 0.149993 0.961700 0.299986
5 0.523192 0.149711 0.953616 0.299422
5 0.531028 0.148201 0.937943 0.296401
5 0.534982 0.147925 0.930036 0.295851
5 0.538953 0.147089 0.922093 0.294178
5 0.550974 0.146125 0.898052 0.292251
5 0.546880 0.146411 0.906240 0.292823
5 0.542835 0.147375 0.914330 0.294750
5 0.549047 0.128232 0.901906 0.256464
5 0.544953 0.128518 0.910094 0.257036
5 0.540908 0.129482 0.918184 0.258963
5 0.540728 0.165257 0.918545 0.330515
5 0.544701 0.164580 0.910599 0.329160
5 0.548746 0.163616 0.902508 0.327233
5 0.552901 0.162780 0.894198 0.325560
5 0.543409 0.180431 0.913182 0.360863
5 0.557587 0.125961 0.884826 0.251921
5 0.561700 0.125359 0.876600 0.250718
5 0.565779 0.125810 0.868441 0.251620
5 0.553060 0.127931 0.893881 0.255862
5 0.559079 0.143731 0.881843 0.287461
5 0.563639 0.142663 0.872722 0.285326
5 0.567685 0.142513 0.864629 0.285025
5 0.555614 0.143867 0.888772 0.287734
5 0.556838 0.162239 0.886324 0.324477
5 0.561566 0.160118 0.876868 0.320235
5 0.565612 0.159516 0.868776 0.319032
5 0.569859 0.158613 0.860283 0.317226
5 0.573905 0.158011 0.852190 0.316022
5 0.580161 0.140527 0.839678 0.281053
5 0.577951 0.157560 0.844098 0.315120
5 0.575933 0.141496 0.848134 0.282993
5 0.563472 0.176971 0.873056 0.353941
5 0.567618 0.175767 0.864763 0.351534
5 0.571664 0.174864 0.856671 0.349728
5 0.575710 0.174262 0.848579 0.348524
5 0.579757 0.173811 0.840487 0.347621
5 0.551301 0.179679 0.897399 0.359358
5 0.559326 0.177873 0.881349 0.355747
5 0.555280 0.178776 0.889440 0.357553
5 0.553106 0.195479 0.893788 0.390957
5 0.557286 0.195027 0.885428 0.390055
5 0.561198 0.193824 0.877603 0.387647
5 0.565345 0.192921 0.869311 0.385841
5 0.569424 0.191566 0.861152 0.383133
5 0.573470 0.190664 0.853060 0.381327
5 0.577516 0.190062 0.844968 0.380123
5 0.581600 0.189610 0.836800 0.379221
5 0.584145 0.140356 0.831710 0.280712
5 0.581972 0.156535 0.836055 0.313071
5 0.583968 0.172786 0.832064 0.345573
5 0.588470 0.139673 0.823060 0.279346
5 0.585887 0.189098 0.828225 0.378196
5 0.563133 0.210043 0.873734 0.420085
5 0.567280 0.209140 0.865441 0.418279
5 0.571359 0.207786 0.857282 0.415571
5 0.575329 0.207053 0.849342 0.414107
5 0.579527 0.206281 0.840946 0.412562
5 0.583611 0.205829 0.832778 0.411659
5 0.564992 0.225579 0.870015 0.451158
5 0.569139 0.224676 0.861723 0.449352
5 0.573218 0.223322 0.853564 0.446643
5 0.577150 0.222760 0.845700 0.445521
5 0.581348 0.221988 0.837304 0.443975
5 0.365089 0.131604 0.730178 0.263209
5 0.352203 0.131492 0.704406 0.262984
5 0.341033 0.128868 0.682067 0.257736
5 0.377817 0.132374 0.755633 0.264748
5 0.359189 0.150343 0.718378 0.300686
5 0.372706 0.149503 0.745412 0.299006
5 0.387022 0.149623 0.774045 0.299246
5 0.317374 0.133140 0.634748 0.266281
5 0.328898 0.131259 0.657796 0.262518
5 0.282167 0.133745 0.564334 0.267489
5 0.294304 0.133295 0.588608 0.266591
5 0.305766 0.133969 0.611533 0.267939
5 0.258422 0.131957 0.516843 0.263914
5 0.270855 0.131310 0.541709 0.262620
5 0.246584 0.132702 0.493169 0.265404
5 0.234499 0.132330 0.468998 0.264659
5 0.223258 0.131558 0.446516 0.263117
5 0.210742 0.132206 0.421484 0.264411
5 0.199070 0.132702 0.398141 0.265404
5 0.186819 0.132578 0.373639 0.265156
5 0.175231 0.133075 0.350461 0.266150
5 0.163472 0.132838 0.326945 0.265676
5 0.151635 0.133903 0.303270 0.267807
5 0.393506 0.169832 0.787011 0.339664
5 0.381243 0.168319 0.762486 0.336637
5 0.579142 0.238789 0.841716 0.477578
5 0.574944 0.239561 0.850112 0.479123
5 0.570948 0.240600 0.858104 0.481200
5 0.580924 0.254253 0.838152 0.508507
5 0.576726 0.255026 0.846548 0.510052
5 0.572730 0.256065 0.854540 0.512130
5 0.574597 0.271052 0.850806 0.542104
5 0.578593 0.270013 0.842815 0.540027
5 0.585480 0.252486 0.829041 0.504973