4 0.708600 0.357653 0.582800 0.360605
5 0.658841 0.403560 0.661262 0.407699
5 0.668070 0.402927 0.663859 0.407065
5 0.669925 0.380582 0.660150 0.384721
5 0.665959 0.381216 0.668081 0.385354
5 0.650217 0.380854 0.652638 0.384992
5 0.633270 0.381668 0.635691 0.385806
5 0.667693 0.357876 0.664613 0.362014
5 0.656851 0.358871 0.659272 0.363010
5 0.675639 0.357785 0.648722 0.361924
5 0.673785 0.379768 0.652431 0.383907
5 0.624042 0.359414 0.626463 0.363552
5 0.669488 0.335169 0.661025 0.339308
5 0.640446 0.358418 0.642868 0.362557
5 0.694272 0.331250 0.611456 0.335389
5 0.688088 0.354201 0.623823 0.358340
5 0.696392 0.354051 0.607215 0.358190
5 0.690186 0.332245 0.619628 0.336384
5 0.683370 0.317158 0.633261 0.317527
5 0.687693 0.315892 0.624613 0.316261
5 0.675214 0.317580 0.649571 0.317949
5 0.512394 0.360538 0.514815 0.364676
5 0.529440 0.360471 0.531862 0.364609
5 0.546470 0.360171 0.548892 0.364310
5 0.572025 0.383121 0.574446 0.387260
5 0.580506 0.360193 0.582927 0.364331
5 0.567726 0.343960 0.567480 0.344329
5 0.578059 0.320491 0.577813 0.320860
5 0.538001 0.380772 0.540422 0.384911
5 0.521215 0.381354 0.523636 0.385493
5 0.480416 0.360837 0.482837 0.364975
5 0.493110 0.320005 0.492864 0.320374
5 0.456155 0.384148 0.458576 0.388287
4 0.395669 0.339567 0.389764 0.338091
5 0.440441 0.384278 0.442862 0.388416
5 0.431548 0.357599 0.433970 0.361738
5 0.447866 0.359801 0.450287 0.363939
5 0.454946 0.333770 0.457367 0.337908
5 0.471264 0.335972 0.473685 0.340110
5 0.422742 0.335583 0.425163 0.339722
5 0.497079 0.406941 0.499500 0.411080
5 0.480157 0.407848 0.482578 0.411986
5 0.464702 0.407459 0.467124 0.411598
5 0.553781 0.427696 0.556202 0.431835
5 0.521121 0.428175 0.523543 0.432313
5 0.537899 0.427249 0.540320 0.431388
5 0.505240 0.428144 0.507661 0.432282
5 0.489078 0.428235 0.491499 0.432374
5 0.456701 0.428753 0.459122 0.432892
5 0.513292 0.449727 0.515713 0.453866
5 0.448872 0.450305 0.451293 0.454444
5 0.465074 0.450561 0.467495 0.454700
5 0.481235 0.450470 0.483657 0.454609
5 0.554324 0.470305 0.556745 0.474444
5 0.538261 0.471351 0.540682 0.475489
5 0.521483 0.472276 0.523904 0.476415
5 0.505601 0.472245 0.508023 0.476384
5 0.562737 0.492560 0.565158 0.496698
5 0.546583 0.492519 0.549005 0.496658
5 0.530439 0.493038 0.532860 0.497177
5 0.513924 0.493414 0.516345 0.497553
5 0.457203 0.472924 0.459624 0.477062
5 0.473447 0.472683 0.475868 0.476822
5 0.489772 0.472436 0.492193 0.476575
5 0.440467 0.471974 0.442888 0.476112
5 0.432226 0.450848 0.434647 0.454986
5 0.595162 0.449454 0.597583 0.453593
5 0.586731 0.471280 0.589152 0.475419
5 0.562267 0.448937 0.564688 0.453075
5 0.408171 0.473467 0.410593 0.477605
5 0.416576 0.451798 0.418997 0.455937
5 0.424043 0.429974 0.426464 0.434113
5 0.424446 0.472559 0.426867 0.476698
5 0.497819 0.493704 0.500240 0.497843
5 0.481646 0.494239 0.484067 0.498377
5 0.465321 0.494485 0.467742 0.498624
5 0.432685 0.493433 0.435106 0.497571
5 0.416664 0.494018 0.419085 0.498157
5 0.400389 0.494925 0.402810 0.499064
5 0.316911 0.362142 0.319332 0.366281
5 0.332561 0.360550 0.334982 0.364689
5 0.348422 0.359900 0.350843 0.364039
5 0.324002 0.339260 0.326423 0.343399
5 0.257436 0.340791 0.259857 0.344929
5 0.260397 0.428245 0.262818 0.432383
5 0.244747 0.429837 0.247168 0.433975
5 0.327115 0.474335 0.329537 0.478473
5 0.343390 0.473428 0.345811 0.477567
5 0.359411 0.472843 0.361832 0.476981
5 0.375568 0.473575 0.377989 0.477714
5 0.392246 0.474203 0.394667 0.478342
5 0.384183 0.494054 0.386604 0.498193
5 0.368104 0.494125 0.370525 0.498263
5 0.351881 0.494589 0.354302 0.498727
5 0.334995 0.495574 0.337416 0.499712
5 0.277903 0.474825 0.280324 0.478964
5 0.286762 0.494920 0.289184 0.499059
5 0.302668 0.495079 0.305089 0.499218
5 0.294395 0.473755 0.296816 0.477893
5 0.263136 0.515988 0.265557 0.520126
5 0.254494 0.494913 0.256915 0.499052
5 0.270769 0.494822 0.273190 0.498961
5 0.279042 0.516147 0.281463 0.520285
5 0.238380 0.494260 0.240801 0.498398
5 0.311269 0.516963 0.313690 0.521102
5 0.295364 0.516805 0.297785 0.520943
5 0.244736 0.472709 0.247157 0.476848
5 0.253566 0.451217 0.255987 0.455356
5 0.247181 0.515543 0.249602 0.519682
5 0.303524 0.538473 0.305945 0.542611
5 0.571038 0.514592 0.573459 0.518731
5 0.522225 0.515447 0.524647 0.519585
5 0.506620 0.514988 0.509041 0.519126
5 0.490447 0.515522 0.492868 0.519661
5 0.538366 0.515258 0.540787 0.519397
5 0.554885 0.514552 0.557306 0.518691
5 0.474122 0.515769 0.476543 0.519908
5 0.441485 0.514953 0.443907 0.519092
5 0.425465 0.515302 0.427886 0.519440
5 0.409190 0.516209 0.411611 0.520348
5 0.392984 0.515338 0.395405 0.519477
5 0.376905 0.515408 0.379326 0.519547
5 0.360681 0.515873 0.363103 0.520011
5 0.344111 0.516857 0.346532 0.520996
5 0.457574 0.516373 0.459995 0.520511
5 0.328023 0.517094 0.330444 0.521232
5 0.562929 0.535610 0.565350 0.539748
5 0.579083 0.535650 0.581504 0.539789
5 0.546410 0.536315 0.548831 0.540454
5 0.530270 0.536504 0.532691 0.540643
5 0.514664 0.536045 0.517085 0.540184
5 0.498491 0.536579 0.500912 0.540718
5 0.465619 0.537430 0.468040 0.541569
5 0.417234 0.537266 0.419655 0.541405
5 0.352156 0.537914 0.354577 0.542053
5 0.336067 0.538151 0.338488 0.542289
5 0.401028 0.536395 0.403450 0.540534
5 0.433509 0.536359 0.435930 0.540498
5 0.482166 0.536827 0.484587 0.540965
5 0.449845 0.537667 0.452266 0.541805
5 0.368726 0.536930 0.371147 0.541069
5 0.384949 0.536466 0.387370 0.540604
5 0.319880 0.537899 0.322301 0.542038
5 0.690715 0.511987 0.618569 0.516125
5 0.686677 0.511947 0.626646 0.516085
5 0.682547 0.512653 0.634905 0.516791
5 0.670528 0.512198 0.658945 0.516336
5 0.666446 0.512205 0.667107 0.516344
5 0.678512 0.512842 0.642975 0.516980
5 0.674611 0.512383 0.650778 0.516521
5 0.668497 0.534221 0.663005 0.538360
5 0.676622 0.533440 0.646756 0.537578
5 0.680523 0.533899 0.638953 0.538038
5 0.684598 0.534189 0.630803 0.538328
5 0.688768 0.533723 0.622464 0.537862
5 0.672579 0.533974 0.654843 0.538112
5 0.659864 0.534825 0.662285 0.538963
5 0.680430 0.491082 0.639140 0.495221
5 0.676475 0.490552 0.647050 0.494691
5 0.672374 0.490093 0.655252 0.494232
5 0.668411 0.489908 0.663179 0.494047
5 0.659898 0.491833 0.662319 0.495971
5 0.684480 0.491335 0.631040 0.495474
5 0.670128 0.468338 0.659743 0.472476
5 0.674092 0.468523 0.651817 0.472661
5 0.619182 0.470974 0.621603 0.475112
5 0.627650 0.492065 0.630071 0.496204
5 0.611325 0.492073 0.613746 0.496211
5 0.644358 0.491497 0.646779 0.495636
5 0.595312 0.492163 0.597733 0.496301
5 0.635570 0.512828 0.637991 0.516967
5 0.602537 0.513403 0.604958 0.517542
5 0.586524 0.513494 0.588945 0.517633
5 0.618862 0.513396 0.621283 0.517535
5 0.644198 0.535118 0.646619 0.539256
5 0.627969 0.535206 0.630391 0.539344
5 0.611644 0.535214 0.614065 0.539352
5 0.578881 0.492523 0.581302 0.496661
5 0.721322 0.353481 0.557357 0.357620
5 0.717315 0.354296 0.565369 0.358434
5 0.713203 0.354050 0.573593 0.358189
5 0.719454 0.375891 0.561092 0.380029
5 0.715448 0.376705 0.569104 0.380844
5 0.721416 0.398895 0.557167 0.403033
5 0.719308 0.330413 0.561385 0.334552
5 0.715301 0.331227 0.569397 0.335366
5 0.711190 0.330982 0.577621 0.335120
5 0.732050 0.333049 0.535899 0.337188
5 0.727641 0.333424 0.544718 0.337563
5 0.723529 0.333179 0.552941 0.337317
5 0.738458 0.354580 0.523084 0.358719
5 0.734232 0.354735 0.531536 0.358874
5 0.729754 0.354929 0.540492 0.359068
5 0.736239 0.375938 0.527522 0.380077
5 0.748270 0.464089 0.503461 0.468228
5 0.746077 0.486471 0.507846 0.490609
5 0.737874 0.487917 0.524252 0.492055
5 0.741833 0.487917 0.516333 0.492055
5 0.748102 0.508195 0.503797 0.512334
5 0.711283 0.511342 0.577433 0.515480
5 0.707154 0.512048 0.585693 0.516186
5 0.703119 0.512236 0.593763 0.516375
5 0.715322 0.511382 0.569356 0.515521
5 0.699217 0.511778 0.601565 0.515916
5 0.731390 0.510264 0.537219 0.514402
5 0.727352 0.510223 0.545296 0.514362
5 0.723558 0.510706 0.552884 0.514844
5 0.719523 0.510894 0.560954 0.515033
5 0.717398 0.490314 0.565205 0.494453
5 0.717513 0.532794 0.564973 0.536932
5 0.721548 0.532605 0.556903 0.536744
5 0.725507 0.531631 0.548987 0.535769
5 0.729545 0.531671 0.540910 0.535810
5 0.741811 0.530978 0.516378 0.535117
5 0.731596 0.553078 0.536809 0.557217
5 0.727557 0.553038 0.544886 0.557177
5 0.723599 0.554013 0.552802 0.558151
5 0.719564 0.554201 0.560872 0.558340
5 0.745867 0.573748 0.508266 0.577886
5 0.741706 0.573215 0.516589 0.577354
5 0.737624 0.574190 0.524751 0.578328
5 0.733589 0.574379 0.532821 0.578517
5 0.747959 0.595647 0.504083 0.599786
5 0.743797 0.595115 0.512406 0.599254
5 0.735800 0.595669 0.528400 0.599807
5 0.739747 0.552967 0.520507 0.557105
5 0.729535 0.574117 0.540930 0.578256
5 0.725496 0.574077 0.549007 0.578215
5 0.721538 0.575051 0.556924 0.579190
5 0.731621 0.595786 0.536758 0.599925
5 0.727566 0.595524 0.544867 0.599663
5 0.723528 0.595484 0.552944 0.599623
5 0.745950 0.617076 0.508099 0.621215
5 0.741771 0.617194 0.516458 0.621332
5 0.737716 0.616932 0.524567 0.621070
5 0.733678 0.616892 0.532644 0.621030
5 0.747738 0.637494 0.504524 0.641632
5 0.735721 0.464278 0.528558 0.468417
5 0.188856 0.450342 0.191277 0.454480
5 0.221245 0.450905 0.223666 0.455043
5 0.237238 0.452404 0.239659 0.456543
5 0.204970 0.450995 0.207391 0.455134
5 0.229140 0.473896 0.231561 0.478035
5 0.212991 0.472864 0.215412 0.477002
5 0.196716 0.472954 0.199137 0.477093
5 0.180602 0.472301 0.183023 0.476439
5 0.222288 0.494920 0.224709 0.499059
5 0.205827 0.494122 0.208248 0.498260
5 0.189552 0.494212 0.191973 0.498351
5 0.230594 0.515751 0.233015 0.519890
5 0.198040 0.515613 0.200461 0.519751
5 0.181765 0.515704 0.184187 0.519842
5 0.214189 0.516178 0.216610 0.520317
5 0.255578 0.537355 0.257999 0.541494
5 0.271355 0.537322 0.273777 0.541461
5 0.287934 0.538172 0.290355 0.542311
5 0.223164 0.536927 0.225585 0.541065
5 0.207016 0.536969 0.209437 0.541108
5 0.190098 0.536404 0.192519 0.540542
5 0.239495 0.537295 0.241916 0.541434
5 0.173823 0.536494 0.176244 0.540633
5 0.162481 0.472152 0.164902 0.476290
5 0.155317 0.493410 0.157738 0.497548
5 0.164206 0.514610 0.166628 0.518749
5 0.153922 0.449284 0.156344 0.453423
5 0.171107 0.449834 0.173529 0.453973
5 0.145631 0.469945 0.148052 0.474084
5 0.178997 0.426966 0.181419 0.431105
5 0.196746 0.427474 0.199167 0.431613
5 0.212860 0.429732 0.215281 0.433871
5 0.187719 0.404257 0.190140 0.408395
5 0.129570 0.513808 0.131992 0.517946
5 0.146996 0.514500 0.149417 0.518639
5 0.156316 0.536274 0.158738 0.540413
5 0.139641 0.536967 0.142062 0.541105
5 0.131750 0.558029 0.134172 0.562168
5 0.312364 0.559718 0.314786 0.563856
5 0.686889 0.555541 0.626221 0.559680
5 0.682720 0.556008 0.634561 0.560146
5 0.670700 0.555792 0.658600 0.559931
5 0.674743 0.555258 0.650514 0.559397
5 0.678645 0.555717 0.642711 0.559856
5 0.666619 0.556039 0.666763 0.560178
5 0.652348 0.556643 0.654770 0.560781
5 0.636683 0.556936 0.639104 0.561075
5 0.620454 0.557024 0.622875 0.561163
5 0.604129 0.557032 0.606550 0.561171
5 0.571567 0.557468 0.573989 0.561607
5 0.507149 0.557863 0.509570 0.562002
5 0.538756 0.557512 0.541178 0.561650
5 0.522754 0.557908 0.525176 0.562046
5 0.555414 0.557428 0.557835 0.561567
5 0.490976 0.558398 0.493397 0.562536
5 0.474651 0.558645 0.477072 0.562783
5 0.458103 0.559248 0.460525 0.563387
5 0.409719 0.559085 0.412140 0.563223
5 0.442330 0.559485 0.444751 0.563624
5 0.263620 0.558568 0.266042 0.562707
5 0.425994 0.558178 0.428415 0.562316
5 0.361210 0.558748 0.363632 0.562887
5 0.377434 0.558284 0.379855 0.562422
5 0.344641 0.559733 0.347062 0.563871
5 0.328552 0.559969 0.330973 0.564108
5 0.248478 0.559281 0.250899 0.563419
5 0.296008 0.560291 0.298430 0.564430
5 0.586873 0.557272 0.589294 0.561410
5 0.707324 0.554480 0.585351 0.558618
5 0.711322 0.554206 0.577357 0.558345
5 0.715321 0.553546 0.569358 0.557684
5 0.703289 0.554669 0.593421 0.558807
5 0.709310 0.532988 0.581380 0.537127
5 0.701251 0.533222 0.597498 0.537361
5 0.697138 0.533878 0.605724 0.538016
5 0.692894 0.534111 0.614212 0.538250
5 0.690830 0.555369 0.618339 0.559508
5 0.695074 0.555136 0.609851 0.559274
5 0.709336 0.575931 0.581328 0.580070
5 0.705339 0.576205 0.589322 0.580344
5 0.701304 0.576394 0.597393 0.580532
5 0.697216 0.577095 0.605569 0.581233
5 0.692972 0.577328 0.614056 0.581467
5 0.689031 0.577500 0.621939 0.581639
5 0.684943 0.577033 0.630115 0.581172
5 0.676698 0.577209 0.646604 0.581347
5 0.672719 0.577451 0.654563 0.581589
5 0.668714 0.577751 0.662571 0.581890
5 0.660953 0.577998 0.663375 0.582137
5 0.644406 0.578602 0.646827 0.582740
5 0.715410 0.596956 0.569181 0.601094
5 0.711218 0.596996 0.577564 0.601134
5 0.707183 0.597185 0.585634 0.601323
5 0.725475 0.617676 0.549051 0.621815
5 0.705236 0.618676 0.589528 0.622815
5 0.701148 0.619377 0.597704 0.623515
5 0.697179 0.620082 0.605641 0.624221
5 0.693081 0.619075 0.613838 0.623214
5 0.688875 0.619315 0.622250 0.623454
5 0.699281 0.598387 0.601438 0.602525
5 0.682900 0.598675 0.634199 0.602813
5 0.686999 0.598974 0.626002 0.603113
5 0.678793 0.598915 0.642415 0.603054
5 0.674744 0.598594 0.650512 0.602733
5 0.670633 0.599153 0.658734 0.603291
5 0.666761 0.599136 0.666479 0.603275
5 0.653138 0.599384 0.655560 0.603522
5 0.636591 0.599987 0.639012 0.604126
5 0.681010 0.620300 0.637979 0.624439
5 0.676962 0.619979 0.646076 0.624118
5 0.672851 0.620538 0.654299 0.624677
5 0.661754 0.621314 0.664175 0.625452
5 0.645429 0.621561 0.647850 0.625700
5 0.628882 0.622164 0.631303 0.626303
5 0.612562 0.578265 0.614983 0.582403
5 0.596236 0.578273 0.598658 0.582411
5 0.578980 0.578512 0.581401 0.582651
5 0.563675 0.578708 0.566096 0.582847
5 0.547521 0.578668 0.549942 0.582807
5 0.530864 0.578752 0.533285 0.582891
5 0.514862 0.579148 0.517283 0.583287
5 0.499256 0.579104 0.501678 0.583242
5 0.483083 0.579638 0.485505 0.583776
5 0.466758 0.579885 0.469179 0.584024
5 0.450211 0.580489 0.452632 0.584627
5 0.434438 0.580725 0.436859 0.584864
5 0.418101 0.579418 0.420522 0.583556
5 0.401826 0.580325 0.404248 0.584464
5 0.369884 0.580154 0.372305 0.584293
5 0.385963 0.580084 0.388385 0.584223
5 0.337091 0.581603 0.339512 0.585742
5 0.353661 0.580618 0.356082 0.584757
5 0.321002 0.581840 0.323423 0.585978
5 0.304814 0.581588 0.307236 0.585727
5 0.287999 0.580782 0.290420 0.584920
5 0.271949 0.580308 0.274370 0.584447
5 0.223520 0.578941 0.225941 0.583080
5 0.232004 0.557415 0.234425 0.561554
5 0.215230 0.557451 0.217651 0.561589
5 0.199082 0.557493 0.201503 0.561632
5 0.124131 0.579245 0.126552 0.583383
5 0.140807 0.578552 0.143228 0.582691
5 0.158313 0.578773 0.160734 0.582911
5 0.175781 0.579129 0.178203 0.583268
5 0.191506 0.579247 0.193928 0.583386
5 0.207654 0.579204 0.210075 0.583343