5 0.140020 0.373908 0.280041 0.377686
5 0.146431 0.351614 0.292863 0.355392
5 0.158610 0.396269 0.317220 0.400047
5 0.164444 0.373646 0.328888 0.377424
5 0.188493 0.374959 0.376986 0.378737
5 0.182255 0.396928 0.364510 0.400707
5 0.200842 0.374928 0.401684 0.378505
5 0.206640 0.396801 0.413281 0.400579
5 0.224382 0.374448 0.448764 0.378226
5 0.218569 0.396078 0.437138 0.399856
5 0.242332 0.399018 0.484663 0.402796
5 0.230403 0.397454 0.460806 0.401233
5 0.218651 0.440173 0.437302 0.443951
5 0.279298 0.442486 0.558595 0.446264
5 0.273151 0.421832 0.546303 0.425409
5 0.266531 0.401180 0.533061 0.404958
5 0.266971 0.442376 0.533941 0.445953
5 0.368812 0.381744 0.737624 0.385522
5 0.346616 0.379327 0.693233 0.383105
5 0.372991 0.356325 0.745981 0.360104
5 0.470697 0.358013 0.941394 0.361791
5 0.458393 0.357936 0.916787 0.361714
5 0.453465 0.380031 0.906931 0.383810
5 0.502912 0.383349 0.994176 0.387127
5 0.481705 0.360280 0.963410 0.364058
5 0.513225 0.358985 0.973550 0.362763
5 0.520590 0.358098 0.958819 0.361876
5 0.526283 0.380438 0.947433 0.384216
5 0.548299 0.356415 0.903401 0.360194
5 0.544470 0.355861 0.911061 0.359639
5 0.540761 0.359635 0.918478 0.363413
5 0.550403 0.334163 0.899193 0.337941
5 0.552294 0.357164 0.895413 0.360942
5 0.538264 0.380069 0.923471 0.383847
5 0.562474 0.328010 0.875053 0.331789
5 0.558474 0.330177 0.883053 0.333955
5 0.564231 0.354885 0.871538 0.358663
5 0.560231 0.355180 0.879537 0.358959
5 0.562020 0.378867 0.875960 0.382645
5 0.568342 0.353864 0.863317 0.357642
5 0.570553 0.321207 0.858894 0.324985
5 0.578612 0.371781 0.842776 0.375559
5 0.572398 0.351243 0.855205 0.355022
5 0.582659 0.372437 0.834683 0.376215
5 0.580171 0.398520 0.839659 0.402298
5 0.575933 0.399668 0.848134 0.403446
5 0.582248 0.420173 0.835503 0.423951
5 0.578038 0.421158 0.843924 0.424936
5 0.584928 0.345206 0.830144 0.348984
5 0.580717 0.301571 0.838565 0.305349
5 0.554334 0.332411 0.891332 0.336189
5 0.579908 0.443366 0.840183 0.447144
5 0.569711 0.424665 0.860579 0.428444
5 0.589002 0.437070 0.821997 0.440848
5 0.584408 0.440843 0.831183 0.444621
5 0.586486 0.462496 0.827028 0.466274
5 0.582002 0.464301 0.835995 0.468079
5 0.577721 0.465184 0.844557 0.468962
5 0.579799 0.486345 0.840402 0.490123
5 0.586377 0.503671 0.827246 0.507449
5 0.141678 0.281559 0.283355 0.285136
5 0.145227 0.307484 0.290454 0.311262
5 0.593098 0.394001 0.813805 0.397779
5 0.513718 0.301550 0.972564 0.301919
5 0.516056 0.333292 0.967889 0.333661
5 0.521223 0.330709 0.957554 0.330709
5 0.523130 0.337352 0.953740 0.337721
5 0.530635 0.343996 0.938730 0.344365
5 0.528789 0.296383 0.942421 0.296383
5 0.445620 0.290477 0.891240 0.290846
5 0.498031 0.340674 0.996063 0.341043
5 0.488004 0.367249 0.976009 0.367987
5 0.502645 0.354700 0.994710 0.354700
5 0.535987 0.333661 0.928027 0.334031
5 0.195805 0.334769 0.391609 0.335138
5 0.183440 0.325910 0.366880 0.326280
5 0.191514 0.352104 0.383029 0.352104