6 0.527620 0.362453 0.944760 0.361979
4 0.543166 0.414299 0.913668 0.418087
5 0.135361 0.439193 0.270723 0.439193
5 0.146703 0.439193 0.293405 0.439193
5 0.141117 0.459167 0.282233 0.459167
5 0.152289 0.459505 0.304577 0.459505
5 0.163291 0.459505 0.326582 0.459505
5 0.168877 0.438516 0.337754 0.438516
5 0.179372 0.435807 0.358744 0.435807
5 0.184958 0.456797 0.369916 0.456797
5 0.146536 0.397554 0.293071 0.397554
5 0.158554 0.397554 0.317108 0.397554
5 0.152460 0.418205 0.304920 0.418205
5 0.140611 0.418544 0.281222 0.418544
5 0.129101 0.418883 0.258202 0.418883
5 0.135364 0.439534 0.270728 0.439534
5 0.134349 0.398232 0.268699 0.398232
5 0.213897 0.438920 0.427794 0.437973
5 0.236466 0.437973 0.472932 0.436080
5 0.251302 0.435843 0.502604 0.430634
5 0.255919 0.459044 0.511837 0.455256
5 0.238518 0.479877 0.477036 0.476799
5 0.240828 0.415516 0.481656 0.414806
5 0.254695 0.417140 0.509391 0.412879
5 0.263336 0.416667 0.526673 0.417377
5 0.262784 0.394176 0.525568 0.392282
5 0.249882 0.397017 0.499763 0.393939
5 0.232086 0.417614 0.464173 0.415956
5 0.215830 0.416193 0.431660 0.417850
5 0.282197 0.433949 0.564394 0.432055
5 0.295376 0.430161 0.590751 0.424953
5 0.306496 0.429688 0.612992 0.425900
5 0.297861 0.410985 0.595723 0.406960
5 0.290443 0.407907 0.580887 0.400568
5 0.310251 0.412642 0.620502 0.411222
5 0.315420 0.432765 0.630840 0.430398
5 0.311169 0.454072 0.622337 0.451231
5 0.299795 0.455729 0.599590 0.449574
5 0.303543 0.480114 0.607086 0.477273
5 0.328677 0.475852 0.657355 0.473485
5 0.329269 0.454782 0.658539 0.454782
5 0.336648 0.431581 0.673295 0.431108
5 0.339134 0.452415 0.678267 0.454545
5 0.356218 0.453362 0.712437 0.448153
5 0.350458 0.430871 0.700915 0.424242
5 0.319800 0.412405 0.639599 0.410511
5 0.338029 0.408381 0.676057 0.411222
5 0.354877 0.409801 0.709754 0.405777
5 0.354364 0.431818 0.708728 0.434186
5 0.366951 0.456913 0.733902 0.454782
5 0.376736 0.458807 0.753472 0.457386
5 0.385574 0.459754 0.771149 0.458570
5 0.381826 0.438447 0.763652 0.436316
5 0.370739 0.435369 0.741477 0.433712
5 0.373185 0.415009 0.746370 0.414773
5 0.367543 0.413116 0.735085 0.408617
5 0.375395 0.391809 0.750789 0.393229
5 0.390428 0.413116 0.780855 0.408617
5 0.394281 0.394886 0.788563 0.392835
5 0.391690 0.412169 0.783381 0.413589
5 0.394018 0.436553 0.788037 0.435606
5 0.406645 0.436553 0.813289 0.430634
5 0.416469 0.438684 0.832939 0.435843
5 0.413155 0.412410 0.826310 0.404598
5 0.424874 0.439631 0.849747 0.438920
5 0.429293 0.459991 0.858586 0.459517
5 0.432039 0.435964 0.864078 0.437621
5 0.430200 0.417377 0.860401 0.415720
5 0.422506 0.415241 0.845013 0.412874
5 0.434856 0.395833 0.869713 0.396544
5 0.438684 0.415720 0.877367 0.419508
5 0.442156 0.434422 0.884312 0.436553
5 0.456026 0.455241 0.912053 0.448546
5 0.459682 0.477746 0.919365 0.475379
5 0.408617 0.475616 0.817235 0.477746
5 0.465498 0.455835 0.930997 0.454415
5 0.456755 0.436080 0.913510 0.436790
5 0.473838 0.432398 0.947676 0.424567
5 0.474313 0.459517 0.948627 0.458333
5 0.482249 0.455598 0.964499 0.458203
5 0.482363 0.436790 0.964725 0.434659
5 0.493450 0.452888 0.986900 0.454545
5 0.498266 0.473606 0.996533 0.474789
5 0.492030 0.476799 0.984059 0.471591
5 0.480232 0.496449 0.960464 0.497869
5 0.503907 0.441993 0.992186 0.437969
5 0.500727 0.433030 0.998546 0.429924
5 0.503493 0.430161 0.993014 0.427794
5 0.503947 0.451468 0.992107 0.450521
5 0.508010 0.471591 0.983980 0.466856
5 0.511087 0.447917 0.977825 0.442945
5 0.510298 0.471591 0.979403 0.469223
5 0.514126 0.447680 0.971749 0.446496
5 0.510180 0.428030 0.979640 0.428741
5 0.507694 0.429214 0.984612 0.424953
5 0.514954 0.447443 0.970092 0.449337
5 0.518466 0.446023 0.963068 0.448864
5 0.521938 0.449811 0.956124 0.450758
5 0.523753 0.471591 0.952494 0.473958
5 0.517164 0.471591 0.965672 0.472775
5 0.524937 0.492424 0.950126 0.489820
5 0.529198 0.491004 0.941604 0.488163
5 0.527423 0.473248 0.945155 0.472775
5 0.532473 0.474905 0.935054 0.471591
5 0.536340 0.489347 0.927320 0.481297
5 0.538037 0.471354 0.923927 0.468513
5 0.533262 0.455019 0.933475 0.450284
5 0.526345 0.452777 0.947310 0.452777
5 0.522701 0.451366 0.954598 0.451366
5 0.519057 0.450661 0.961886 0.450661
5 0.520821 0.430208 0.958359 0.430208
5 0.524523 0.431972 0.950954 0.431972
5 0.528167 0.432325 0.943666 0.432325
5 0.531870 0.432325 0.936261 0.432325
5 0.535807 0.431972 0.928385 0.431972
5 0.535572 0.472524 0.928855 0.472524
5 0.539157 0.472876 0.921685 0.472876
5 0.542978 0.473229 0.914045 0.473229
5 0.541097 0.492623 0.917806 0.492623
5 0.537277 0.492976 0.925446 0.492976
5 0.535514 0.513075 0.928973 0.513075
5 0.531928 0.513075 0.936143 0.513075
5 0.542860 0.512370 0.914280 0.512370
5 0.533809 0.412578 0.932382 0.412578
5 0.537688 0.411520 0.924624 0.411520
5 0.530106 0.412578 0.939787 0.412578
5 0.526345 0.411873 0.947310 0.411873
5 0.522583 0.411167 0.954833 0.411167
5 0.535807 0.392479 0.928386 0.392479
5 0.539569 0.392126 0.920863 0.392126
5 0.517177 0.428092 0.965647 0.428092
5 0.513474 0.427034 0.973052 0.427034
5 0.510065 0.427034 0.979869 0.427034
5 0.550501 0.472171 0.898999 0.472171
5 0.552146 0.491918 0.895707 0.491918
5 0.555790 0.491212 0.888420 0.491212
5 0.559610 0.491565 0.880779 0.491565
5 0.557788 0.471465 0.884424 0.471465
5 0.563313 0.489801 0.873375 0.489801
5 0.565252 0.470760 0.869496 0.470760
5 0.565311 0.510256 0.869379 0.510256
5 0.561490 0.510256 0.877019 0.510256
5 0.557670 0.510608 0.884659 0.510608
5 0.553968 0.511314 0.892065 0.511314
5 0.550206 0.511667 0.899588 0.511667
5 0.548384 0.531766 0.903231 0.531766
5 0.552146 0.531061 0.895708 0.531061
5 0.555849 0.530355 0.888303 0.530355
5 0.557553 0.549046 0.884894 0.549046
5 0.561432 0.548693 0.877136 0.548693
5 0.565135 0.549046 0.869731 0.549046
5 0.568602 0.550457 0.862796 0.550457
5 0.572246 0.550810 0.855508 0.550810
5 0.567074 0.530005 0.865852 0.530005
5 0.570600 0.531063 0.858799 0.531063
5 0.568896 0.510964 0.862208 0.510964
5 0.572598 0.510611 0.854803 0.510611
5 0.570894 0.490159 0.858212 0.490159
5 0.567074 0.490511 0.865853 0.490511
5 0.569072 0.470765 0.861856 0.470765
5 0.572833 0.469706 0.854334 0.469706
5 0.574890 0.449254 0.850220 0.449254
5 0.561725 0.430919 0.876549 0.430919
5 0.570542 0.569851 0.858917 0.569851
5 0.574127 0.569498 0.851747 0.569498