5 0.686079 0.125176 0.627842 0.250351
5 0.682113 0.124962 0.635775 0.249924
5 0.722664 0.144781 0.554673 0.289562
5 0.724673 0.129934 0.550653 0.259868
5 0.720785 0.129412 0.558430 0.258823
5 0.713062 0.128408 0.573876 0.256816
5 0.266241 0.141840 0.270885 0.283680
5 0.273928 0.125952 0.278573 0.251904
5 0.234567 0.140431 0.239211 0.280862
5 0.242637 0.124925 0.247282 0.249850
5 0.226114 0.155457 0.230758 0.310915
5 0.249918 0.140334 0.254562 0.280669
5 0.241497 0.156328 0.246141 0.312657
5 0.209891 0.154360 0.214536 0.308720
5 0.217912 0.169975 0.222556 0.339950
5 0.218600 0.139078 0.223244 0.278155
5 0.184933 0.199047 0.189578 0.398093
5 0.193642 0.183764 0.198287 0.367529
5 0.201713 0.168258 0.206357 0.336516
5 0.289621 0.126208 0.294266 0.252417
5 0.202148 0.137951 0.206792 0.275902
5 0.184981 0.137468 0.189625 0.274937
5 0.705350 0.128065 0.589301 0.256130
5 0.202172 0.199820 0.206817 0.399640
5 0.177415 0.152739 0.182060 0.305478
5 0.169015 0.167136 0.173659 0.334272
5 0.185436 0.168354 0.190081 0.336708
5 0.168862 0.229846 0.173506 0.459692
5 0.177571 0.214564 0.182215 0.429128