6 0.548927 0.228456 0.902146 0.229640
5 0.548753 0.369313 0.902494 0.374256
5 0.528200 0.405683 0.943600 0.411146
5 0.520262 0.405809 0.959477 0.411272
5 0.523864 0.410973 0.952272 0.415916
5 0.530307 0.384307 0.939386 0.389770
5 0.536093 0.411766 0.927814 0.416709
5 0.536061 0.412091 0.927877 0.417034
5 0.538892 0.423457 0.922216 0.423932
5 0.534795 0.422364 0.930411 0.422840
5 0.543050 0.423275 0.913900 0.423750
5 0.540804 0.443489 0.918392 0.443965
5 0.536676 0.442761 0.926647 0.443236
5 0.553045 0.441478 0.893911 0.441954
5 0.551189 0.421705 0.897622 0.422180
5 0.555260 0.421863 0.889479 0.422339
5 0.559315 0.423083 0.881371 0.423558
5 0.572087 0.421374 0.855825 0.421850
5 0.567830 0.422595 0.864341 0.423071
5 0.563636 0.423169 0.872728 0.423645
5 0.557525 0.401849 0.884950 0.402325
5 0.561724 0.402912 0.876552 0.403387
5 0.565918 0.402338 0.868165 0.402813
5 0.570175 0.401117 0.859649 0.401592
5 0.534464 0.385181 0.931071 0.390645
5 0.536661 0.363948 0.926678 0.369411
5 0.540769 0.365412 0.918461 0.370876
5 0.545081 0.364436 0.909838 0.369899
5 0.546952 0.341250 0.906095 0.346713
5 0.565501 0.364192 0.868997 0.369655
5 0.561474 0.364192 0.877052 0.369655
5 0.557162 0.365168 0.885675 0.370631
5 0.553054 0.363948 0.893892 0.369411
5 0.532309 0.405439 0.935383 0.410902
5 0.522724 0.422503 0.954552 0.422979
5 0.526770 0.422744 0.946459 0.423219
5 0.550461 0.390858 0.899078 0.395801
5 0.548579 0.405439 0.902841 0.410902
5 0.553430 0.401850 0.893140 0.402325
5 0.567535 0.385670 0.864930 0.391133
5 0.563508 0.385670 0.872984 0.391133
5 0.559196 0.386646 0.881607 0.392109
5 0.555088 0.385426 0.889824 0.390889
5 0.557087 0.441962 0.885826 0.442438
5 0.561348 0.443237 0.877305 0.443713
5 0.565607 0.443077 0.868785 0.443553
5 0.569954 0.441640 0.860092 0.442115
5 0.574203 0.439679 0.851595 0.440155
5 0.544868 0.444062 0.910264 0.444538
5 0.548970 0.443046 0.902061 0.443522
5 0.578435 0.438725 0.843131 0.439200
5 0.576383 0.420611 0.847234 0.421086
5 0.574344 0.399971 0.851312 0.400447
5 0.571831 0.383760 0.856338 0.389224
5 0.569797 0.363428 0.860406 0.368892
5 0.580280 0.459344 0.839440 0.459819
5 0.579739 0.499247 0.840522 0.499722
5 0.578038 0.479033 0.843925 0.479508
5 0.576126 0.459348 0.847748 0.459823
5 0.577604 0.518491 0.844793 0.518966
5 0.575791 0.498583 0.848417 0.499059
5 0.573880 0.478326 0.852241 0.478801
5 0.571256 0.463396 0.857488 0.468859
5 0.567676 0.461596 0.864649 0.462072
5 0.563416 0.461757 0.873168 0.462232
5 0.559155 0.461436 0.881689 0.461912
5 0.550911 0.462138 0.898179 0.462614
5 0.542650 0.463536 0.914701 0.464011
5 0.569127 0.483158 0.861746 0.488621
5 0.564799 0.484685 0.870401 0.490148
5 0.575320 0.537805 0.849360 0.538280
5 0.573474 0.517758 0.853051 0.518233
5 0.571520 0.498232 0.856959 0.498707
5 0.569443 0.519067 0.861114 0.519543
5 0.567497 0.498887 0.865006 0.499362
5 0.561107 0.481348 0.877786 0.481823
5 0.556953 0.481274 0.886093 0.481749
5 0.552899 0.481831 0.894203 0.482307
5 0.548719 0.483107 0.902562 0.483583
5 0.546463 0.390702 0.907073 0.395645
5 0.538491 0.385906 0.923019 0.391369
5 0.555190 0.343185 0.889621 0.348648
5 0.559501 0.342209 0.880997 0.347672
5 0.567824 0.341445 0.864352 0.346908
5 0.563528 0.341242 0.872943 0.346706
5 0.551083 0.342219 0.897834 0.347682
5 0.542868 0.340515 0.914265 0.345978
5 0.534734 0.340279 0.930532 0.345742
5 0.530503 0.341738 0.938995 0.347201
5 0.538446 0.345881 0.923108 0.350824
5 0.528465 0.363440 0.943069 0.368903
5 0.524224 0.368125 0.951552 0.373068
5 0.526157 0.389383 0.947686 0.394326
5 0.522010 0.389866 0.955981 0.394809
5 0.522372 0.346141 0.955256 0.351084
5 0.518507 0.347349 0.962986 0.352292
5 0.514924 0.340102 0.970153 0.345045
5 0.513917 0.316669 0.972166 0.321612
5 0.528824 0.443277 0.942352 0.443753
5 0.534601 0.463329 0.930797 0.463805
5 0.532669 0.482897 0.934662 0.483372
5 0.524818 0.482655 0.950365 0.483131
5 0.526629 0.463088 0.946741 0.463563
5 0.523874 0.452470 0.952252 0.457413
5 0.519891 0.452249 0.960217 0.457192
5 0.516038 0.452359 0.967924 0.457302
5 0.512166 0.452581 0.975668 0.457524
5 0.518029 0.471830 0.963942 0.476773
5 0.512121 0.411015 0.975759 0.415958
5 0.514112 0.432373 0.971776 0.437316
5 0.516028 0.411443 0.967945 0.416386
5 0.508375 0.408614 0.983250 0.413557
5 0.504572 0.409128 0.990855 0.414071
5 0.557993 0.510170 0.884013 0.515113
5 0.559967 0.529233 0.880066 0.534176
5 0.563901 0.567585 0.872197 0.572528
5 0.562041 0.548295 0.875917 0.553238
5 0.565912 0.586934 0.868175 0.591877
5 0.567139 0.538257 0.865721 0.538732
5 0.565074 0.518573 0.869852 0.519049
5 0.563081 0.499782 0.873837 0.500257
5 0.575145 0.576727 0.849711 0.577203
5 0.573193 0.556816 0.853614 0.557292
5 0.571352 0.537570 0.857296 0.538045
5 0.569934 0.586706 0.860132 0.591649
5 0.568113 0.567130 0.863774 0.572073
5 0.571869 0.647485 0.856262 0.652428
5 0.569896 0.626998 0.860208 0.631941
5 0.567884 0.607708 0.864232 0.612651
5 0.572944 0.597442 0.854112 0.597918
5 0.574031 0.626315 0.851937 0.631258
5 0.576004 0.647258 0.847992 0.652201
5 0.576270 0.606966 0.847460 0.611909
5 0.553916 0.509989 0.892168 0.514932
5 0.555973 0.529817 0.888055 0.534760
5 0.557968 0.548722 0.884064 0.553665
5 0.559907 0.568169 0.880186 0.573112
5 0.561918 0.587519 0.876164 0.592462
5 0.563744 0.608293 0.872513 0.613236
5 0.565630 0.626463 0.868739 0.631406
5 0.567819 0.647573 0.864362 0.652516
5 0.549845 0.511286 0.900310 0.516229
5 0.551795 0.529835 0.896410 0.534778
5 0.553897 0.549806 0.892205 0.554749
5 0.555765 0.568400 0.888470 0.573343
5 0.557705 0.587749 0.884590 0.592692
5 0.559602 0.608097 0.880797 0.613040
5 0.561417 0.627973 0.877165 0.632916
5 0.565703 0.665514 0.868593 0.668972
5 0.569810 0.665616 0.860380 0.668767
5 0.574002 0.665594 0.851997 0.668811
5 0.567694 0.670313 0.864612 0.659374
5 0.572049 0.670415 0.855901 0.659170
5 0.569933 0.675112 0.860133 0.649776
5 0.468642 0.402524 0.937285 0.407467
5 0.480312 0.405747 0.960624 0.410690
5 0.491434 0.406339 0.982867 0.411282
5 0.500781 0.408228 0.998439 0.413171
5 0.510266 0.431245 0.979468 0.436188
5 0.502817 0.382863 0.994366 0.387806
5 0.497717 0.381496 0.995435 0.386439
5 0.486857 0.380381 0.973714 0.385324
5 0.475013 0.380653 0.950027 0.385596
5 0.501155 0.357354 0.997690 0.362297
5 0.503360 0.335594 0.993280 0.340537
5 0.511227 0.335106 0.977547 0.340049
5 0.517979 0.432063 0.964042 0.437006
5 0.510249 0.383377 0.979503 0.388320
5 0.492630 0.360106 0.985259 0.365049
5 0.481146 0.360653 0.962292 0.365596
5 0.469406 0.359886 0.938813 0.364829
5 0.441168 0.374547 0.882335 0.379490
5 0.452136 0.376789 0.904273 0.381732
5 0.463398 0.379342 0.926796 0.384285
5 0.474386 0.427179 0.948772 0.432122
5 0.485705 0.428861 0.971410 0.433804
5 0.497107 0.429733 0.994214 0.434676
5 0.460535 0.407648 0.921070 0.409923
5 0.466187 0.432957 0.932374 0.435232
5 0.454634 0.431820 0.909268 0.434095
5 0.443330 0.432744 0.886660 0.435019
5 0.409190 0.432934 0.818379 0.435209
5 0.438106 0.410109 0.876212 0.412384
5 0.449495 0.408192 0.898990 0.410467
5 0.429501 0.432945 0.859002 0.433808
5 0.412608 0.409742 0.825215 0.410604
5 0.395027 0.430754 0.790054 0.431617
5 0.424094 0.410582 0.848189 0.411444
5 0.430328 0.384666 0.860656 0.385529
5 0.436282 0.358050 0.872564 0.358913
5 0.445261 0.335995 0.890523 0.338270
5 0.478531 0.349163 0.957063 0.351438
5 0.486922 0.343061 0.973845 0.343924
5 0.401121 0.408901 0.802241 0.409763
5 0.407565 0.386488 0.815129 0.387350
5 0.421657 0.386286 0.843314 0.388561
5 0.349948 0.473617 0.699897 0.475892
5 0.361758 0.473098 0.723516 0.475373
5 0.373311 0.474033 0.746622 0.476308
5 0.382117 0.467041 0.764234 0.471984
5 0.355816 0.452978 0.711633 0.455253
5 0.367120 0.452459 0.734241 0.454734
5 0.379179 0.453394 0.758358 0.455669
5 0.390979 0.453370 0.781957 0.455645
5 0.377804 0.407718 0.755609 0.408580
5 0.338617 0.432744 0.677234 0.435019
5 0.361676 0.431945 0.723352 0.434220
5 0.370482 0.423334 0.740965 0.428277
5 0.350151 0.431732 0.700302 0.434007
5 0.368455 0.410497 0.736909 0.412772
5 0.356221 0.410081 0.712442 0.412356
5 0.344687 0.411093 0.689375 0.413368
5 0.411498 0.450809 0.822996 0.453988
5 0.434874 0.450809 0.869748 0.453988
5 0.329931 0.407042 0.659862 0.410221
5 0.318492 0.407639 0.636984 0.410818
5 0.307258 0.406965 0.614517 0.410144
5 0.295614 0.406201 0.591227 0.409380
5 0.290183 0.428045 0.580366 0.431224
5 0.301340 0.428199 0.602680 0.431377
5 0.313123 0.428750 0.626245 0.431929
5 0.324501 0.428764 0.649002 0.431943
5 0.384044 0.382428 0.768088 0.385607
5 0.372792 0.382649 0.745585 0.385828
5 0.360338 0.384230 0.720675 0.387409
5 0.347941 0.386285 0.695882 0.389463
5 0.396009 0.386300 0.792018 0.387162
5 0.413765 0.362438 0.827530 0.363300
5 0.425132 0.359431 0.850265 0.360294
5 0.401928 0.358116 0.803856 0.358978
5 0.384172 0.338200 0.768344 0.339062
5 0.378501 0.358942 0.757002 0.362121
5 0.390373 0.361122 0.780745 0.361985
5 0.371925 0.339401 0.743850 0.342580
5 0.360513 0.344900 0.721026 0.347347
5 0.366765 0.363356 0.733530 0.366535
5 0.354610 0.365520 0.709220 0.368699
5 0.342709 0.366411 0.685418 0.369590
5 0.335772 0.385503 0.671545 0.388682
5 0.388909 0.400392 0.777818 0.405335
5 0.324407 0.469019 0.648813 0.472198
5 0.318764 0.448561 0.637527 0.451740
5 0.232826 0.426236 0.465652 0.429414
5 0.244256 0.426207 0.488512 0.429386
5 0.256039 0.426759 0.512078 0.429938
5 0.267417 0.426772 0.534834 0.429951
5 0.281533 0.430753 0.563067 0.433028
5 0.284564 0.448234 0.569129 0.451413
5 0.296037 0.448598 0.592074 0.451777
5 0.261225 0.403280 0.522451 0.406459
5 0.292551 0.386682 0.585102 0.388957
5 0.283991 0.404371 0.567983 0.407549
5 0.249665 0.403631 0.499330 0.406810
5 0.238155 0.403079 0.476311 0.406258
5 0.226817 0.404200 0.453633 0.407379
5 0.272698 0.404191 0.545397 0.407370
5 0.221718 0.426236 0.443435 0.429414
5 0.300895 0.383802 0.601789 0.386980
5 0.312540 0.384566 0.625079 0.387744
5 0.306904 0.360856 0.613809 0.364035
5 0.317871 0.361040 0.635743 0.364219
5 0.301390 0.334088 0.602781 0.337267
5 0.294926 0.357580 0.589851 0.360759
5 0.283544 0.358127 0.567087 0.361306
5 0.277534 0.329900 0.555068 0.333079
5 0.244202 0.380867 0.488404 0.384046
5 0.267053 0.381609 0.534106 0.384788
5 0.278346 0.381789 0.556692 0.384968
5 0.255580 0.380699 0.511160 0.383878
5 0.232510 0.380498 0.465020 0.383677
5 0.221171 0.381619 0.442342 0.384798
5 0.221999 0.467572 0.443999 0.470750
5 0.233108 0.467572 0.466216 0.470750
5 0.199015 0.428030 0.398030 0.431209
5 0.205102 0.448352 0.410205 0.451531
5 0.216161 0.448041 0.432322 0.451220
5 0.170435 0.406069 0.340869 0.409248
5 0.181773 0.406350 0.363547 0.409529
5 0.192738 0.405033 0.385476 0.408212
5 0.204454 0.405149 0.408908 0.408328
5 0.215771 0.405281 0.431542 0.408460
5 0.164711 0.384890 0.329423 0.388068
5 0.175816 0.383146 0.351633 0.386324
5 0.186729 0.384761 0.373459 0.387940
5 0.198263 0.381010 0.396527 0.384189
5 0.209736 0.381921 0.419473 0.385100
5 0.272543 0.359362 0.545086 0.362541
5 0.261192 0.358951 0.522384 0.362130
5 0.249661 0.357232 0.499323 0.360411
5 0.238283 0.355553 0.476566 0.358732
5 0.214848 0.356420 0.429697 0.359599
5 0.203009 0.356491 0.406019 0.359670
5 0.180233 0.357137 0.360467 0.360316
5 0.168974 0.358755 0.337948 0.361934
5 0.158215 0.363155 0.316431 0.366334
5 0.190959 0.355003 0.381918 0.358182
5 0.226649 0.355068 0.453298 0.358247
5 0.130142 0.385012 0.260283 0.388191
5 0.141418 0.384162 0.282835 0.387341
5 0.152822 0.385057 0.305645 0.388236
5 0.147959 0.406746 0.295918 0.409925
5 0.136512 0.406590 0.273023 0.409769
5 0.135593 0.361649 0.271186 0.364828
5 0.147103 0.362201 0.294205 0.365380