5 0.734214 0.127283 0.531571 0.254567
5 0.686938 0.127077 0.626123 0.254153
5 0.684612 0.143373 0.630776 0.286745
5 0.683138 0.126938 0.633724 0.253876
5 0.680644 0.142277 0.638712 0.284554
5 0.677071 0.140360 0.645858 0.280721
5 0.679382 0.125843 0.641235 0.251685
5 0.675535 0.125158 0.648929 0.250316
5 0.673325 0.139682 0.653351 0.279364
5 0.669646 0.138722 0.660709 0.277443
5 0.666118 0.138038 0.667764 0.276076
5 0.661765 0.136531 0.673228 0.273063
5 0.644505 0.136899 0.659194 0.273798
5 0.628737 0.135168 0.642605 0.270336
5 0.604160 0.146041 0.618081 0.292083
5 0.567420 0.126991 0.579418 0.253983
5 0.573958 0.143119 0.585477 0.286238
5 0.559631 0.142578 0.571723 0.285156
5 0.550882 0.156106 0.562972 0.312212
5 0.528757 0.138794 0.540179 0.277587
5 0.406622 0.126238 0.419672 0.252477
5 0.422583 0.128403 0.434579 0.256806
5 0.367191 0.137490 0.379760 0.274980
5 0.290997 0.128781 0.303409 0.257562
5 0.275670 0.126780 0.287461 0.253560
5 0.259658 0.125395 0.272062 0.250790
5 0.352145 0.135789 0.364642 0.271578
5 0.321614 0.131840 0.333636 0.263681
5 0.328048 0.147631 0.339954 0.295263
5 0.343606 0.150263 0.355750 0.300526
5 0.359398 0.151974 0.371546 0.303947
5 0.383037 0.139283 0.395767 0.278565
5 0.398128 0.140994 0.410862 0.281989
5 0.389470 0.154414 0.402086 0.308828
5 0.405263 0.155598 0.417878 0.311197
5 0.412165 0.171652 0.424025 0.343304
5 0.350984 0.166125 0.362845 0.332250
5 0.335309 0.164019 0.347169 0.328038
5 0.357769 0.181782 0.369630 0.363564
5 0.326418 0.177835 0.338279 0.355669
5 0.318113 0.192045 0.329974 0.384089
5 0.311095 0.176649 0.322955 0.353297
5 0.319518 0.162043 0.331379 0.324086
5 0.304428 0.160464 0.316289 0.320929
5 0.295654 0.174676 0.307515 0.349352
5 0.282201 0.142174 0.294062 0.284348
5 0.288517 0.158490 0.300378 0.316980
5 0.273310 0.156515 0.285171 0.313031
5 0.264420 0.170068 0.276281 0.340137
5 0.418601 0.186780 0.430462 0.373560
5 0.370522 0.211517 0.382382 0.423034
5 0.355899 0.209674 0.367760 0.419348
5 0.347008 0.224280 0.358869 0.448560
5 0.331566 0.222702 0.343427 0.445403
5 0.482340 0.135395 0.495779 0.270790
5 0.467250 0.133421 0.480689 0.266841
5 0.452106 0.132002 0.465441 0.264004
5 0.437250 0.130423 0.450585 0.260847
5 0.428476 0.144767 0.441811 0.289533
5 0.443917 0.145687 0.456433 0.291374
5 0.450234 0.160687 0.462749 0.321374
5 0.505330 0.151475 0.517846 0.302951
5 0.474331 0.148581 0.486847 0.297163
5 0.489888 0.150028 0.502404 0.300057
5 0.498076 0.135423 0.510592 0.270845
5 0.513166 0.137001 0.525682 0.274002
5 0.520185 0.153317 0.532700 0.306634
5 0.541124 0.169764 0.553640 0.339528
5 0.496086 0.165421 0.508602 0.330842