4 0.146640 0.130414 0.293279 0.260828
4 0.538077 0.140810 0.923846 0.281620
4 0.548924 0.171355 0.902151 0.342709
4 0.560632 0.139166 0.878736 0.278331
5 0.129523 0.191129 0.259046 0.382258
5 0.134862 0.177189 0.269723 0.354378
5 0.146132 0.176695 0.292265 0.353389
5 0.151603 0.161964 0.303206 0.323927
5 0.140332 0.162458 0.280664 0.324916
5 0.129431 0.162459 0.258863 0.324919
5 0.156810 0.147628 0.313619 0.295257
5 0.145407 0.147628 0.290815 0.295257
5 0.134506 0.147630 0.269013 0.295260
5 0.139212 0.133095 0.278423 0.266190
5 0.135389 0.205563 0.270778 0.411126
5 0.183942 0.132755 0.367884 0.265510
5 0.179132 0.147534 0.358264 0.295068
5 0.218234 0.132687 0.436468 0.265375
5 0.229336 0.132524 0.458672 0.265049
5 0.240208 0.132464 0.480415 0.264928
5 0.273807 0.161650 0.547614 0.323301
5 0.262751 0.161711 0.525502 0.323422
5 0.251649 0.161874 0.503298 0.323748
5 0.246001 0.147661 0.492002 0.295322
5 0.257481 0.147427 0.514963 0.294853
5 0.268086 0.147661 0.536172 0.295322
5 0.279528 0.148030 0.559056 0.296061
5 0.257444 0.175953 0.514888 0.351905
5 0.246388 0.176013 0.492776 0.352027
5 0.235286 0.176176 0.470571 0.352353
5 0.229688 0.162335 0.459376 0.324670
5 0.240790 0.162172 0.481580 0.324345
5 0.195895 0.161693 0.391789 0.323386
5 0.201958 0.176329 0.403916 0.352658
5 0.212830 0.176268 0.425659 0.352537
5 0.206948 0.161679 0.413896 0.323358
5 0.201469 0.147086 0.402938 0.294172
5 0.212639 0.147734 0.425278 0.295469
5 0.224119 0.147877 0.448238 0.295753
5 0.329390 0.132583 0.658781 0.265165
5 0.317792 0.132643 0.635583 0.265287
5 0.306750 0.132535 0.613499 0.265070
5 0.295830 0.133195 0.591661 0.266390
5 0.284728 0.133358 0.569456 0.266716
5 0.318738 0.161650 0.637476 0.323301
5 0.290208 0.147661 0.580415 0.295322
5 0.312293 0.147661 0.624586 0.295322
5 0.307079 0.161711 0.614157 0.323422
5 0.301688 0.147427 0.603376 0.294853
5 0.295856 0.161874 0.591712 0.323748
5 0.335300 0.147753 0.670599 0.295507
5 0.341006 0.161281 0.682013 0.322562
5 0.329163 0.161803 0.658326 0.323607
5 0.323772 0.147519 0.647545 0.295038
5 0.402071 0.146159 0.804142 0.292319
5 0.390543 0.145925 0.781087 0.291850
5 0.368394 0.146417 0.736789 0.292835
5 0.356914 0.146652 0.713828 0.293304
5 0.351434 0.132349 0.702869 0.264698
5 0.362537 0.132186 0.725073 0.264372
5 0.385018 0.131147 0.770035 0.262294
5 0.396226 0.131281 0.792453 0.262562
5 0.379259 0.146067 0.758518 0.292134
5 0.373846 0.131136 0.747691 0.262271
5 0.340322 0.132739 0.680645 0.265477
5 0.429835 0.131844 0.859670 0.263687
5 0.418701 0.131372 0.837402 0.262744
5 0.407529 0.130911 0.815058 0.261821
5 0.412943 0.145842 0.825885 0.291684
5 0.362875 0.160860 0.725750 0.321721
5 0.457782 0.146260 0.915564 0.292519
5 0.446610 0.146234 0.893220 0.292468
5 0.435191 0.146865 0.870382 0.293731
5 0.429624 0.160813 0.859248 0.321625
5 0.440977 0.161047 0.881955 0.322094
5 0.452038 0.129794 0.904076 0.259588
5 0.485522 0.130329 0.971044 0.260659
5 0.474350 0.130304 0.948700 0.260607
5 0.462931 0.130935 0.925862 0.261870
5 0.480138 0.145099 0.960275 0.290199
5 0.468848 0.145731 0.937696 0.291462
5 0.490662 0.145222 0.981324 0.290445
5 0.509318 0.128433 0.981365 0.256867
5 0.505460 0.128602 0.989079 0.257203
5 0.501704 0.128666 0.996591 0.257332
5 0.496511 0.128773 0.993021 0.257546
5 0.516899 0.126812 0.966202 0.253625
5 0.512923 0.127921 0.974154 0.255842
5 0.507326 0.144145 0.985348 0.288289
5 0.503570 0.143982 0.992860 0.287964
5 0.496555 0.160569 0.993109 0.321138
5 0.513031 0.158906 0.973938 0.317811
5 0.509296 0.159515 0.981408 0.319030
5 0.505439 0.159683 0.989123 0.319367
5 0.512888 0.188071 0.974224 0.376142
5 0.509132 0.187909 0.981735 0.375817
5 0.514852 0.173472 0.970295 0.346945
5 0.524315 0.126811 0.951371 0.253622
5 0.526112 0.142569 0.947776 0.285139
5 0.522456 0.142738 0.955088 0.285476
5 0.520588 0.127036 0.958825 0.254073
5 0.518738 0.142722 0.962524 0.285443
5 0.516793 0.158778 0.966413 0.317556
5 0.514925 0.143076 0.970151 0.286153
5 0.546537 0.125181 0.906926 0.250362
5 0.535592 0.125908 0.928816 0.251817
5 0.531735 0.126880 0.936529 0.253761
5 0.527978 0.126987 0.944043 0.253974
5 0.539241 0.125254 0.921519 0.250507
5 0.542802 0.125504 0.914396 0.251008
5 0.531504 0.157679 0.936992 0.315358
5 0.527848 0.157847 0.944304 0.315694
5 0.524130 0.157831 0.951740 0.315662
5 0.537165 0.142018 0.925669 0.284036
5 0.533509 0.142186 0.932981 0.284373
5 0.548481 0.141262 0.903038 0.282524
5 0.544627 0.140923 0.910746 0.281847
5 0.546566 0.156924 0.906867 0.313848
5 0.550514 0.156699 0.898972 0.313397
5 0.542829 0.156590 0.914343 0.313180
5 0.538853 0.157257 0.922295 0.314515
5 0.540733 0.172802 0.918534 0.345603
5 0.536976 0.172908 0.926049 0.345817
5 0.533312 0.172732 0.933376 0.345464
5 0.529585 0.172958 0.940830 0.345915
5 0.525896 0.172734 0.948207 0.345467
5 0.531305 0.187150 0.937389 0.374301
5 0.535032 0.186925 0.929935 0.373850
5 0.557937 0.185317 0.884126 0.370633
5 0.554114 0.186021 0.891773 0.372042
5 0.550428 0.187836 0.899144 0.375672
5 0.546413 0.187464 0.907174 0.374928
5 0.542724 0.187240 0.914551 0.374480
5 0.538741 0.187240 0.922517 0.374480
5 0.548272 0.201803 0.903456 0.403606
5 0.552087 0.201578 0.895825 0.403155
5 0.555707 0.200459 0.888586 0.400919
5 0.559530 0.199755 0.880939 0.399510
5 0.550086 0.215445 0.899827 0.430890
5 0.553902 0.214921 0.892196 0.429841
5 0.557632 0.214500 0.884736 0.428999
5 0.561455 0.213795 0.877089 0.427590
5 0.548117 0.229485 0.903766 0.458970
5 0.546302 0.215843 0.907395 0.431686
5 0.551933 0.228961 0.896135 0.457922
5 0.550478 0.125032 0.899043 0.250065
5 0.554463 0.125094 0.891074 0.250189
5 0.560200 0.140000 0.879599 0.280000
5 0.556305 0.140470 0.887391 0.280941
5 0.552452 0.140619 0.895096 0.281239
5 0.561953 0.156175 0.876093 0.312349
5 0.565879 0.155438 0.868242 0.310876
5 0.558131 0.156590 0.883739 0.313179
5 0.567710 0.169676 0.864581 0.339351
5 0.563886 0.170380 0.872228 0.340760
5 0.559980 0.171207 0.880039 0.342413
5 0.555966 0.171494 0.888069 0.342987
5 0.569606 0.184767 0.860789 0.369535
5 0.565709 0.185362 0.868582 0.370723
5 0.561779 0.185419 0.876442 0.370839
5 0.571586 0.198966 0.856828 0.397931
5 0.567445 0.200219 0.865110 0.400438
5 0.563520 0.200091 0.872960 0.400182
5 0.573406 0.213273 0.853187 0.426546
5 0.571122 0.228735 0.857755 0.457470
5 0.567177 0.228890 0.865647 0.457780
5 0.565351 0.214591 0.869299 0.429182
5 0.575750 0.198114 0.848500 0.396227
5 0.578069 0.151977 0.843862 0.303954
5 0.575028 0.256527 0.849944 0.513053
5 0.570936 0.257231 0.858128 0.514462
5 0.569011 0.243191 0.861978 0.486382
5 0.573127 0.242596 0.853745 0.485193
5 0.553780 0.243482 0.892440 0.486963
5 0.549964 0.243566 0.900072 0.487133
5 0.546180 0.243965 0.907639 0.487929
5 0.570781 0.285057 0.858439 0.570113
5 0.566824 0.285987 0.866352 0.571973
5 0.563040 0.286385 0.873920 0.572770
5 0.572706 0.299215 0.854588 0.598429
5 0.568796 0.300039 0.862407 0.600078
5 0.576697 0.299954 0.846605 0.599908
5 0.581065 0.298369 0.837871 0.596739
5 0.579139 0.284211 0.841722 0.568423
5 0.579444 0.255367 0.841111 0.510734
5 0.574725 0.315274 0.850550 0.630549
5 0.570734 0.315486 0.858533 0.630971
5 0.574396 0.345809 0.851207 0.691618
5 0.583013 0.344858 0.833973 0.689717
5 0.576463 0.360073 0.847075 0.720146
5 0.580736 0.359650 0.838528 0.719301
5 0.565054 0.242914 0.869893 0.485827
5 0.561172 0.243096 0.877656 0.486191
5 0.566375 0.255850 0.867249 0.511699