5 0.333728 0.488292 0.667457 0.481474
5 0.345521 0.485893 0.691042 0.479075
5 0.357446 0.488292 0.714893 0.481474
5 0.326999 0.520404 0.653999 0.513586
5 0.339525 0.513076 0.679049 0.506258
5 0.351517 0.514275 0.703034 0.507457
5 0.376168 0.520937 0.752335 0.514119
5 0.363975 0.520804 0.727951 0.513986
5 0.321270 0.542923 0.642540 0.536105
5 0.333262 0.542124 0.666524 0.535306
5 0.345454 0.542657 0.690908 0.535839
5 0.357913 0.542923 0.715825 0.536105
5 0.370438 0.543456 0.740876 0.536638
5 0.314941 0.565309 0.629881 0.558491
5 0.327133 0.564909 0.654265 0.558091
5 0.338992 0.564509 0.677983 0.557691
5 0.351450 0.564776 0.702901 0.557958
5 0.363975 0.565309 0.727951 0.558491
5 0.302349 0.565176 0.604697 0.558357
5 0.369253 0.490313 0.738506 0.483495
5 0.383081 0.493823 0.766162 0.487005
5 0.396324 0.488398 0.792647 0.481580
5 0.415422 0.517368 0.830844 0.510550
5 0.403104 0.519307 0.806208 0.512548
5 0.427494 0.519681 0.854988 0.512862
5 0.409502 0.483974 0.819004 0.477156
5 0.433599 0.493039 0.867199 0.486221
5 0.408207 0.544749 0.816413 0.537931
5 0.395210 0.544472 0.790420 0.537654
5 0.445425 0.542062 0.890850 0.535244
5 0.433253 0.542454 0.866506 0.535636
5 0.439732 0.519419 0.879463 0.512601
5 0.451904 0.519026 0.903808 0.512208
5 0.388893 0.565995 0.777785 0.559177
5 0.376367 0.565462 0.752735 0.558644
5 0.382464 0.586416 0.764928 0.579598
5 0.369939 0.585883 0.739877 0.579065
5 0.357547 0.585730 0.715093 0.578912
5 0.481972 0.541892 0.963943 0.535074
5 0.469799 0.542285 0.939599 0.535467
5 0.457562 0.542546 0.915123 0.535728
5 0.488633 0.517766 0.977267 0.510948
5 0.476371 0.516898 0.952742 0.510080
5 0.463953 0.519500 0.927907 0.512682
5 0.470809 0.492019 0.941618 0.485201
5 0.458241 0.494818 0.916482 0.488000
5 0.446129 0.493754 0.892258 0.486936
5 0.483214 0.490186 0.966428 0.483368
5 0.495069 0.491530 0.990138 0.484712
5 0.501822 0.493305 0.996357 0.486487
5 0.500000 0.518588 1.000000 0.511770
5 0.501689 0.542152 0.996622 0.535334
5 0.503845 0.519325 0.992310 0.512507
5 0.494513 0.542152 0.989026 0.535334
5 0.510300 0.496079 0.979399 0.489261
5 0.506045 0.495384 0.987909 0.488566
5 0.507982 0.520365 0.984036 0.513547
5 0.514399 0.496481 0.971201 0.489663
5 0.518463 0.497299 0.963075 0.490480
5 0.522594 0.496890 0.954812 0.490072
5 0.522253 0.542244 0.955493 0.535426
5 0.515972 0.564221 0.968056 0.557402
5 0.526657 0.496345 0.946686 0.489527
5 0.516533 0.474826 0.966934 0.468008
5 0.512243 0.472374 0.975514 0.465556
5 0.488553 0.467785 0.977106 0.460967
5 0.475916 0.465672 0.951832 0.458854
5 0.451014 0.462001 0.902028 0.455183
5 0.233898 0.543082 0.467796 0.536264
5 0.246168 0.541713 0.492336 0.534895
5 0.259058 0.543137 0.518115 0.536319
5 0.271453 0.543059 0.542906 0.536241
5 0.252552 0.565210 0.505104 0.558392
5 0.240282 0.564970 0.480565 0.558152
5 0.265442 0.565025 0.530883 0.558207
5 0.277837 0.564947 0.555674 0.558129
5 0.246452 0.585571 0.492903 0.578752
5 0.258722 0.585811 0.517443 0.578993
5 0.271611 0.585626 0.543222 0.578808
5 0.284007 0.585548 0.568013 0.578730
5 0.308738 0.585977 0.617476 0.579159
5 0.296343 0.586055 0.592685 0.579237
5 0.264103 0.512802 0.528207 0.505984
5 0.252084 0.518352 0.504167 0.511534
5 0.239999 0.518108 0.479997 0.511290
5 0.228104 0.517975 0.456209 0.511157
5 0.269629 0.483511 0.539258 0.476693
5 0.258092 0.483696 0.516184 0.476878
5 0.245954 0.485168 0.491907 0.478350
5 0.233630 0.487718 0.467260 0.480899
5 0.221684 0.484859 0.443367 0.478041
5 0.209579 0.484953 0.419159 0.478135
5 0.184765 0.487104 0.369530 0.480286
5 0.197334 0.486149 0.394667 0.479331
5 0.172059 0.493658 0.344118 0.486840
5 0.165678 0.517345 0.331355 0.510527
5 0.178096 0.517460 0.356192 0.510642
5 0.190780 0.516045 0.381559 0.509227
5 0.202968 0.515193 0.405936 0.508375
5 0.216279 0.519239 0.432559 0.512421
5 0.171944 0.540341 0.343888 0.533523
5 0.184075 0.540686 0.368150 0.533868
5 0.196874 0.541341 0.393747 0.534523
5 0.216248 0.461611 0.432497 0.454793
5 0.228897 0.455517 0.457793 0.448699
5 0.199001 0.432866 0.398002 0.426048
5 0.185778 0.433211 0.371556 0.426393
5 0.205967 0.406100 0.411935 0.399282
5 0.192928 0.406812 0.385855 0.399994
5 0.223994 0.429321 0.447989 0.422503
5 0.247154 0.433355 0.494309 0.426537
5 0.218311 0.405611 0.436623 0.398793
5 0.200162 0.383979 0.400324 0.377161
5 0.187207 0.386546 0.374414 0.379728
5 0.173947 0.388623 0.347893 0.381805
5 0.147046 0.491799 0.294092 0.484981
5 0.159615 0.490844 0.319230 0.484026
5 0.152631 0.462498 0.305262 0.455680
5 0.165362 0.463324 0.330723 0.456506
5 0.141565 0.516907 0.283130 0.510089
5 0.128753 0.515434 0.257506 0.508616
5 0.154009 0.518750 0.308018 0.511932
5 0.135332 0.539409 0.270665 0.532591
5 0.147777 0.541252 0.295553 0.534434
5 0.129301 0.561947 0.258602 0.555129
5 0.141664 0.561924 0.283327 0.555106
5 0.153958 0.562071 0.307917 0.555253
5 0.166325 0.561863 0.332650 0.555045
5 0.135536 0.582696 0.271071 0.575878
5 0.147699 0.582374 0.295398 0.575556
5 0.160293 0.582222 0.320586 0.575404
5 0.172360 0.582313 0.344721 0.575495
5 0.197510 0.583660 0.395020 0.576842
5 0.184711 0.583960 0.369423 0.577141
5 0.190461 0.563136 0.380923 0.556318
5 0.216159 0.564241 0.432319 0.557423
5 0.221544 0.541654 0.443088 0.534836
5 0.228191 0.564622 0.456381 0.557804
5 0.221987 0.585334 0.443973 0.578516
5 0.540596 0.516613 0.918808 0.509795
5 0.536533 0.517158 0.926934 0.510340
5 0.548774 0.516613 0.902451 0.509795
5 0.544711 0.517158 0.910578 0.510340
5 0.542649 0.493903 0.914702 0.487085
5 0.540693 0.466808 0.918614 0.459990
5 0.538346 0.440352 0.923308 0.433534
5 0.532906 0.468301 0.934188 0.461483
5 0.522950 0.448246 0.954101 0.441428
4 0.385335 0.352485 0.770669 0.354331
5 0.510124 0.330282 0.979753 0.323464
5 0.506055 0.330262 0.987891 0.323444
5 0.502020 0.328956 0.995960 0.322138
5 0.482987 0.327188 0.965975 0.320370
5 0.470942 0.325641 0.941884 0.318823
5 0.512297 0.349953 0.975406 0.343135
5 0.508282 0.350616 0.983436 0.343798
5 0.518043 0.373159 0.963913 0.366341
4 0.287293 0.359403 0.574585 0.367556
5 0.364912 0.342086 0.729824 0.335268
5 0.371065 0.322320 0.742130 0.316655
5 0.359720 0.318690 0.719440 0.313024
5 0.382309 0.320505 0.764619 0.314840
5 0.394965 0.321009 0.789931 0.315344
5 0.407453 0.322724 0.814907 0.316957
5 0.387730 0.303747 0.775460 0.298704
5 0.328407 0.338657 0.656815 0.332992
5 0.347467 0.316673 0.694934 0.311007
5 0.296586 0.322344 0.593173 0.315526
5 0.202828 0.342012 0.405656 0.335194
5 0.189873 0.342391 0.379746 0.335573
5 0.181739 0.365904 0.363478 0.359086
5 0.127877 0.342022 0.255754 0.335204
5 0.140460 0.343861 0.280919 0.337043
5 0.152963 0.344609 0.305926 0.337791
5 0.141335 0.340821 0.282670 0.334003
5 0.353284 0.338298 0.706568 0.331480
5 0.432472 0.324793 0.864943 0.317975
5 0.438408 0.304015 0.876816 0.297197
5 0.413406 0.345447 0.826811 0.338629
5 0.406674 0.362102 0.813347 0.356336
5 0.514016 0.370769 0.971968 0.363951
5 0.510128 0.368039 0.979745 0.362273
5 0.494880 0.326711 0.989760 0.320944
5 0.500000 0.302702 1.000000 0.295884
5 0.550237 0.444386 0.899527 0.437568
5 0.539112 0.375569 0.921776 0.368751
5 0.547103 0.372982 0.905793 0.366164
5 0.552881 0.392126 0.894237 0.385308
5 0.555066 0.410581 0.889868 0.403763
5 0.564782 0.428863 0.870436 0.422045
5 0.564811 0.471120 0.870379 0.464301
5 0.554854 0.493112 0.890292 0.486294
5 0.550791 0.493657 0.898419 0.486839
5 0.552785 0.516581 0.894430 0.509763
5 0.562880 0.493978 0.874240 0.487159
5 0.568942 0.514951 0.862115 0.508133
5 0.564932 0.514983 0.870137 0.508165
5 0.560868 0.515528 0.878263 0.508710
5 0.570869 0.492420 0.858261 0.485602
5 0.566859 0.492452 0.866283 0.485634
5 0.562955 0.449317 0.874090 0.442499
5 0.576758 0.432423 0.846484 0.425605
5 0.578931 0.411673 0.842138 0.404855
5 0.581061 0.474057 0.837879 0.467239
5 0.572949 0.471758 0.854103 0.464940
5 0.582928 0.495542 0.834145 0.488723
5 0.578886 0.494655 0.842228 0.487837
5 0.576866 0.514855 0.846267 0.508036
5 0.571076 0.536073 0.857849 0.529254
5 0.567065 0.536104 0.865870 0.529286
5 0.563002 0.536649 0.873996 0.529831
5 0.575129 0.535859 0.849741 0.529041
5 0.585228 0.555914 0.829544 0.549096
5 0.580961 0.556127 0.838078 0.549309
5 0.576950 0.556159 0.846100 0.549341
5 0.591593 0.575329 0.816814 0.568511
5 0.587326 0.575542 0.825348 0.568724
5 0.576915 0.596482 0.846171 0.589664
5 0.580925 0.596450 0.838149 0.589632
5 0.585192 0.596237 0.829615 0.589419
5 0.554518 0.581081 0.890964 0.574262
5 0.556506 0.560114 0.886988 0.553296
5 0.560721 0.558857 0.878559 0.552039
5 0.562592 0.580504 0.874816 0.573686
5 0.558523 0.581060 0.882954 0.574242
5 0.558838 0.537198 0.882323 0.530380
5 0.550704 0.539298 0.898592 0.532480
5 0.554809 0.538748 0.890381 0.531930
5 0.570972 0.578087 0.858057 0.571269
5 0.566704 0.578981 0.866591 0.572163
5 0.568926 0.557315 0.862149 0.550497
5 0.542435 0.540619 0.915129 0.533801
5 0.270588 0.359388 0.541176 0.353723
5 0.264669 0.338844 0.529338 0.333179
5 0.257966 0.318649 0.515932 0.312983
5 0.271285 0.319171 0.542569 0.313506
5 0.283646 0.323349 0.567292 0.317684
5 0.290610 0.342501 0.581220 0.336835
5 0.283472 0.360433 0.566943 0.354768
5 0.233156 0.356080 0.466313 0.350415
5 0.220621 0.359214 0.441242 0.353549
5 0.209479 0.319171 0.418957 0.313506
5 0.195289 0.359737 0.390579 0.354071
5 0.207389 0.360085 0.414779 0.354419
5 0.213048 0.377843 0.426096 0.372178
5 0.239337 0.379584 0.478674 0.373919
5 0.245692 0.318301 0.491383 0.312635
5 0.260350 0.406992 0.520700 0.401327
5 0.240616 0.452672 0.481232 0.447007
5 0.191804 0.462643 0.383609 0.455825