5 0.214897 0.131221 0.200090 0.262441
5 0.205406 0.145529 0.191927 0.291058
5 0.222112 0.147452 0.208633 0.294904
5 0.213949 0.161120 0.200470 0.322241
5 0.197243 0.159198 0.183764 0.318397
5 0.189080 0.142753 0.175601 0.285506
5 0.180728 0.157488 0.167249 0.314977
5 0.164402 0.156421 0.150923 0.312843
5 0.180728 0.127162 0.167249 0.254324
5 0.171803 0.171797 0.159273 0.343594
5 0.188509 0.173720 0.175979 0.347440
5 0.179777 0.188027 0.167247 0.376055
5 0.156239 0.141471 0.142760 0.282942
5 0.225586 0.129104 0.226174 0.258207