6 0.225694 0.365294 0.224747 0.366241
4 0.235795 0.373106 0.234375 0.374763
5 0.745818 0.541667 0.508365 0.543324
5 0.745620 0.522017 0.508759 0.524858
5 0.743687 0.545455 0.512626 0.541903
5 0.743529 0.500710 0.512942 0.505919
5 0.741675 0.523911 0.516651 0.526989
5 0.740412 0.541667 0.519176 0.542850
5 0.738633 0.525123 0.522734 0.527017
5 0.736232 0.542140 0.527535 0.544744
5 0.732047 0.544271 0.535906 0.545691
5 0.738479 0.553741 0.523043 0.559422
5 0.742103 0.558030 0.515794 0.562361
5 0.745346 0.563684 0.509309 0.562973
5 0.748816 0.557528 0.502367 0.559659
5 0.743448 0.577178 0.513104 0.581203
5 0.739789 0.575126 0.520422 0.579782
5 0.736417 0.576459 0.527167 0.578116
5 0.741550 0.595398 0.516899 0.599423
5 0.730903 0.559186 0.538194 0.561553
5 0.729476 0.546156 0.541047 0.544972
5 0.731337 0.522964 0.537326 0.524384
5 0.727666 0.559169 0.544668 0.561677
5 0.725813 0.544271 0.548374 0.546402
5 0.727590 0.526572 0.544820 0.527712
5 0.729199 0.502096 0.541602 0.505173
5 0.723993 0.521079 0.552013 0.524867
5 0.722171 0.542806 0.555658 0.545884
5 0.724040 0.558677 0.551920 0.560808
5 0.725881 0.579001 0.548238 0.581685
5 0.729396 0.577406 0.541208 0.578826
5 0.732639 0.577178 0.534722 0.580019
5 0.720092 0.559186 0.559817 0.561790
5 0.722013 0.576494 0.555974 0.578625
5 0.717408 0.541903 0.565183 0.545455
5 0.719419 0.524604 0.561161 0.528628
5 0.716549 0.518939 0.566902 0.522017
5 0.713229 0.523153 0.573542 0.525888
5 0.709594 0.524384 0.580811 0.525331
5 0.710784 0.501175 0.578432 0.506147
5 0.709549 0.559861 0.580902 0.561044
5 0.710950 0.574214 0.578101 0.577178
5 0.710912 0.540705 0.578177 0.543897
5 0.714452 0.544981 0.571096 0.544744
5 0.727438 0.590855 0.545124 0.594958
5 0.723640 0.598248 0.552721 0.600616
5 0.707623 0.538589 0.584754 0.541903
5 0.704913 0.559878 0.590174 0.564184
5 0.707386 0.577178 0.585227 0.579545
5 0.700245 0.537607 0.599511 0.541632
5 0.696501 0.545621 0.606999 0.547988
5 0.698627 0.524621 0.602746 0.526515
5 0.702222 0.523174 0.595556 0.526489
5 0.703368 0.543897 0.593264 0.546857
5 0.705802 0.520342 0.588396 0.524367
5 0.707347 0.500947 0.585306 0.504972
5 0.695548 0.529067 0.608904 0.530250
5 0.693106 0.546130 0.613788 0.547313
5 0.693359 0.504689 0.613282 0.506056
5 0.700952 0.505647 0.598096 0.507304
5 0.704111 0.501420 0.591777 0.506629
5 0.691209 0.524384 0.617582 0.528646
5 0.701827 0.559431 0.596345 0.562746
5 0.698555 0.559853 0.602889 0.562237
5 0.695032 0.560124 0.609936 0.563438
5 0.696420 0.580229 0.607160 0.583070
5 0.699968 0.581439 0.600063 0.581676
5 0.684699 0.544271 0.630603 0.543324
5 0.685527 0.541903 0.628946 0.544508
5 0.689604 0.542539 0.620793 0.544196
5 0.683752 0.561080 0.632497 0.565341
5 0.689057 0.577178 0.621886 0.580256
5 0.685848 0.577760 0.628303 0.580127
5 0.682528 0.580492 0.634943 0.582150
5 0.678403 0.576941 0.643193 0.580256
5 0.673511 0.561316 0.652979 0.563447
5 0.671769 0.543702 0.656462 0.544649
5 0.672625 0.524384 0.654751 0.528172
5 0.678543 0.541430 0.642914 0.543561
5 0.674400 0.541903 0.651199 0.546638
5 0.677004 0.555161 0.645991 0.559422
5 0.679332 0.560606 0.641335 0.564867
5 0.677123 0.594223 0.645754 0.596828
5 0.673690 0.599195 0.652620 0.601326
5 0.684024 0.598647 0.631951 0.600541
5 0.680556 0.599303 0.638889 0.601671
5 0.671156 0.578050 0.657688 0.581601
5 0.675225 0.579782 0.649549 0.581439
5 0.667088 0.542194 0.665824 0.545745
5 0.652922 0.562824 0.654184 0.563771
5 0.645518 0.545218 0.647885 0.546402
5 0.636048 0.547585 0.640783 0.544508
5 0.618795 0.546036 0.624950 0.546510
5 0.606376 0.545928 0.612689 0.544271
5 0.609293 0.561464 0.614365 0.565626
5 0.593994 0.559422 0.594309 0.560843
5 0.601259 0.578089 0.605836 0.582351
5 0.615372 0.576941 0.617582 0.580492
5 0.624211 0.562263 0.629893 0.564631
5 0.629476 0.601807 0.636263 0.595415
5 0.588243 0.578400 0.590053 0.580722
5 0.564897 0.553570 0.564801 0.559024
5 0.559009 0.543820 0.566111 0.545477
5 0.551479 0.562067 0.554162 0.564198
5 0.557645 0.572957 0.558119 0.577692
5 0.537389 0.524148 0.541966 0.526515
5 0.551354 0.522662 0.553248 0.524793
5 0.547365 0.544483 0.553520 0.545193
5 0.529684 0.536417 0.531321 0.542932
5 0.515855 0.539160 0.516198 0.541903
5 0.525365 0.562405 0.530048 0.563743
5 0.536356 0.560091 0.541090 0.563642
5 0.544653 0.577958 0.547217 0.581302
5 0.495107 0.594697 0.497790 0.597775
5 0.501894 0.541903 0.506629 0.544744
5 0.486805 0.539536 0.487436 0.541903
5 0.465909 0.508523 0.465278 0.510180
5 0.457308 0.536013 0.461568 0.543354
5 0.471058 0.562293 0.477686 0.559926
5 0.472438 0.570786 0.472596 0.576941
5 0.479878 0.554304 0.480825 0.559986
5 0.457860 0.570312 0.458176 0.574337
5 0.437500 0.547585 0.436869 0.553741
5 0.450126 0.547585 0.451389 0.557292
5 0.444602 0.566761 0.445041 0.574681
5 0.430713 0.576705 0.436237 0.580492
5 0.416667 0.570312 0.417614 0.575284
5 0.402462 0.565341 0.403409 0.576705
5 0.394571 0.547348 0.394729 0.553741
5 0.401357 0.535985 0.403567 0.539773
5 0.380208 0.547348 0.381155 0.555634
5 0.366477 0.544981 0.365530 0.547585
5 0.350379 0.553267 0.350694 0.555398
5 0.344815 0.564957 0.344815 0.572533
5 0.373717 0.566378 0.373717 0.572059
5 0.387468 0.564867 0.387311 0.571259
5 0.465751 0.594697 0.471591 0.599669
5 0.452652 0.593750 0.453914 0.596117
5 0.438763 0.584993 0.438763 0.591149
5 0.423453 0.589015 0.424242 0.592093
5 0.409506 0.594460 0.414083 0.597301
5 0.395833 0.594223 0.397885 0.596354
5 0.367424 0.582623 0.366319 0.589962
5 0.352239 0.585347 0.352061 0.590414
5 0.337753 0.591856 0.338857 0.594460
5 0.330650 0.571733 0.332229 0.576231
5 0.325126 0.592566 0.327178 0.594697
5 0.315591 0.565341 0.315591 0.571733
5 0.300739 0.565978 0.300739 0.572133
5 0.280162 0.499380 0.278110 0.504351
5 0.294143 0.513609 0.295721 0.519527
5 0.308696 0.514629 0.309485 0.518417
5 0.286301 0.535985 0.289931 0.540009
5 0.270044 0.530303 0.272412 0.536222
5 0.263573 0.544270 0.262942 0.547111
5 0.256789 0.564868 0.256789 0.571497
5 0.271938 0.564394 0.272096 0.571023
5 0.279040 0.582860 0.279987 0.592330
5 0.293719 0.592330 0.294981 0.593750
5 0.308554 0.582860 0.309659 0.592566
5 0.303662 0.612216 0.306187 0.614583
5 0.288038 0.600616 0.288196 0.610559
5 0.275253 0.612216 0.278409 0.614583
5 0.257272 0.605243 0.257430 0.609274
5 0.265784 0.580019 0.264837 0.582623
5 0.240846 0.599195 0.240846 0.607481
5 0.250157 0.590670 0.254743 0.595523
5 0.234059 0.576468 0.232954 0.578599
5 0.224590 0.594697 0.223959 0.596117
5 0.220645 0.629971 0.226327 0.633286
5 0.234060 0.625946 0.234849 0.628313
5 0.249843 0.619705 0.249211 0.626106
5 0.266415 0.629498 0.267520 0.630919
5 0.234355 0.651946 0.238464 0.650998
5 0.208018 0.594697 0.208649 0.606297
5 0.216540 0.588542 0.219855 0.591146
5 0.227273 0.571259 0.231061 0.573390
5 0.201231 0.552083 0.202020 0.552794
5 0.211438 0.645308 0.213857 0.648200
5 0.201165 0.614726 0.201165 0.622312
5 0.275070 0.647242 0.278700 0.651266
5 0.259185 0.646152 0.266123 0.651254
5 0.243031 0.635666 0.242558 0.641111
5 0.254395 0.666702 0.259933 0.666596
5 0.235314 0.658144 0.235787 0.661932
5 0.296717 0.630919 0.302083 0.633996
5 0.300663 0.524384 0.300979 0.535985
5 0.229199 0.677794 0.232198 0.644413
5 0.228851 0.667318 0.228851 0.665365
5 0.689118 0.583097 0.621765 0.585938