5 0.131037 0.178267 0.262074 0.356534
5 0.139994 0.179332 0.279987 0.358665
5 0.148186 0.162095 0.296372 0.324189
5 0.138162 0.128271 0.276325 0.256542
5 0.148753 0.129261 0.297506 0.258523
5 0.162169 0.131806 0.324337 0.263613
5 0.153271 0.147176 0.306542 0.294352
5 0.139735 0.144424 0.279469 0.288848
5 0.166627 0.165601 0.333254 0.331203
5 0.157434 0.166134 0.314867 0.332268
5 0.162090 0.150805 0.324179 0.301610
5 0.171323 0.149976 0.342645 0.299953
5 0.184186 0.151338 0.368371 0.302675
5 0.183248 0.164148 0.366497 0.328295
5 0.193280 0.163968 0.386561 0.327936
5 0.200797 0.168146 0.401594 0.336293
5 0.209808 0.180220 0.419616 0.360440
5 0.199029 0.179929 0.398058 0.359858
5 0.184265 0.183771 0.368529 0.367543
5 0.247951 0.163755 0.495901 0.327511
5 0.236940 0.149858 0.473879 0.299716
5 0.223840 0.166667 0.447680 0.333333
5 0.215206 0.182706 0.430413 0.365412
5 0.223564 0.181345 0.447128 0.362689
5 0.237532 0.184067 0.475063 0.368134
5 0.232836 0.200935 0.465672 0.401870
5 0.271717 0.187423 0.543434 0.374847
5 0.245384 0.201586 0.490767 0.403172
5 0.226997 0.186790 0.453993 0.373580
5 0.268160 0.168453 0.536320 0.336907
5 0.254498 0.169685 0.508996 0.339370
5 0.252801 0.151101 0.505603 0.302202
5 0.258256 0.186350 0.516513 0.372699
5 0.298690 0.175604 0.597380 0.351207
5 0.272412 0.201527 0.544823 0.403054
5 0.284305 0.219175 0.568611 0.438351
5 0.295178 0.206084 0.590357 0.412169
5 0.342285 0.192538 0.684570 0.385077
5 0.338068 0.176196 0.676136 0.352391
5 0.363400 0.181404 0.726799 0.362808
5 0.310961 0.205848 0.621922 0.411695
5 0.317891 0.207046 0.635781 0.414093
5 0.306029 0.140211 0.612058 0.280421
5 0.398477 0.179747 0.796954 0.359493
5 0.381965 0.181530 0.763930 0.363060
5 0.376958 0.177831 0.753916 0.355662
5 0.433668 0.198028 0.867335 0.396055
5 0.455512 0.195786 0.911024 0.391572
5 0.460346 0.193537 0.920691 0.387074
5 0.458653 0.211959 0.917307 0.423917
5 0.411537 0.197621 0.823074 0.395241
5 0.478654 0.210997 0.957307 0.421993
5 0.472473 0.210006 0.944947 0.420011
5 0.491512 0.210582 0.983023 0.421165
5 0.477337 0.194321 0.954673 0.388643
5 0.506571 0.195276 0.986858 0.390552
5 0.504221 0.210702 0.991558 0.421403
5 0.508620 0.206784 0.982760 0.413568
5 0.536971 0.195490 0.926057 0.390980
5 0.537247 0.212417 0.925505 0.424834
5 0.532434 0.228279 0.935133 0.456558
5 0.539457 0.226980 0.921086 0.453960
5 0.537682 0.242898 0.924637 0.485795
5 0.550662 0.227750 0.898675 0.455499
5 0.556580 0.225737 0.886839 0.451474
5 0.560803 0.221058 0.878393 0.442116
5 0.563565 0.223544 0.872869 0.447088
5 0.559659 0.207268 0.880683 0.414536
5 0.555753 0.208215 0.888494 0.416430
5 0.555673 0.203882 0.888654 0.407764
5 0.549400 0.192768 0.901201 0.385535
5 0.553938 0.191998 0.892124 0.383996
5 0.547348 0.184837 0.905303 0.369673
5 0.544823 0.207741 0.910354 0.415483
5 0.569484 0.239879 0.861033 0.479759
5 0.563767 0.241224 0.872467 0.482448
5 0.560960 0.256748 0.878079 0.513496
5 0.564196 0.255390 0.871609 0.510780
5 0.566681 0.271190 0.866638 0.542380
5 0.573666 0.269886 0.852668 0.539773
5 0.560172 0.271662 0.879656 0.543324
5 0.562737 0.270478 0.874527 0.540956
5 0.567353 0.282849 0.865294 0.565698
5 0.553312 0.255462 0.893376 0.510925
5 0.556266 0.230528 0.887468 0.461056
5 0.555240 0.242010 0.889520 0.484020
5 0.567629 0.210286 0.864741 0.420573
5 0.571455 0.211887 0.857090 0.423774
5 0.574850 0.227867 0.850301 0.455734
5 0.572838 0.220762 0.854324 0.441525
5 0.568419 0.222715 0.863163 0.445431
5 0.564986 0.190163 0.870028 0.380327
5 0.566168 0.137726 0.867663 0.275451
5 0.561277 0.141158 0.877446 0.282315
5 0.553977 0.142105 0.892045 0.284209
5 0.570194 0.151042 0.859612 0.302083
5 0.564551 0.156017 0.870898 0.312033
5 0.573034 0.180933 0.853931 0.361866
5 0.578519 0.239640 0.842962 0.479280
5 0.577730 0.256214 0.844540 0.512427
5 0.572877 0.255859 0.854246 0.511719
5 0.568300 0.255741 0.863400 0.511482
5 0.574416 0.271128 0.851168 0.542255
5 0.568340 0.284624 0.863321 0.569247
5 0.574811 0.283736 0.850379 0.567472
5 0.580374 0.280603 0.839253 0.561206
5 0.579822 0.298414 0.840357 0.596828
5 0.574258 0.298887 0.851484 0.597775
5 0.571607 0.297602 0.856786 0.595203
5 0.569957 0.295514 0.860085 0.591027
5 0.571496 0.308594 0.857008 0.617188
5 0.566445 0.312797 0.867109 0.625594
5 0.563013 0.312323 0.873975 0.624647
5 0.558318 0.329368 0.883365 0.658736
5 0.563250 0.342566 0.873501 0.685133
5 0.567154 0.328143 0.865692 0.656286
5 0.571454 0.328203 0.857093 0.656405
5 0.559699 0.240530 0.880603 0.481061
5 0.559107 0.285689 0.881787 0.571378
5 0.561237 0.285215 0.877525 0.570431
5 0.574949 0.327963 0.850103 0.655926
5 0.573824 0.343454 0.852352 0.686908
5 0.575126 0.356357 0.849747 0.712713