6 0.595461 0.313387 0.809077 0.312246
4 0.210841 0.349039 0.421681 0.341574
4 0.146850 0.375261 0.293701 0.388692
5 0.367891 0.353983 0.735782 0.363081
5 0.379651 0.355484 0.759303 0.364583
5 0.403171 0.355318 0.806343 0.364416
5 0.391161 0.354984 0.782322 0.364082
5 0.450462 0.352982 0.900923 0.362081
5 0.438451 0.353650 0.876903 0.362748
5 0.426775 0.353316 0.853550 0.362414
5 0.414931 0.354650 0.829863 0.363749
5 0.432929 0.376514 0.865859 0.385612
5 0.421086 0.377849 0.842172 0.386947
5 0.492493 0.375866 0.984986 0.384964
5 0.480758 0.375798 0.961517 0.384896
5 0.468898 0.376015 0.937796 0.385114
5 0.456320 0.376799 0.912639 0.385897
5 0.474318 0.399166 0.948636 0.408264
5 0.462842 0.351627 0.925684 0.360726
5 0.493342 0.328110 0.986683 0.337208
5 0.480686 0.326709 0.961371 0.335807
5 0.468675 0.327376 0.937351 0.336474
5 0.456264 0.327410 0.912528 0.336508
5 0.487003 0.351627 0.974006 0.360726
5 0.509375 0.373703 0.981250 0.382801
5 0.505463 0.373635 0.989073 0.382733
5 0.501390 0.375655 0.997221 0.384753
5 0.562276 0.478213 0.875448 0.487311
5 0.558305 0.479042 0.883390 0.488141
5 0.554321 0.478910 0.891358 0.488008
5 0.550349 0.479120 0.899301 0.488219
5 0.552413 0.457054 0.895175 0.466153
5 0.556384 0.456844 0.887232 0.465942
5 0.560368 0.456976 0.879264 0.466075
5 0.564339 0.456147 0.871321 0.465245
5 0.562311 0.436166 0.875377 0.445264
5 0.558327 0.436033 0.883345 0.445132
5 0.554356 0.436244 0.891288 0.445342
5 0.564614 0.413383 0.870773 0.422481
5 0.558694 0.392752 0.882613 0.401850
5 0.554710 0.392619 0.890581 0.401717
5 0.550738 0.392830 0.898524 0.401928
5 0.523024 0.395972 0.953952 0.405070
5 0.526995 0.395761 0.946009 0.404859
5 0.530979 0.395894 0.938042 0.404992
5 0.534951 0.395065 0.930099 0.404163
5 0.519166 0.396088 0.961667 0.405186
5 0.533082 0.372383 0.933836 0.381482
5 0.529111 0.372594 0.941779 0.381692
5 0.525253 0.372710 0.949494 0.381809
5 0.545089 0.371104 0.909822 0.380202
5 0.548384 0.415047 0.903232 0.424145
5 0.544449 0.415209 0.911102 0.424307
5 0.540538 0.415999 0.918924 0.425097
5 0.566145 0.519308 0.867711 0.528406
5 0.552230 0.539879 0.895540 0.548977
5 0.554162 0.519382 0.891676 0.528480
5 0.562126 0.519896 0.875748 0.528994
5 0.560133 0.499311 0.879735 0.508410
5 0.572614 0.498527 0.854772 0.507626
5 0.572679 0.455594 0.854641 0.464692
5 0.570556 0.477355 0.858889 0.486453
5 0.574869 0.477355 0.850263 0.486453
5 0.567998 0.539774 0.864004 0.548873
5 0.564113 0.540363 0.871773 0.549461
5 0.566182 0.559701 0.867637 0.568799
5 0.570066 0.559113 0.859868 0.568211
5 0.562072 0.601601 0.875856 0.610700
5 0.564157 0.580547 0.871686 0.589645
5 0.570281 0.519147 0.859438 0.528245
5 0.576405 0.538969 0.847190 0.548067
5 0.569988 0.599758 0.860024 0.608857
5 0.571963 0.619903 0.856075 0.629001
5 0.568078 0.620491 0.863844 0.629589
5 0.578197 0.599291 0.843605 0.608389
5 0.576041 0.620489 0.847918 0.629587
5 0.507655 0.349822 0.984690 0.358920
5 0.503473 0.351081 0.993053 0.360179
5 0.361491 0.380142 0.722981 0.389240
5 0.373065 0.379788 0.746130 0.388886
5 0.384774 0.379400 0.769548 0.388498
5 0.356018 0.355467 0.712035 0.364566
5 0.343495 0.355096 0.686990 0.364195
5 0.319006 0.356395 0.638011 0.365493
5 0.306668 0.357323 0.613337 0.366421
5 0.300824 0.333947 0.601649 0.343045
5 0.313069 0.331720 0.626138 0.340819
5 0.349173 0.378348 0.698345 0.387447
5 0.324479 0.380151 0.648957 0.389249
5 0.312582 0.379971 0.625164 0.389069
5 0.330156 0.355998 0.660313 0.365096
5 0.212912 0.356387 0.425824 0.365486
5 0.224860 0.356083 0.449719 0.365182
5 0.271675 0.357323 0.543351 0.366421
5 0.283521 0.356855 0.567043 0.365953
5 0.188752 0.355296 0.377504 0.364395
5 0.183265 0.378116 0.366531 0.387214
5 0.134558 0.331392 0.269115 0.340490
5 0.128949 0.355466 0.257897 0.364565
5 0.152658 0.355954 0.305316 0.365052
5 0.134861 0.377652 0.269721 0.386750
5 0.527287 0.349539 0.945425 0.358637
5 0.523346 0.349150 0.953308 0.358249
5 0.517190 0.372931 0.965619 0.382029
5 0.515508 0.349707 0.968985 0.358806