5 0.142874 0.474905 0.285748 0.475379
5 0.157118 0.476089 0.314236 0.474905
5 0.137034 0.471591 0.274069 0.470170
5 0.131944 0.436316 0.263889 0.429214
5 0.139481 0.453125 0.278961 0.451705
5 0.153922 0.451941 0.307844 0.448153
5 0.157197 0.448864 0.314394 0.453835
5 0.177044 0.452415 0.354088 0.450284
5 0.181424 0.450994 0.362847 0.453125
5 0.197640 0.455019 0.395281 0.455256
5 0.215791 0.449337 0.431581 0.442945
5 0.214646 0.496686 0.429293 0.495028
5 0.220723 0.471591 0.441446 0.460464
5 0.209968 0.472775 0.419935 0.470881
5 0.184501 0.496922 0.369003 0.499053
5 0.177517 0.496922 0.355035 0.494081
5 0.157828 0.517756 0.315657 0.516098
5 0.249211 0.455019 0.498422 0.453835
5 0.261679 0.451941 0.523359 0.448153
5 0.231534 0.476562 0.463068 0.475142
5 0.223090 0.457386 0.446181 0.454782
5 0.228654 0.432055 0.457307 0.428741
4 0.240570 0.389441 0.481140 0.395597
5 0.249763 0.427794 0.499527 0.431581
5 0.210977 0.424953 0.421954 0.427794
5 0.202494 0.430161 0.404987 0.432765
5 0.195036 0.430871 0.390073 0.427083
5 0.240581 0.476606 0.481162 0.474476
5 0.276081 0.475616 0.552162 0.474432
5 0.285985 0.451231 0.571970 0.448153
5 0.267124 0.474432 0.534249 0.471354
5 0.290799 0.450284 0.581597 0.452652
5 0.291785 0.428267 0.583570 0.424716
5 0.315104 0.472538 0.630208 0.471591
5 0.315893 0.449100 0.631787 0.450758
5 0.323390 0.429924 0.646780 0.429214
5 0.329269 0.450047 0.658539 0.450047
5 0.336293 0.429451 0.672585 0.429451
5 0.315933 0.406960 0.631866 0.406013
5 0.321733 0.470644 0.643466 0.473485
5 0.284920 0.514915 0.569839 0.517992
5 0.298690 0.489347 0.597380 0.482955
5 0.301255 0.473248 0.602509 0.472775
5 0.278133 0.493371 0.556266 0.495739
5 0.372790 0.444129 0.745581 0.445312
4 0.355627 0.446259 0.711253 0.445786
4 0.359691 0.414773 0.719381 0.412879
4 0.491083 0.389441 0.982165 0.393229
4 0.535393 0.391572 0.929214 0.388494
5 0.383325 0.468750 0.766651 0.466619
5 0.403488 0.465199 0.806976 0.468513
5 0.412208 0.443182 0.824416 0.441288
5 0.395912 0.442235 0.791824 0.445549
5 0.417022 0.464489 0.834044 0.464015
5 0.438368 0.441761 0.876736 0.439157
5 0.419823 0.438920 0.839646 0.440578
5 0.407828 0.421165 0.815657 0.418797
5 0.428504 0.419744 0.857008 0.419981
5 0.432884 0.462831 0.865767 0.460464
5 0.438447 0.487689 0.876894 0.483428
5 0.439907 0.464489 0.879814 0.466383
5 0.456242 0.392045 0.912484 0.389205
5 0.474274 0.426373 0.948548 0.426847
5 0.503827 0.462595 0.992345 0.466619
5 0.509430 0.487453 0.981140 0.485322
5 0.513021 0.485559 0.973958 0.481534
5 0.515152 0.509943 0.969697 0.506629
5 0.514954 0.484375 0.970092 0.486032
5 0.521070 0.488163 0.957860 0.486506
5 0.513415 0.462595 0.973169 0.464252
5 0.510732 0.464015 0.978535 0.461884
5 0.511443 0.389441 0.977115 0.383759
5 0.500750 0.388258 0.998501 0.391335
5 0.529119 0.421638 0.941761 0.419271
5 0.523556 0.445312 0.952888 0.445312
5 0.525410 0.465672 0.949179 0.468040
5 0.580966 0.600142 0.838068 0.593750
5 0.577336 0.649384 0.845328 0.648201
5 0.581005 0.626184 0.837989 0.623816
5 0.588265 0.626184 0.823469 0.623816
5 0.566485 0.581913 0.867030 0.577178
5 0.560764 0.605587 0.878472 0.607718
5 0.577849 0.600379 0.844302 0.595407
5 0.592296 0.607481 0.815409 0.603930
5 0.156921 0.430634 0.313842 0.427794