5 0.428378 0.552591 0.856756 0.556259
5 0.434381 0.572883 0.868762 0.576551
5 0.428250 0.593308 0.856500 0.596976
5 0.422375 0.572376 0.844750 0.576044
5 0.416372 0.593175 0.832744 0.596843
5 0.404366 0.592668 0.808731 0.596336
5 0.410369 0.612960 0.820737 0.616628
5 0.392698 0.591485 0.785395 0.595152
5 0.380691 0.591992 0.761383 0.595660
5 0.369192 0.590470 0.738385 0.594138
5 0.398616 0.571700 0.797232 0.575367
5 0.410115 0.572714 0.820230 0.576382
5 0.374857 0.569839 0.749715 0.573507
5 0.387033 0.570854 0.774065 0.574522
5 0.381621 0.549378 0.763243 0.553046
5 0.498062 0.596740 0.996124 0.600408
5 0.486439 0.596224 0.972879 0.599892
5 0.474433 0.596996 0.948866 0.600664
5 0.463085 0.595941 0.926170 0.599608
5 0.451207 0.594528 0.902414 0.598196
5 0.439708 0.593006 0.879416 0.596674
5 0.457240 0.574727 0.914479 0.578394
5 0.468739 0.575845 0.937477 0.579513
5 0.480617 0.575643 0.961234 0.579311
5 0.492436 0.576026 0.984871 0.579694
5 0.506266 0.556691 0.987467 0.560359
5 0.504446 0.577115 0.991108 0.580783
5 0.463158 0.555088 0.926317 0.558755
5 0.474926 0.555399 0.949852 0.559067
5 0.486804 0.555197 0.973609 0.558865
5 0.500561 0.535403 0.998879 0.539071
5 0.502360 0.554928 0.995280 0.558596
5 0.497995 0.554996 0.995990 0.558663
5 0.500522 0.575148 0.998956 0.578816
5 0.512166 0.536836 0.975668 0.540504
5 0.508323 0.536096 0.983353 0.539764
5 0.504364 0.536298 0.991272 0.539966
5 0.517924 0.557498 0.964152 0.561166
5 0.514130 0.557753 0.971740 0.561421
5 0.510238 0.556744 0.979524 0.560412
5 0.506206 0.597160 0.987588 0.600827
5 0.535376 0.581488 0.929248 0.585156
5 0.531484 0.580479 0.937032 0.584147
5 0.527699 0.580314 0.944603 0.583982
5 0.523792 0.578551 0.952415 0.582219
5 0.512073 0.577347 0.975854 0.581015
5 0.508206 0.577483 0.983587 0.581151
5 0.516033 0.577145 0.967935 0.580813
5 0.519819 0.577391 0.960363 0.581058
5 0.525784 0.559344 0.948432 0.563012
5 0.521810 0.558183 0.956380 0.561851
5 0.535388 0.539467 0.929225 0.543134
5 0.531563 0.539869 0.936875 0.543537
5 0.527677 0.539184 0.944647 0.542852
5 0.533421 0.601398 0.933158 0.605066
5 0.529475 0.600925 0.941049 0.604593
5 0.525690 0.600225 0.948620 0.603893
5 0.517810 0.597836 0.964380 0.601504
5 0.513952 0.597806 0.972095 0.601473
5 0.510064 0.597793 0.979871 0.601461
5 0.521694 0.600069 0.956611 0.603737
5 0.519645 0.619155 0.960710 0.622823
5 0.515852 0.618207 0.968295 0.621875
5 0.511995 0.618176 0.976010 0.621844
5 0.508107 0.618164 0.983786 0.621832
5 0.504248 0.617530 0.991504 0.621198
5 0.474327 0.637149 0.948654 0.640817
5 0.480323 0.616951 0.960647 0.620619
5 0.274417 0.584393 0.548833 0.588061
5 0.286152 0.586389 0.572305 0.590057
5 0.297922 0.586040 0.595844 0.589707
5 0.309590 0.587223 0.619180 0.590891
5 0.321201 0.588362 0.642403 0.592030
5 0.333080 0.588494 0.666159 0.592162
5 0.345169 0.589613 0.690338 0.593281
5 0.356904 0.590188 0.713809 0.593856
5 0.291834 0.565871 0.583668 0.569539
5 0.339630 0.568134 0.679259 0.571802
5 0.363454 0.569828 0.726909 0.573496
5 0.339566 0.610446 0.679132 0.614114
5 0.327950 0.609643 0.655901 0.613311
5 0.315993 0.609353 0.631986 0.613021
5 0.304381 0.608214 0.608763 0.611882
5 0.292713 0.607031 0.585427 0.610698
5 0.280549 0.607222 0.561099 0.610890
5 0.268814 0.605227 0.537627 0.608895
5 0.298305 0.629048 0.596610 0.632715
5 0.286637 0.627864 0.573274 0.631532
5 0.274473 0.628056 0.548946 0.631723
5 0.262737 0.626060 0.525475 0.629728
5 0.392586 0.633381 0.785173 0.637049
5 0.380971 0.632578 0.761941 0.636246
5 0.369013 0.632287 0.738027 0.635955
5 0.357402 0.631149 0.714804 0.634817
5 0.345459 0.631984 0.690917 0.635652
5 0.333570 0.630157 0.667140 0.633825
5 0.321834 0.630731 0.643668 0.634398
5 0.339283 0.651741 0.678566 0.655408
5 0.327671 0.650602 0.655343 0.654270
5 0.315728 0.651437 0.631456 0.655105
5 0.303839 0.649610 0.607679 0.653278
5 0.292104 0.650184 0.584207 0.653852
5 0.280856 0.648785 0.561712 0.652453
5 0.268876 0.648794 0.537751 0.652461
5 0.257140 0.646798 0.514280 0.650466
5 0.221868 0.603480 0.443735 0.607148
5 0.233828 0.603677 0.467656 0.607345
5 0.245243 0.604834 0.490486 0.608502
5 0.256911 0.606018 0.513822 0.609686
5 0.262904 0.585490 0.525809 0.589158
5 0.251236 0.584306 0.502473 0.587974
5 0.239821 0.583149 0.479643 0.586817
5 0.227861 0.582952 0.455722 0.586620
5 0.216024 0.582353 0.432048 0.586021
5 0.210180 0.602581 0.420361 0.606249
5 0.251142 0.626845 0.502284 0.630513
5 0.239474 0.625661 0.478948 0.629329
5 0.228059 0.624504 0.456119 0.628172
5 0.216099 0.624307 0.432198 0.627975
5 0.204412 0.623408 0.408823 0.627076
5 0.245506 0.647637 0.491012 0.651304
5 0.251345 0.666076 0.502689 0.667848
5 0.239459 0.665914 0.478918 0.668171
5 0.186893 0.644620 0.373785 0.648288
5 0.198580 0.645519 0.397160 0.649187
5 0.210540 0.645717 0.421081 0.649384
5 0.151287 0.642726 0.302573 0.646394
5 0.162974 0.643625 0.325948 0.647293
5 0.174650 0.644012 0.349300 0.647680
5 0.169347 0.622800 0.338694 0.626468
5 0.157387 0.622603 0.314774 0.626270
5 0.145131 0.621514 0.290263 0.625182
5 0.192169 0.622232 0.384338 0.625900
5 0.180966 0.621466 0.361933 0.625134
5 0.192927 0.579997 0.385853 0.583665
5 0.186893 0.601249 0.373785 0.604917
5 0.175218 0.600073 0.350437 0.603741
5 0.204574 0.665484 0.409149 0.669032
5 0.192614 0.665406 0.385228 0.669073
5 0.180548 0.664885 0.361096 0.668553
5 0.168874 0.663898 0.337747 0.667566
5 0.157197 0.663512 0.314395 0.667179
5 0.145510 0.662613 0.291020 0.666281
5 0.216033 0.665721 0.432066 0.668559
5 0.257038 0.671083 0.514077 0.657835
5 0.245492 0.671057 0.490984 0.657886
5 0.233574 0.671030 0.467148 0.657940
5 0.209783 0.670929 0.419566 0.658142
5 0.198324 0.670692 0.396649 0.658616
5 0.138881 0.643105 0.277763 0.646773
5 0.133105 0.662991 0.266210 0.666659
5 0.174487 0.670513 0.348975 0.658975
5 0.151137 0.670169 0.302274 0.659661
5 0.139449 0.669945 0.278899 0.660111
5 0.127499 0.670085 0.254999 0.659830
5 0.133250 0.620534 0.266500 0.624202
5 0.145218 0.675041 0.290436 0.649919
5 0.133531 0.674907 0.267062 0.650186
5 0.139573 0.680003 0.279146 0.639994
5 0.127977 0.680052 0.255953 0.639897
5 0.156782 0.675268 0.313564 0.649463
5 0.151137 0.680231 0.302274 0.639538
5 0.537351 0.560648 0.925297 0.564316
5 0.541269 0.562118 0.917462 0.565786
5 0.539324 0.540202 0.921352 0.543870
5 0.543293 0.540289 0.913414 0.543956
5 0.541374 0.520064 0.917252 0.523732
5 0.506475 0.516395 0.987051 0.520063
5 0.502543 0.516432 0.994914 0.520099
5 0.502386 0.596402 0.995227 0.600070
5 0.500429 0.616773 0.999142 0.620441
5 0.517720 0.639231 0.964561 0.642898
5 0.506055 0.637672 0.987890 0.641339
5 0.502196 0.637038 0.995607 0.640706
5 0.497521 0.636280 0.995041 0.639948
5 0.513927 0.638283 0.972146 0.641951
5 0.509943 0.637684 0.980114 0.641352
5 0.559043 0.542094 0.881915 0.545762
5 0.555074 0.542008 0.889853 0.545676
5 0.551137 0.541272 0.897726 0.544940
5 0.557304 0.482106 0.885392 0.485774
5 0.555146 0.502130 0.889708 0.505798
5 0.549346 0.442382 0.901309 0.446049
5 0.545377 0.442295 0.909247 0.445963
5 0.543270 0.422032 0.913460 0.425700
5 0.539190 0.423236 0.921619 0.426903
5 0.545145 0.561909 0.909710 0.565576
5 0.556773 0.562747 0.886455 0.566415
5 0.567388 0.502409 0.865225 0.506076
5 0.569483 0.482296 0.861035 0.485964
5 0.569238 0.522102 0.861523 0.525770
5 0.560788 0.562118 0.878424 0.565786
5 0.558806 0.582745 0.882388 0.586413
5 0.554914 0.582993 0.890172 0.586661
5 0.551059 0.582410 0.897883 0.586077
5 0.547152 0.583161 0.905695 0.586828
5 0.543179 0.582000 0.913643 0.585668
5 0.560726 0.602648 0.878547 0.606316
5 0.556834 0.602897 0.886331 0.606564
5 0.552979 0.602313 0.894042 0.605981
5 0.547113 0.621797 0.905774 0.625465
5 0.550968 0.622380 0.898064 0.626048
5 0.541184 0.601695 0.917632 0.605363
5 0.568548 0.642109 0.862903 0.645777
5 0.566663 0.621854 0.866673 0.625522
5 0.559298 0.501905 0.881404 0.505573
5 0.541292 0.441629 0.917416 0.445297
5 0.544979 0.642185 0.910041 0.645853
5 0.537116 0.641588 0.925768 0.645255
5 0.529369 0.640942 0.941262 0.644609
5 0.525550 0.640184 0.948900 0.643852
5 0.533228 0.641575 0.933544 0.645243
5 0.541187 0.641238 0.917627 0.644906
5 0.539118 0.622036 0.921764 0.625704
5 0.535230 0.622023 0.929540 0.625691
5 0.531372 0.621390 0.937257 0.625058
5 0.527552 0.620632 0.944896 0.624300
5 0.500202 0.657403 0.999595 0.661071
5 0.491539 0.656645 0.983077 0.660313
5 0.504061 0.658037 0.991878 0.661705
5 0.468385 0.656486 0.936770 0.660153
5 0.456259 0.656541 0.912518 0.660209
5 0.444911 0.655485 0.889822 0.659153
5 0.433033 0.654073 0.866065 0.657741
5 0.421773 0.654225 0.843546 0.657893
5 0.450770 0.635398 0.901539 0.639066
5 0.474197 0.668284 0.948394 0.663432
5 0.462071 0.668298 0.924142 0.663404
5 0.450723 0.668196 0.901446 0.663608