5 0.184328 0.490332 0.368656 0.487032
5 0.173097 0.489542 0.346195 0.486242
5 0.161923 0.489090 0.323846 0.485791
5 0.167228 0.469563 0.334456 0.466263
5 0.155884 0.468435 0.311769 0.465135
5 0.149998 0.447434 0.299996 0.444135
5 0.161342 0.448563 0.322683 0.445263
5 0.502237 0.472605 0.995526 0.469305
5 0.500000 0.473112 1.000000 0.469812
5 0.488950 0.472760 0.977900 0.469460
5 0.455732 0.472461 0.911463 0.469161
5 0.466806 0.472812 0.933612 0.469512
5 0.478137 0.472306 0.956274 0.469006
5 0.483563 0.450913 0.967127 0.447614
5 0.494638 0.451265 0.989276 0.447965
5 0.500325 0.450958 0.999350 0.447658
5 0.511655 0.492078 0.976689 0.488778
5 0.509637 0.471067 0.980725 0.467767
5 0.507837 0.492841 0.984326 0.489542
5 0.506246 0.513842 0.987508 0.510542
5 0.507771 0.449685 0.984459 0.446385
5 0.517634 0.512978 0.964732 0.509678
5 0.552951 0.495041 0.894097 0.491742
5 0.549370 0.494494 0.901261 0.491194
5 0.545678 0.494142 0.908644 0.490842
5 0.540308 0.471059 0.919383 0.467759
5 0.536441 0.470590 0.927118 0.467290
5 0.554798 0.474808 0.890404 0.471508
5 0.561996 0.556052 0.876008 0.552752
5 0.558274 0.555841 0.883452 0.552541
5 0.571884 0.533299 0.856233 0.529999
5 0.567740 0.534942 0.864520 0.531642
5 0.563880 0.535096 0.872240 0.531796
5 0.567951 0.491502 0.864098 0.488202
5 0.563892 0.492977 0.872216 0.489677
5 0.581569 0.628482 0.836861 0.625182
5 0.577840 0.589687 0.844320 0.586388
5 0.579662 0.609337 0.840675 0.606037
5 0.575930 0.571166 0.848140 0.567866
5 0.575819 0.611407 0.848362 0.608107
5 0.573820 0.592352 0.852359 0.589052
5 0.571822 0.612206 0.856357 0.608906
5 0.569912 0.593685 0.860176 0.590385
5 0.581832 0.588246 0.836336 0.584946
5 0.583739 0.607391 0.832522 0.604091
5 0.580010 0.568596 0.839981 0.565296
5 0.578127 0.549745 0.843746 0.546446
5 0.575363 0.673846 0.849274 0.652307
5 0.573456 0.669060 0.853088 0.661880
5 0.571634 0.653290 0.856733 0.649990
5 0.569724 0.634769 0.860553 0.631469
5 0.556507 0.536208 0.886986 0.532908
5 0.549210 0.535815 0.901579 0.532516
5 0.543582 0.514023 0.912835 0.510723
5 0.546135 0.451002 0.907731 0.447702