5 0.709790 0.486184 0.580420 0.489484
5 0.711848 0.463311 0.576304 0.466611
5 0.713646 0.485664 0.572709 0.488964
5 0.704202 0.461101 0.591597 0.464401
5 0.707906 0.463311 0.584189 0.466611
5 0.702339 0.440827 0.595322 0.444127
5 0.700346 0.464351 0.599308 0.467650
5 0.702317 0.484495 0.595365 0.487795
5 0.687213 0.485943 0.625575 0.489242
5 0.691037 0.485277 0.617925 0.488577
5 0.694772 0.485272 0.610456 0.488572
5 0.698560 0.485826 0.602879 0.489125
5 0.689120 0.463981 0.621761 0.467281
5 0.692914 0.464054 0.614173 0.467354
5 0.683583 0.442759 0.632834 0.446058
5 0.687193 0.441355 0.625615 0.444655
5 0.694654 0.441719 0.610692 0.445019
5 0.690897 0.440981 0.618207 0.444280
5 0.678108 0.506427 0.643784 0.509727
5 0.679954 0.486312 0.640093 0.489612
5 0.681792 0.465341 0.636416 0.468641
5 0.683614 0.486127 0.632772 0.489427
5 0.685521 0.506427 0.628958 0.509727
5 0.689120 0.506243 0.621761 0.509543
5 0.689007 0.419763 0.621985 0.423063
5 0.692619 0.417912 0.614762 0.421212
5 0.700375 0.417543 0.599250 0.420843
5 0.702159 0.395028 0.595682 0.398328
5 0.698222 0.395213 0.603556 0.398513
5 0.704220 0.416067 0.591560 0.419367
5 0.691099 0.525878 0.617802 0.529177
5 0.698622 0.526426 0.602756 0.529726
5 0.702379 0.525095 0.595242 0.528395
5 0.694834 0.525872 0.610333 0.529172
5 0.719599 0.417783 0.560802 0.421083
5 0.717611 0.438467 0.564779 0.441767
5 0.727145 0.419715 0.545709 0.423015
5 0.715715 0.462715 0.568570 0.466015
5 0.706040 0.393297 0.587921 0.396596
5 0.736586 0.483618 0.526827 0.486918
5 0.732813 0.483272 0.534373 0.486572
5 0.728903 0.483837 0.542195 0.487137
5 0.725136 0.484641 0.549728 0.487941
5 0.721312 0.484312 0.557377 0.487612
5 0.738470 0.460832 0.523061 0.464132
5 0.734665 0.461993 0.530670 0.465292
5 0.730943 0.462181 0.538115 0.465481
5 0.727019 0.461855 0.545962 0.465155
5 0.730937 0.417897 0.538126 0.421197
5 0.728771 0.397747 0.542457 0.401047
5 0.741765 0.415825 0.516470 0.419125
5 0.745437 0.417708 0.509126 0.421008
5 0.743711 0.483053 0.512578 0.486353
5 0.740133 0.482865 0.519734 0.486165
5 0.747352 0.439365 0.505297 0.442664
4 0.681469 0.466937 0.637062 0.454453
4 0.689551 0.466032 0.620899 0.449025
4 0.700075 0.465671 0.599851 0.448482
4 0.467759 0.390442 0.467227 0.383659
4 0.619385 0.442118 0.626597 0.450073
4 0.672426 0.395345 0.655148 0.378640
4 0.722049 0.463142 0.555903 0.469456
4 0.717543 0.442259 0.564914 0.425909
4 0.749416 0.425483 0.501167 0.418205
4 0.349201 0.429123 0.349472 0.422633
4 0.376647 0.398298 0.372861 0.401745
4 0.255944 0.433284 0.256306 0.423514
5 0.711801 0.506409 0.576398 0.509709
5 0.715444 0.506738 0.569111 0.510038
5 0.719392 0.505934 0.561216 0.509234
5 0.723303 0.505369 0.553394 0.508669
5 0.730803 0.504781 0.538393 0.508081
5 0.734632 0.504406 0.530737 0.507706
5 0.727076 0.505715 0.545848 0.509015
5 0.745621 0.503851 0.508758 0.507151
5 0.741993 0.504549 0.516013 0.507849
5 0.738315 0.504766 0.523371 0.508066
5 0.706182 0.525761 0.587637 0.529061
5 0.709925 0.525891 0.580151 0.529191
5 0.713772 0.525486 0.572455 0.528786
5 0.717517 0.526118 0.564966 0.529418
5 0.721323 0.525666 0.557354 0.528966
5 0.725084 0.525530 0.549832 0.528830
5 0.704182 0.506753 0.591635 0.510053
5 0.598219 0.464622 0.601234 0.467921
5 0.612860 0.464250 0.615875 0.467550
5 0.627379 0.464065 0.630394 0.467365
5 0.641401 0.464047 0.644415 0.467347
5 0.656339 0.464042 0.659354 0.467342
5 0.667168 0.464929 0.665664 0.468228
5 0.670768 0.464722 0.658463 0.468022
5 0.634170 0.442841 0.637184 0.446140
5 0.649001 0.442350 0.652015 0.445650
5 0.663723 0.442903 0.666737 0.446203
5 0.642417 0.421467 0.645432 0.424767
5 0.656771 0.420172 0.659786 0.423471
5 0.674339 0.421305 0.651321 0.424605
5 0.670859 0.419038 0.658282 0.422338
5 0.605442 0.484712 0.608456 0.488012
5 0.619979 0.485421 0.622994 0.488721
5 0.634499 0.485237 0.637514 0.488536
5 0.648932 0.485682 0.651947 0.488982
5 0.663459 0.485213 0.666474 0.488513
5 0.668948 0.486100 0.662105 0.489400
5 0.672548 0.485893 0.654903 0.489193
5 0.522600 0.466602 0.525614 0.469902
5 0.537241 0.466230 0.540255 0.469530
5 0.552254 0.465897 0.555269 0.469197
5 0.567856 0.464397 0.570871 0.467697
5 0.583289 0.463947 0.586304 0.467247
5 0.590409 0.485119 0.593424 0.488419
5 0.575190 0.485439 0.578205 0.488739
5 0.560362 0.486031 0.563377 0.489331
5 0.544854 0.487253 0.547869 0.490553
5 0.529822 0.486692 0.532837 0.489992
5 0.529631 0.445033 0.532646 0.448333
5 0.514991 0.445405 0.518005 0.448705
5 0.544942 0.444404 0.547956 0.447704
5 0.522153 0.506346 0.525168 0.509645
5 0.537185 0.506906 0.540199 0.510206
5 0.552693 0.505684 0.555707 0.508984
5 0.567521 0.505092 0.570535 0.508392
5 0.582739 0.504772 0.585754 0.508072
5 0.597772 0.504365 0.600787 0.507665
5 0.448691 0.506167 0.451705 0.509467
5 0.458024 0.486692 0.461039 0.489992
5 0.463960 0.506728 0.466975 0.510028
5 0.389374 0.509020 0.392389 0.512320
5 0.403811 0.509046 0.406826 0.512346
5 0.419319 0.507824 0.422334 0.511124
5 0.434147 0.507232 0.437162 0.510532
5 0.398289 0.486732 0.401304 0.490032
5 0.426333 0.484644 0.429347 0.487944
5 0.411776 0.489076 0.414790 0.492376
5 0.383430 0.487445 0.386445 0.490745
5 0.374515 0.509733 0.377530 0.513033
5 0.442390 0.485662 0.445405 0.488962
5 0.486070 0.527768 0.489085 0.531068
5 0.501221 0.526546 0.504236 0.529846
5 0.493502 0.507937 0.496517 0.511237
5 0.478351 0.509872 0.481366 0.513172
5 0.471038 0.527207 0.474053 0.530507
5 0.507940 0.507963 0.510955 0.511263
5 0.499510 0.487941 0.502525 0.491240
5 0.338289 0.528803 0.341304 0.532103
5 0.352738 0.529115 0.355753 0.532415
5 0.367175 0.529141 0.370190 0.532441
5 0.376727 0.465233 0.379742 0.468533
5 0.394146 0.464723 0.397160 0.468023
5 0.359966 0.464424 0.362980 0.467724
5 0.384084 0.442402 0.387098 0.445702
5 0.402982 0.418050 0.405997 0.421350
5 0.416807 0.421284 0.419822 0.424584
5 0.431520 0.420523 0.434535 0.423823
5 0.388269 0.418621 0.391284 0.421920
5 0.342208 0.459858 0.345223 0.463158
5 0.299974 0.505779 0.302988 0.509079
5 0.314540 0.507145 0.317554 0.510445
5 0.330500 0.508753 0.333515 0.512053
5 0.262307 0.523587 0.265321 0.526887
5 0.245717 0.522446 0.248731 0.525746
5 0.277981 0.525097 0.280995 0.528397
5 0.293118 0.525730 0.296132 0.529030
5 0.307946 0.526436 0.310961 0.529736
5 0.322489 0.527226 0.325504 0.530526
5 0.286317 0.544463 0.289332 0.547762
5 0.238669 0.541179 0.241683 0.544479
5 0.255259 0.542320 0.258273 0.545620
5 0.301145 0.545540 0.304160 0.548840
5 0.271304 0.543830 0.274318 0.547130
5 0.264008 0.562563 0.267023 0.565863
5 0.226220 0.617551 0.229235 0.620850
5 0.233515 0.598818 0.236530 0.602117
5 0.240193 0.580085 0.243207 0.583384
5 0.234380 0.637135 0.237395 0.640435
5 0.241676 0.618214 0.244690 0.621514
5 0.249232 0.599481 0.252246 0.602781
5 0.217809 0.636194 0.220823 0.639493
5 0.209272 0.616609 0.212287 0.619909
5 0.217069 0.598064 0.220084 0.601364
5 0.224751 0.579896 0.227765 0.583196
5 0.185293 0.634875 0.188308 0.638175
5 0.200986 0.635440 0.204001 0.638740
5 0.192965 0.616331 0.195980 0.619631
5 0.192324 0.578005 0.195338 0.581305
5 0.200861 0.597589 0.203875 0.600889
5 0.206924 0.539409 0.209938 0.542709
5 0.199242 0.557577 0.202257 0.560877
5 0.215688 0.558330 0.218703 0.561630
5 0.236929 0.501731 0.239943 0.505031
5 0.229881 0.520464 0.232895 0.523764
5 0.305979 0.485127 0.308993 0.488427
5 0.337238 0.486344 0.340252 0.489644
5 0.367502 0.488141 0.370517 0.491441
5 0.213378 0.518389 0.216392 0.521689
5 0.210844 0.672411 0.213859 0.655177
5 0.226527 0.672582 0.229542 0.654837
5 0.218971 0.677265 0.221986 0.645470
5 0.195034 0.672367 0.198049 0.655267
5 0.721690 0.397761 0.556621 0.401061
5 0.296920 0.459980 0.299935 0.463280
5 0.358343 0.416158 0.361358 0.419458
5 0.379570 0.397703 0.382584 0.401003