6 0.592028 0.278297 0.815945 0.281250
5 0.508911 0.369450 0.982178 0.361137
5 0.510777 0.392952 0.978445 0.384639
5 0.513064 0.370397 0.973871 0.362084
5 0.504705 0.368977 0.990591 0.360664
5 0.502470 0.392321 0.995060 0.384008
5 0.495768 0.392479 0.991536 0.384166
5 0.477313 0.369293 0.954626 0.360979
5 0.471793 0.346106 0.943585 0.337793
5 0.484648 0.345633 0.969296 0.337320
5 0.497424 0.346264 0.994848 0.337951
5 0.444407 0.393899 0.888814 0.385586
5 0.451742 0.370239 0.903483 0.361926
5 0.418772 0.394537 0.837544 0.386224
5 0.424878 0.416162 0.849757 0.407849
5 0.425802 0.372079 0.851604 0.363766
5 0.426912 0.321864 0.853823 0.313550
5 0.439658 0.320080 0.879315 0.311767
5 0.452434 0.320711 0.904868 0.312398
5 0.414244 0.322082 0.828489 0.313769
5 0.381485 0.348508 0.762969 0.340195
5 0.394588 0.348290 0.789177 0.339977
5 0.407334 0.346725 0.814669 0.338412
5 0.420220 0.346700 0.840440 0.338387
5 0.388364 0.324266 0.776728 0.315953
5 0.361584 0.373341 0.723168 0.365028
5 0.374518 0.373973 0.749036 0.365660
5 0.387264 0.372408 0.774528 0.364095
5 0.400149 0.372384 0.800299 0.364071
5 0.355971 0.348168 0.711942 0.339855
5 0.368735 0.349310 0.737470 0.340997
5 0.362690 0.324696 0.725379 0.316383
5 0.356566 0.301393 0.713133 0.293080
5 0.330373 0.347488 0.660745 0.339175
5 0.335986 0.372661 0.671971 0.364348
5 0.311974 0.324172 0.623948 0.315859
5 0.324724 0.323370 0.649448 0.315057
5 0.317757 0.348236 0.635514 0.339923
5 0.304823 0.348203 0.609647 0.339890
5 0.292622 0.301029 0.585243 0.292716
5 0.272702 0.373940 0.545404 0.365627
5 0.285636 0.372377 0.571272 0.364064
5 0.298251 0.371628 0.596503 0.363315
5 0.273070 0.325768 0.546139 0.317455
5 0.267415 0.350797 0.534830 0.342484
5 0.259347 0.373025 0.518694 0.364712
5 0.343936 0.300355 0.687871 0.292042
5 0.278557 0.395121 0.557113 0.386808
5 0.272161 0.417922 0.544322 0.409609
5 0.259227 0.417480 0.518454 0.409167
5 0.252663 0.394971 0.505325 0.386658
5 0.233779 0.371673 0.467558 0.363360
5 0.239682 0.394724 0.479364 0.386411
5 0.214706 0.348221 0.429413 0.339908
5 0.221033 0.371169 0.442066 0.362856
5 0.227327 0.347051 0.454654 0.338738
5 0.207811 0.324336 0.415622 0.316023
5 0.221166 0.324858 0.442333 0.316545
5 0.234296 0.324866 0.468593 0.316553
5 0.247403 0.324117 0.494806 0.315804
5 0.228014 0.301503 0.456028 0.293190
5 0.214884 0.301495 0.429768 0.293182
5 0.156729 0.323520 0.313458 0.315207
5 0.169371 0.324042 0.338741 0.315729
5 0.182297 0.325478 0.364594 0.317165
5 0.195403 0.324729 0.390807 0.316416
5 0.202005 0.348810 0.404010 0.340497
5 0.189254 0.348517 0.378508 0.340204
5 0.175874 0.349540 0.351747 0.341227
5 0.162810 0.346184 0.325620 0.337871
5 0.150306 0.347583 0.300611 0.339270
5 0.182531 0.372666 0.365062 0.364353
5 0.169699 0.372729 0.339398 0.364416
5 0.156773 0.371293 0.313546 0.362980
5 0.130762 0.324010 0.261524 0.315697
5 0.143567 0.324369 0.287134 0.316056
5 0.137088 0.347001 0.274176 0.338688
5 0.130800 0.372805 0.261600 0.364491
5 0.137022 0.300842 0.274043 0.292529
5 0.526149 0.369856 0.947703 0.361543
5 0.521807 0.370599 0.956385 0.362286
5 0.530471 0.369991 0.939057 0.361678
5 0.523768 0.348089 0.952465 0.339776
5 0.528109 0.347345 0.943782 0.339032
5 0.509384 0.322401 0.981232 0.314088
5 0.519396 0.392141 0.961207 0.383828
5 0.538797 0.413401 0.922405 0.405088
5 0.543362 0.412914 0.913276 0.404601
5 0.541000 0.390268 0.918000 0.381955
5 0.536658 0.391012 0.926683 0.382698
5 0.547610 0.412157 0.904780 0.403844
5 0.549812 0.389024 0.900375 0.380711
5 0.530023 0.412784 0.939954 0.404471
5 0.573095 0.408300 0.853811 0.399987
5 0.570952 0.385654 0.858096 0.377341
5 0.566611 0.386398 0.866779 0.378085
5 0.568750 0.408787 0.862500 0.400474
5 0.564597 0.364648 0.870806 0.356335
5 0.570800 0.431636 0.858399 0.423323
5 0.575182 0.430490 0.849636 0.422177
5 0.583640 0.430709 0.832720 0.422396
5 0.579295 0.430757 0.841409 0.422444
5 0.581590 0.407421 0.836821 0.399108
5 0.585910 0.452679 0.828179 0.444366
5 0.581566 0.452727 0.836869 0.444414
5 0.585947 0.408190 0.828106 0.399877
5 0.588126 0.430902 0.823749 0.422589
5 0.582038 0.362630 0.835924 0.354317
5 0.597001 0.382431 0.805999 0.374118
5 0.594694 0.405307 0.810612 0.396994
5 0.594470 0.450510 0.811061 0.442197
5 0.596740 0.472480 0.806521 0.464167
5 0.592395 0.472527 0.815210 0.464214
5 0.585760 0.583702 0.828481 0.575389
5 0.581446 0.583768 0.837107 0.575454
5 0.579267 0.563319 0.841467 0.555006
5 0.583667 0.562023 0.832666 0.553710
5 0.585689 0.540084 0.828622 0.531770
5 0.587954 0.561504 0.824093 0.553191
5 0.594538 0.538282 0.810924 0.529969
5 0.592357 0.560732 0.815287 0.552419
5 0.594449 0.582411 0.811101 0.574098
5 0.596572 0.603578 0.806855 0.595265
5 0.592169 0.604350 0.815661 0.596037
5 0.587883 0.604869 0.824234 0.596556
5 0.583568 0.606165 0.832863 0.597852
5 0.589776 0.626550 0.820449 0.618237
5 0.585461 0.627846 0.829077 0.619533
5 0.568584 0.585832 0.862832 0.577519
5 0.572897 0.585767 0.854205 0.577453
5 0.568869 0.542148 0.862262 0.533835
5 0.566476 0.564409 0.867048 0.556096
5 0.562131 0.563377 0.875738 0.555064
5 0.572999 0.542148 0.854003 0.533835
5 0.574833 0.606673 0.850334 0.598360
5 0.576913 0.628098 0.846174 0.619785
5 0.572556 0.628362 0.854888 0.620049
5 0.500135 0.414510 0.999730 0.406197
5 0.227669 0.439120 0.455338 0.430807
5 0.515363 0.347075 0.969274 0.338762
5 0.511209 0.346128 0.977582 0.337815