5 0.300551 0.135961 0.601102 0.271923
5 0.288056 0.135961 0.576111 0.271923
5 0.275368 0.135817 0.550736 0.271635
5 0.239121 0.135569 0.478242 0.271139
5 0.226876 0.134990 0.453752 0.269980
5 0.325260 0.138510 0.650521 0.277019
5 0.313074 0.137236 0.626147 0.274471
5 0.319083 0.154146 0.638166 0.308292
5 0.307051 0.153335 0.614102 0.306670
5 0.294837 0.152640 0.589674 0.305280
5 0.282342 0.152640 0.564683 0.305280
5 0.269654 0.152496 0.539308 0.304992
5 0.337692 0.169782 0.675384 0.339564
5 0.331451 0.153683 0.662903 0.307365
5 0.325428 0.170014 0.650857 0.340028
5 0.313137 0.169666 0.626275 0.339333
5 0.300874 0.168971 0.601747 0.337943
5 0.276396 0.168740 0.552792 0.337480
5 0.257787 0.152177 0.515574 0.304354
5 0.251841 0.168277 0.503682 0.336553
5 0.214583 0.167985 0.429165 0.335970
5 0.227270 0.168129 0.454541 0.336258
5 0.239766 0.168129 0.479532 0.336258
5 0.233277 0.151670 0.466555 0.303340
5 0.220590 0.151526 0.441179 0.303052
5 0.331489 0.185717 0.662978 0.371434
5 0.319225 0.185949 0.638450 0.371897
5 0.306934 0.185601 0.613868 0.371202
5 0.294670 0.184906 0.589341 0.369812
5 0.282741 0.184858 0.565481 0.369717
5 0.270245 0.184858 0.540490 0.369717
5 0.257558 0.184714 0.515115 0.369428
5 0.245690 0.184395 0.491381 0.368790
5 0.233549 0.184031 0.467097 0.368063
5 0.221053 0.184031 0.442107 0.368063
5 0.300981 0.201164 0.601962 0.402329
5 0.288717 0.200469 0.577434 0.400939
5 0.276787 0.200422 0.553575 0.400843
5 0.264292 0.200422 0.528584 0.400843
5 0.251604 0.200277 0.503209 0.400555
5 0.239737 0.199958 0.479475 0.399917
5 0.227085 0.200360 0.454171 0.400720
5 0.215100 0.199595 0.430200 0.399189
5 0.214824 0.135160 0.429647 0.270319
5 0.202867 0.135568 0.405734 0.271136
5 0.208735 0.151690 0.417470 0.303380
5 0.196518 0.151059 0.393036 0.302118
5 0.184329 0.151008 0.368657 0.302017
5 0.171854 0.151003 0.343708 0.302006
5 0.196940 0.184041 0.393881 0.368083
5 0.184724 0.183410 0.369448 0.366820
5 0.172534 0.183360 0.345069 0.366719
5 0.160059 0.183354 0.320119 0.366709
5 0.177981 0.135073 0.355961 0.270146
5 0.165073 0.134807 0.330145 0.269615
5 0.159637 0.151003 0.319275 0.302006
5 0.147516 0.182785 0.295032 0.365569
5 0.202756 0.167935 0.405513 0.335871
5 0.190540 0.167304 0.381080 0.334608
5 0.178350 0.167254 0.356701 0.334508
5 0.165876 0.167248 0.331751 0.334497
5 0.153332 0.166679 0.306664 0.333357
5 0.202645 0.199644 0.405289 0.399288
5 0.190428 0.199013 0.380856 0.398025
5 0.178239 0.198962 0.356477 0.397925
5 0.165764 0.198957 0.331527 0.397914
5 0.270860 0.216360 0.541719 0.432720
5 0.258364 0.216360 0.516728 0.432720
5 0.245677 0.216216 0.491353 0.432431
5 0.233809 0.215896 0.467619 0.431793
5 0.221157 0.216298 0.442315 0.432596
5 0.209172 0.215533 0.418345 0.431066
5 0.196717 0.215582 0.393433 0.431164
5 0.172311 0.214901 0.344621 0.429801
5 0.159836 0.214895 0.319672 0.429790
5 0.184500 0.214951 0.369000 0.429902
5 0.141940 0.199125 0.283881 0.398249
5 0.147645 0.214727 0.295289 0.429455
5 0.239749 0.231986 0.479497 0.463972
5 0.264932 0.232130 0.529863 0.464260
5 0.227882 0.231667 0.455763 0.463334
5 0.203244 0.231303 0.406489 0.462606
5 0.190789 0.231353 0.381578 0.462705
5 0.153908 0.230666 0.307816 0.461331
5 0.142224 0.231106 0.284447 0.462212
5 0.130043 0.230330 0.260086 0.460660
5 0.153438 0.134802 0.306875 0.269604
5 0.129368 0.199471 0.258736 0.398941
5 0.134944 0.183131 0.269888 0.366261
5 0.140760 0.167025 0.281520 0.334049
5 0.128186 0.167025 0.256373 0.334049
5 0.134706 0.151349 0.269412 0.302698
5 0.140864 0.134802 0.281728 0.269604
5 0.128632 0.135446 0.257265 0.270892
5 0.502437 0.139841 0.995126 0.279683
5 0.497497 0.139924 0.994994 0.279848
5 0.485001 0.139348 0.970003 0.278695
5 0.460587 0.139203 0.921175 0.278407
5 0.436178 0.138560 0.872357 0.277120
5 0.423971 0.138416 0.847943 0.276831
5 0.411476 0.138416 0.822952 0.276831
5 0.398884 0.138127 0.797769 0.276255
5 0.472729 0.139203 0.945458 0.278407
5 0.448658 0.138981 0.897316 0.277961
5 0.510573 0.139331 0.978854 0.278662
5 0.506494 0.139414 0.987011 0.278828
5 0.518622 0.139753 0.962756 0.279506
5 0.514565 0.140180 0.970871 0.280360
5 0.551443 0.140629 0.897114 0.281258
5 0.547407 0.140768 0.905186 0.281536
5 0.543274 0.140624 0.913452 0.281248
5 0.530979 0.140350 0.938041 0.280700
5 0.526901 0.140433 0.946199 0.280866
5 0.522779 0.139851 0.954441 0.279703
5 0.559738 0.140731 0.880523 0.281463
5 0.563884 0.140151 0.872231 0.280301
5 0.572022 0.140036 0.855956 0.280072
5 0.567965 0.140208 0.864071 0.280417
5 0.567754 0.171203 0.864491 0.342406
5 0.565756 0.155824 0.868487 0.311648
5 0.561633 0.156347 0.876733 0.312694
5 0.563674 0.171145 0.872652 0.342290
5 0.555322 0.171253 0.889356 0.342505
5 0.559468 0.170672 0.881064 0.341344
5 0.578249 0.153840 0.843501 0.307679
5 0.576209 0.139041 0.847583 0.278083