5 0.189532 0.391812 0.379064 0.383415
5 0.188506 0.338181 0.377012 0.329783
5 0.173905 0.340116 0.347810 0.331719
5 0.159349 0.338709 0.318697 0.330312
5 0.205495 0.391074 0.410991 0.382676
5 0.181320 0.419494 0.362639 0.411097
5 0.197283 0.418756 0.394566 0.410359
5 0.235577 0.393473 0.471153 0.385076
5 0.220997 0.392735 0.441995 0.384337
5 0.243403 0.418788 0.486806 0.410390
5 0.228824 0.418050 0.457647 0.409652
5 0.339016 0.346823 0.678033 0.338425
5 0.326344 0.346453 0.652688 0.338056
5 0.313303 0.347500 0.626606 0.339102
5 0.300784 0.348853 0.601569 0.340455
5 0.344530 0.369039 0.689060 0.360642
5 0.332311 0.369953 0.664622 0.361555
5 0.319516 0.369891 0.639032 0.361493
5 0.306321 0.370752 0.612641 0.362355
5 0.333664 0.324308 0.667329 0.315910
5 0.319577 0.324554 0.639155 0.316156
5 0.305613 0.325969 0.611227 0.317571
5 0.375317 0.389506 0.750634 0.381108
5 0.363273 0.392693 0.726546 0.384295
5 0.351003 0.394031 0.702005 0.385633
5 0.338157 0.394018 0.676315 0.385620
5 0.381877 0.362917 0.763753 0.354519
5 0.369221 0.362081 0.738441 0.353683
5 0.356688 0.364119 0.713375 0.355721
5 0.349866 0.336655 0.699731 0.328258
5 0.362398 0.334617 0.724797 0.326220
5 0.375054 0.335454 0.750109 0.327056
5 0.394909 0.364294 0.789818 0.355896
5 0.401067 0.340781 0.802135 0.332383
5 0.420448 0.359419 0.840896 0.351021
5 0.388200 0.339691 0.776400 0.331293
5 0.395110 0.318699 0.790219 0.310301
5 0.414105 0.391481 0.828211 0.383084
5 0.400166 0.392247 0.800333 0.383849
5 0.387593 0.387950 0.775186 0.379553
5 0.407679 0.365282 0.815358 0.356884
5 0.438965 0.331389 0.877931 0.322991
5 0.433631 0.357373 0.867262 0.348975
5 0.407119 0.419917 0.814237 0.411519
5 0.428770 0.387197 0.857540 0.378799
5 0.392026 0.416692 0.784051 0.408294
5 0.507613 0.370846 0.984775 0.362449
5 0.503499 0.371439 0.993002 0.363042
5 0.495923 0.370838 0.991845 0.362440
5 0.483144 0.368592 0.966288 0.360195
5 0.470253 0.368917 0.940506 0.360520
5 0.457047 0.368687 0.914094 0.360289
5 0.462652 0.345858 0.925304 0.337460
5 0.475858 0.345952 0.951715 0.337554
5 0.489091 0.346310 0.978181 0.337912
5 0.501199 0.347189 0.997601 0.338791
5 0.505572 0.347790 0.988856 0.339392
5 0.509823 0.348017 0.980355 0.339619
5 0.469009 0.323712 0.938017 0.315314
5 0.482214 0.323806 0.964428 0.315408
5 0.495447 0.324164 0.990895 0.315767
5 0.503318 0.325043 0.993364 0.316645
5 0.507691 0.325644 0.984618 0.317247
5 0.451989 0.390969 0.903978 0.382572
5 0.465195 0.391200 0.930390 0.382802
5 0.490047 0.393882 0.980095 0.385484
5 0.501268 0.394487 0.997465 0.386090
5 0.505641 0.395089 0.988719 0.386691
5 0.524547 0.372119 0.950906 0.363721
5 0.520302 0.372712 0.959396 0.364315
5 0.516113 0.372584 0.967774 0.364186
5 0.511801 0.371600 0.976398 0.363202
5 0.514102 0.395155 0.971796 0.386757
5 0.518202 0.395760 0.963596 0.387362
5 0.522575 0.396362 0.954850 0.387964
5 0.509593 0.394944 0.980814 0.386547
5 0.516429 0.326526 0.967143 0.318128
5 0.520591 0.326654 0.958818 0.318257
5 0.512090 0.325542 0.975820 0.317144
5 0.514102 0.348466 0.971796 0.340068
5 0.518202 0.349071 0.963596 0.340674
5 0.522575 0.349673 0.954850 0.341275
5 0.510224 0.303775 0.979553 0.295377
5 0.505641 0.303720 0.988719 0.295322
5 0.501136 0.303591 0.997727 0.295194
5 0.507586 0.419064 0.984828 0.410667
5 0.511775 0.419551 0.976451 0.411153
5 0.516048 0.419130 0.967905 0.410732
5 0.520148 0.419736 0.959705 0.411338
5 0.457160 0.416753 0.914320 0.408356
5 0.471432 0.416728 0.942864 0.408330
5 0.484156 0.418749 0.968313 0.410351
5 0.496013 0.418604 0.992026 0.410207
5 0.478372 0.442438 0.956745 0.434041
5 0.549950 0.370031 0.900101 0.361633
5 0.545511 0.369128 0.908979 0.360730
5 0.541211 0.367669 0.917578 0.359272
5 0.537010 0.368847 0.925981 0.360449
5 0.532821 0.370753 0.934358 0.362356
5 0.528680 0.371845 0.942640 0.363447
5 0.526570 0.395229 0.946860 0.386831
5 0.530703 0.394955 0.938595 0.386557
5 0.534955 0.393032 0.930090 0.384634
5 0.539171 0.391125 0.921658 0.382728
5 0.543372 0.390946 0.913256 0.382548
5 0.547616 0.392404 0.904767 0.384006
5 0.551973 0.393141 0.896055 0.384743
5 0.541332 0.415233 0.917335 0.406835
5 0.545534 0.415053 0.908933 0.406655
5 0.549778 0.416511 0.900444 0.408114
5 0.554051 0.417248 0.891899 0.408850
5 0.530715 0.348142 0.938570 0.339744
5 0.534904 0.346235 0.930193 0.337838
5 0.539105 0.345058 0.921790 0.336661
5 0.543405 0.346516 0.913191 0.338119
5 0.547844 0.347419 0.904313 0.339022
5 0.524785 0.327526 0.950429 0.319128
5 0.528918 0.326284 0.942163 0.317887
5 0.533092 0.323112 0.933816 0.314714
5 0.537336 0.322907 0.925328 0.314510
5 0.524009 0.303418 0.951981 0.295021
5 0.562723 0.369596 0.874554 0.361199
5 0.558501 0.370213 0.882997 0.361816
5 0.554129 0.369840 0.891742 0.361443
5 0.556218 0.393334 0.887564 0.384936
5 0.558307 0.417007 0.883386 0.408609
5 0.562551 0.416077 0.874897 0.407680
5 0.566824 0.416814 0.866352 0.408416
5 0.564746 0.392707 0.870508 0.384309
5 0.560499 0.393272 0.879003 0.384875
5 0.560950 0.346799 0.878100 0.338402
5 0.556728 0.347416 0.886544 0.339018
5 0.552356 0.347044 0.895288 0.338646
5 0.545492 0.324188 0.909017 0.315791
5 0.550149 0.324898 0.899703 0.316500
5 0.554738 0.325053 0.890524 0.316656
5 0.547482 0.303780 0.905036 0.295382
5 0.598422 0.409564 0.803156 0.401166
5 0.593632 0.410787 0.812735 0.402389
5 0.588816 0.410574 0.822367 0.402176
5 0.584206 0.411468 0.831588 0.403070
5 0.579879 0.412201 0.840242 0.403803
5 0.575471 0.412212 0.849058 0.403815
5 0.571270 0.413046 0.857460 0.404648
5 0.554900 0.448928 0.890199 0.440439
5 0.560349 0.440198 0.879303 0.431800
5 0.564593 0.439268 0.870814 0.430870
5 0.568975 0.438862 0.862051 0.430464
5 0.573420 0.436236 0.853159 0.427839
5 0.577622 0.435403 0.844757 0.427006
5 0.582029 0.435392 0.835942 0.426994
5 0.586683 0.433516 0.826634 0.425118
5 0.591212 0.433438 0.817577 0.425040
5 0.595701 0.432345 0.808598 0.423947
5 0.562363 0.463062 0.875274 0.454665
5 0.566607 0.462132 0.866786 0.453734
5 0.570989 0.461726 0.858022 0.453328
5 0.575434 0.459101 0.849131 0.450703
5 0.579636 0.458268 0.840728 0.449870
5 0.588806 0.455890 0.822388 0.447492
5 0.584152 0.457766 0.831695 0.449368
5 0.598069 0.455046 0.803862 0.446648
5 0.602860 0.453902 0.794281 0.445505
5 0.600492 0.431201 0.799017 0.422804
5 0.579742 0.364923 0.840516 0.356525
5 0.584216 0.365825 0.831567 0.357427
5 0.588842 0.366855 0.822317 0.358457
5 0.593713 0.365959 0.812573 0.357561
5 0.596028 0.387759 0.807945 0.379362
5 0.591264 0.388249 0.817471 0.379852
5 0.586612 0.388689 0.826777 0.380292
5 0.582029 0.388604 0.835943 0.380206
5 0.586637 0.344317 0.826726 0.335920
5 0.577510 0.341569 0.844980 0.333171
5 0.590843 0.478659 0.818313 0.470261
5 0.581673 0.481037 0.836654 0.472639
5 0.577472 0.481870 0.845057 0.473472
5 0.586190 0.480535 0.827621 0.472138
5 0.595557 0.478659 0.808886 0.470261
5 0.597787 0.501165 0.804426 0.492767
5 0.593074 0.501165 0.813853 0.492767
5 0.588420 0.502452 0.823161 0.494055
5 0.583609 0.504132 0.832783 0.495734
5 0.579309 0.505358 0.841382 0.496960
5 0.590416 0.524244 0.819169 0.515847
5 0.597385 0.545251 0.805229 0.536854
5 0.592641 0.546430 0.814719 0.538032
5 0.602195 0.544859 0.795610 0.536461
5 0.606982 0.500969 0.786037 0.492571
5 0.602268 0.500969 0.795464 0.492571
5 0.604920 0.477213 0.790160 0.468816
5 0.603003 0.407797 0.793994 0.399399
5 0.605171 0.430023 0.789658 0.421626
5 0.590023 0.567829 0.819954 0.559431
5 0.599578 0.566258 0.800845 0.557861
5 0.596894 0.589229 0.806211 0.580831
5 0.277555 0.335173 0.555109 0.326775
5 0.249421 0.336722 0.498842 0.328324
5 0.332161 0.420165 0.664322 0.411767