5 0.535906 0.500710 0.928188 0.503078
5 0.548594 0.487717 0.902811 0.484356
5 0.555635 0.536200 0.888730 0.529000
5 0.562835 0.571243 0.874329 0.557322
5 0.539812 0.560843 0.920376 0.564157
5 0.534920 0.559659 0.930161 0.567472
5 0.534880 0.543797 0.930240 0.544508
5 0.537958 0.480824 0.924085 0.480114
5 0.540996 0.480114 0.918008 0.481534
5 0.552951 0.504261 0.894097 0.504025
5 0.519255 0.535985 0.961490 0.539773
5 0.515586 0.540246 0.968829 0.537405
5 0.508917 0.528646 0.982165 0.530066
5 0.511048 0.536695 0.977904 0.539536
5 0.534091 0.518229 0.931818 0.521307
5 0.564797 0.597265 0.870405 0.591364
5 0.561277 0.614968 0.877445 0.610310
5 0.567748 0.637641 0.864504 0.632983
5 0.559155 0.636089 0.881690 0.630498
5 0.568369 0.601302 0.863262 0.595712
5 0.571941 0.596954 0.856118 0.591364
5 0.566868 0.565895 0.866264 0.557509
5 0.561226 0.556267 0.877549 0.552229
5 0.558534 0.535147 0.882933 0.528314
5 0.565065 0.669626 0.869871 0.660748
5 0.505327 0.483902 0.989347 0.486979
5 0.509193 0.483428 0.981613 0.489347
5 0.512745 0.493608 0.974511 0.496686
5 0.516690 0.489347 0.966619 0.492424
5 0.518505 0.516572 0.962989 0.518466
5 0.521583 0.517992 0.956834 0.516809
5 0.515191 0.469697 0.969618 0.471828
5 0.511285 0.470170 0.977431 0.471591
5 0.502644 0.468513 0.994713 0.472775
5 0.507497 0.459754 0.985006 0.466146
5 0.503748 0.512547 0.992503 0.513494
5 0.500000 0.516572 1.000000 0.510890
5 0.506353 0.512547 0.987295 0.517992
5 0.500197 0.465199 0.999605 0.468277
5 0.500000 0.448390 1.000000 0.452178
5 0.456873 0.518466 0.913747 0.524384
5 0.501894 0.552083 0.996212 0.555161
5 0.454940 0.500710 0.909880 0.504261
5 0.450284 0.482481 0.900568 0.484138
5 0.503042 0.472408 0.993917 0.467128
5 0.504905 0.488869 0.990190 0.477377
5 0.490800 0.470544 0.981600 0.464332
5 0.484329 0.489801 0.968659 0.484210
5 0.495395 0.493838 0.990218 0.485763
5 0.450047 0.436316 0.900095 0.437500
5 0.465159 0.417850 0.930319 0.421875
5 0.411340 0.448153 0.822680 0.455256
5 0.440743 0.443212 0.881487 0.439174
5 0.429976 0.442280 0.859952 0.436379
5 0.451355 0.444454 0.902710 0.440106
5 0.413360 0.415570 0.826719 0.410290
5 0.396110 0.422822 0.792219 0.425663
5 0.403843 0.407434 0.807686 0.408381
5 0.381826 0.421875 0.763652 0.424716
5 0.370068 0.446496 0.740136 0.443419
5 0.376657 0.445549 0.753314 0.447917
5 0.400522 0.454083 0.801044 0.448182
5 0.424541 0.475203 0.849082 0.463400
5 0.425524 0.418986 0.851049 0.412464
5 0.357521 0.418797 0.715041 0.420928
5 0.334833 0.418324 0.669665 0.419744
5 0.354798 0.421875 0.709596 0.420218
5 0.342606 0.401042 0.685211 0.404356
5 0.359414 0.402936 0.718829 0.401278
5 0.365885 0.402462 0.731771 0.404593
5 0.392164 0.403646 0.784328 0.405777
5 0.342211 0.440578 0.684422 0.445549
5 0.328835 0.466146 0.657670 0.463305
5 0.303622 0.461884 0.607244 0.463305
5 0.279474 0.406250 0.558949 0.410275
5 0.291193 0.407197 0.582386 0.413589
5 0.303149 0.413116 0.606297 0.415720
5 0.303109 0.393939 0.606218 0.393466
5 0.307686 0.436316 0.615372 0.441288
5 0.311671 0.459991 0.623343 0.462831
5 0.297388 0.494792 0.594776 0.500947
5 0.255011 0.434422 0.510022 0.432055
5 0.259115 0.411932 0.518229 0.413116
5 0.270636 0.413352 0.541272 0.413826
5 0.273635 0.433475 0.547270 0.435843
5 0.287839 0.440104 0.575679 0.440578
5 0.281053 0.460464 0.562105 0.460227
5 0.250671 0.382576 0.501342 0.378078
5 0.232718 0.397491 0.465436 0.401752
5 0.242188 0.428977 0.484375 0.431581
5 0.229798 0.377841 0.459596 0.381155
5 0.218987 0.402225 0.437973 0.398201
5 0.209044 0.442235 0.418087 0.445313
5 0.217606 0.484138 0.435211 0.489110
5 0.154790 0.456203 0.309580 0.459754
5 0.200836 0.391335 0.401673 0.395833
5 0.210740 0.425189 0.421480 0.419271
5 0.161419 0.369318 0.322838 0.370502
5 0.126697 0.472538 0.253393 0.475616
5 0.126460 0.360559 0.252920 0.363873
5 0.204293 0.472827 0.408585 0.467766
5 0.219737 0.496547 0.439474 0.491487
5 0.254949 0.504770 0.509898 0.498128
5 0.260747 0.485161 0.521494 0.479468
5 0.330907 0.500026 0.661814 0.490222
5 0.138301 0.525095 0.276602 0.519706
5 0.151358 0.538184 0.302715 0.526635
5 0.149561 0.568982 0.299122 0.564170
5 0.562002 0.512667 0.875996 0.506900
5 0.326709 0.420565 0.653418 0.423598
5 0.279029 0.481331 0.558058 0.475969
5 0.239811 0.488876 0.479623 0.479941
5 0.168393 0.418186 0.336786 0.413420
5 0.146484 0.366002 0.292968 0.359251
5 0.180274 0.373548 0.360548 0.367193