5 0.548112 0.128065 0.903776 0.256130
5 0.552072 0.130418 0.895856 0.260837
5 0.530115 0.139445 0.939771 0.278890
5 0.533750 0.141983 0.932500 0.283966
5 0.537507 0.141888 0.924986 0.283776
5 0.541475 0.143451 0.917049 0.286903
5 0.545484 0.143495 0.909031 0.286990
5 0.543931 0.127051 0.912138 0.254103
5 0.557184 0.176062 0.885631 0.352125
5 0.559812 0.162667 0.880376 0.325335
5 0.562189 0.147463 0.875621 0.294926
5 0.555630 0.161357 0.888740 0.322714
5 0.551308 0.160768 0.897383 0.321535
5 0.549691 0.144556 0.900619 0.289113
5 0.553942 0.146185 0.892115 0.292369
5 0.561379 0.176618 0.877242 0.353236
5 0.565602 0.177096 0.868797 0.354191
5 0.563959 0.163223 0.872083 0.326447
5 0.562942 0.190459 0.874116 0.380918
5 0.544319 0.203125 0.911362 0.406249
5 0.548125 0.201732 0.903750 0.403464
5 0.552099 0.201618 0.895802 0.403236
5 0.519189 0.138343 0.961623 0.276687
5 0.523008 0.138540 0.953985 0.277080
5 0.521074 0.152979 0.957853 0.305958
5 0.524554 0.153067 0.950892 0.306133
5 0.528168 0.153639 0.943664 0.307279
5 0.517394 0.152535 0.965212 0.305069
5 0.512324 0.137916 0.975352 0.275831
5 0.427890 0.138553 0.855780 0.277105
5 0.439273 0.138110 0.878546 0.276220
5 0.450949 0.139377 0.901898 0.278754
5 0.462204 0.139543 0.924408 0.279086
5 0.393322 0.140323 0.786645 0.280646
5 0.404931 0.139771 0.809862 0.279542
5 0.381805 0.140866 0.763609 0.281733
5 0.375541 0.126419 0.751081 0.252839
5 0.455939 0.154347 0.911878 0.308693
5 0.467194 0.154513 0.934388 0.309026
5 0.422039 0.154860 0.844078 0.309719
5 0.410431 0.155411 0.820861 0.310823
5 0.398913 0.155955 0.797826 0.311910
5 0.364682 0.158255 0.729365 0.316510
5 0.370266 0.141996 0.740532 0.283992
5 0.375996 0.157786 0.751991 0.315572
5 0.319293 0.129806 0.638586 0.259612
5 0.330345 0.128888 0.660689 0.257776
5 0.342199 0.128546 0.684399 0.257093
5 0.353808 0.127995 0.707615 0.255990
5 0.347500 0.143566 0.695000 0.287131
5 0.359109 0.143014 0.718217 0.286028
5 0.308102 0.130248 0.616205 0.260495
5 0.285917 0.131131 0.571835 0.262262
5 0.325183 0.145267 0.650366 0.290533
5 0.484697 0.138924 0.969394 0.277849
5 0.501690 0.137492 0.996620 0.274984
5 0.494966 0.137868 0.989932 0.275735
5 0.505196 0.136757 0.989608 0.273514
5 0.503214 0.151812 0.993571 0.303625