5 0.250188 0.418169 0.237884 0.418169
5 0.259152 0.440534 0.246669 0.440534
5 0.253127 0.460861 0.240715 0.460861
5 0.246144 0.482113 0.232912 0.482113
5 0.228893 0.481191 0.216281 0.481191
5 0.221498 0.501825 0.208477 0.501825
5 0.204795 0.501519 0.191847 0.501519
5 0.220575 0.461622 0.207714 0.461622
5 0.257158 0.397390 0.244875 0.397390
5 0.272538 0.397164 0.260253 0.397164
5 0.287918 0.396486 0.276684 0.396486
5 0.304204 0.394901 0.291459 0.394901
5 0.320290 0.393094 0.307138 0.393094
5 0.336776 0.393771 0.323872 0.393771
5 0.351854 0.393319 0.339399 0.393319
5 0.346526 0.417515 0.333319 0.417515
5 0.330241 0.416987 0.317439 0.416987
5 0.314157 0.416836 0.301108 0.416836
5 0.281987 0.418192 0.269901 0.418192
5 0.266305 0.419325 0.254222 0.419325
5 0.276157 0.440128 0.263568 0.440128
5 0.291537 0.440581 0.278946 0.440581
5 0.324008 0.439676 0.311510 0.439676
5 0.355171 0.439223 0.343017 0.439223
5 0.349140 0.459122 0.336384 0.459122
5 0.234136 0.419099 0.221057 0.419099
5 0.212724 0.480379 0.198895 0.480379
5 0.195032 0.481057 0.181408 0.481057
5 0.202671 0.460479 0.190454 0.460479
5 0.211317 0.439753 0.197338 0.439753
5 0.217952 0.418419 0.205378 0.418419
5 0.201263 0.419097 0.187891 0.419097
5 0.194327 0.439674 0.180654 0.439674
5 0.240673 0.397163 0.227992 0.397163
5 0.246203 0.375380 0.232917 0.375380
5 0.227709 0.440129 0.215479 0.440129
5 0.238812 0.500959 0.225128 0.500959
5 0.248060 0.521761 0.235077 0.521761
5 0.231070 0.520858 0.218343 0.520858
5 0.265149 0.521761 0.251660 0.521761
5 0.251378 0.522420 0.251359 0.522420
5 0.254996 0.501410 0.242766 0.501410
5 0.271584 0.502315 0.258896 0.502315
5 0.262234 0.482416 0.250152 0.482416
5 0.268568 0.461611 0.256634 0.461611
5 0.285456 0.462064 0.272615 0.462064
5 0.294604 0.482415 0.282413 0.482415
5 0.257965 0.542114 0.244725 0.542114
5 0.240675 0.541209 0.227387 0.541209
5 0.249271 0.561110 0.236433 0.561110
5 0.232684 0.560205 0.219699 0.560205
5 0.223134 0.541361 0.210754 0.541361
5 0.213887 0.520858 0.201107 0.520858
5 0.187247 0.500732 0.173871 0.500732
5 0.197199 0.520405 0.183619 0.520405
5 0.179908 0.520405 0.167990 0.520405
5 0.185091 0.460479 0.171759 0.460479
5 0.177149 0.441033 0.164976 0.441033
5 0.184081 0.419323 0.171759 0.419323
5 0.223688 0.397615 0.211106 0.397615
5 0.207001 0.398068 0.194675 0.398068
5 0.259271 0.580330 0.245177 0.580330
5 0.252033 0.600682 0.237036 0.600682
5 0.233134 0.600228 0.220152 0.600228
5 0.207501 0.580330 0.194223 0.580330
5 0.194833 0.580329 0.194826 0.580329
5 0.240071 0.580104 0.227991 0.580104
5 0.215944 0.560205 0.202664 0.560205
5 0.188501 0.540304 0.176735 0.540304
5 0.197649 0.560431 0.186082 0.560431
5 0.207401 0.618772 0.195128 0.618772
5 0.215642 0.600228 0.203568 0.600228
5 0.217250 0.639576 0.204474 0.639576
5 0.227303 0.659703 0.214424 0.659703
5 0.297417 0.561109 0.285127 0.561109
5 0.335818 0.539853 0.324324 0.539853
5 0.326163 0.481961 0.313771 0.481961
5 0.357978 0.480606 0.345882 0.480606
5 0.366121 0.501411 0.353722 0.501411
5 0.343300 0.520707 0.331106 0.520707
5 0.311230 0.373871 0.299448 0.373871
5 0.327013 0.372968 0.315730 0.372968
5 0.285395 0.353068 0.273368 0.353068
5 0.275945 0.331358 0.263568 0.331358
5 0.303389 0.355404 0.291459 0.355404
5 0.341690 0.368670 0.331258 0.368670
5 0.351743 0.346283 0.340454 0.346283
5 0.374665 0.370705 0.361560 0.370705
5 0.367023 0.394676 0.355379 0.394676
5 0.360783 0.417063 0.349198 0.417063
5 0.376766 0.416159 0.363670 0.416159
5 0.383300 0.394676 0.370604 0.394676
5 0.391947 0.417289 0.379650 0.417289
5 0.408332 0.416836 0.395630 0.416836
5 0.398983 0.394450 0.386434 0.394450
5 0.389332 0.373420 0.377389 0.373420
5 0.404311 0.370933 0.392214 0.370933
5 0.411348 0.346056 0.398646 0.346056
5 0.399888 0.325027 0.388395 0.325027
5 0.432099 0.393771 0.419902 0.393771
5 0.438432 0.367314 0.425631 0.367314
5 0.440443 0.416158 0.428645 0.416158
5 0.456226 0.415253 0.443269 0.415253
5 0.464871 0.434701 0.453068 0.434701
5 0.433506 0.436963 0.420957 0.436963
5 0.426570 0.456185 0.414023 0.456185
5 0.395406 0.458217 0.382816 0.458217
5 0.379925 0.459348 0.367591 0.459348
5 0.364042 0.459124 0.352063 0.459124
5 0.466125 0.473741 0.454668 0.473741
5 0.450842 0.475720 0.438839 0.475720
5 0.458538 0.495096 0.446863 0.495096
5 0.474372 0.493776 0.462254 0.493776
5 0.473272 0.454202 0.461428 0.454202
5 0.457659 0.454448 0.446259 0.454448
5 0.488996 0.452222 0.476765 0.452222
5 0.497352 0.472256 0.485833 0.472256
5 0.490316 0.492045 0.478579 0.492045
5 0.513186 0.470526 0.501003 0.470526
5 0.520224 0.449749 0.508589 0.449749
5 0.529240 0.470030 0.516669 0.470030
5 0.486247 0.368127 0.473466 0.368127
5 0.462277 0.343144 0.449721 0.343144
5 0.477781 0.344877 0.465717 0.344877
5 0.492625 0.346855 0.481216 0.346855
5 0.507579 0.344134 0.495562 0.344134
5 0.523632 0.341166 0.510402 0.341166
5 0.501421 0.368127 0.489295 0.368127
5 0.479431 0.391129 0.465717 0.391129
5 0.527580 0.429220 0.514689 0.429220
5 0.535828 0.450986 0.523595 0.450986
5 0.542424 0.429219 0.530849 0.429219
5 0.534179 0.409432 0.521945 0.409432
5 0.580188 0.365405 0.567290 0.365405
5 0.574691 0.427240 0.561850 0.427240
5 0.558746 0.428973 0.546185 0.428973
5 0.567263 0.449750 0.555584 0.449750
5 0.551978 0.449996 0.539423 0.449996
5 0.544612 0.470772 0.532333 0.470772
5 0.590684 0.467558 0.578669 0.467558
5 0.589474 0.426995 0.577514 0.426995
5 0.605088 0.425756 0.593179 0.425756
5 0.620853 0.424026 0.608184 0.424026
5 0.585947 0.343887 0.573886 0.343887
5 0.600682 0.340672 0.588728 0.340672
5 0.603430 0.316680 0.591860 0.316680
5 0.624653 0.357738 0.612967 0.357738
5 0.611787 0.403496 0.600435 0.403496
5 0.642465 0.402259 0.630281 0.402259
5 0.635867 0.423694 0.624344 0.423694
5 0.613657 0.445543 0.601315 0.445543
5 0.632175 0.333499 0.619893 0.333499
5 0.646470 0.337456 0.635228 0.337456
5 0.647569 0.313958 0.632589 0.313958
5 0.661753 0.333004 0.650233 0.333004
5 0.649108 0.379258 0.636712 0.379258
5 0.664722 0.378514 0.652377 0.378514
5 0.672965 0.378268 0.654070 0.378268
5 0.671398 0.400034 0.657204 0.400034
5 0.657794 0.401269 0.645451 0.401269
5 0.666481 0.423284 0.653696 0.423284
5 0.673666 0.421799 0.652668 0.421799
5 0.675233 0.400033 0.649533 0.400033
5 0.677708 0.378021 0.644584 0.378021
5 0.679564 0.399786 0.640872 0.399786
5 0.674766 0.356007 0.650468 0.356007
5 0.676801 0.335065 0.646398 0.335065
5 0.678987 0.355511 0.642027 0.355511
5 0.672360 0.334487 0.655279 0.334487
5 0.683235 0.398055 0.633531 0.398055
5 0.682987 0.352790 0.634025 0.352790
5 0.685050 0.376288 0.629901 0.376288
5 0.678161 0.313216 0.643677 0.313216
5 0.684939 0.330777 0.630122 0.330777
5 0.655706 0.357738 0.643637 0.357738
5 0.640313 0.358728 0.627478 0.358728
5 0.685630 0.419326 0.628740 0.419326
5 0.689507 0.419574 0.620986 0.419574
5 0.686936 0.351553 0.626128 0.351553
5 0.693329 0.373073 0.613343 0.373073
5 0.695240 0.395580 0.609520 0.395580
5 0.699310 0.393601 0.601381 0.393601
5 0.697343 0.372826 0.605314 0.372826
5 0.695020 0.351803 0.609960 0.351803
5 0.691762 0.307034 0.616476 0.307034
5 0.696999 0.307528 0.606001 0.307528
5 0.699969 0.324594 0.600062 0.324594
5 0.699007 0.349988 0.601986 0.349988
5 0.701042 0.369858 0.597917 0.369858
5 0.703461 0.391375 0.593079 0.391375
5 0.707091 0.390388 0.585819 0.390388
5 0.705083 0.367630 0.589834 0.367630
5 0.689076 0.374309 0.621849 0.374309
5 0.690478 0.350813 0.619044 0.350813
5 0.688636 0.329295 0.622727 0.329295
5 0.692389 0.330284 0.615221 0.330284
5 0.704020 0.321628 0.591959 0.321628
5 0.706879 0.344629 0.586241 0.344629
5 0.703099 0.344877 0.593802 0.344877
5 0.711224 0.347844 0.577553 0.347844
5 0.709093 0.369117 0.581815 0.369117
5 0.712681 0.370352 0.574638 0.370352
5 0.715059 0.348091 0.569882 0.348091
5 0.708213 0.323111 0.583574 0.323111
5 0.715073 0.392120 0.569853 0.392120
5 0.693580 0.459643 0.612841 0.459643
5 0.716896 0.412153 0.566207 0.412153
5 0.718752 0.391623 0.562496 0.391623
5 0.722492 0.389397 0.555017 0.389397
5 0.720800 0.367878 0.558400 0.367878
5 0.718628 0.347348 0.562743 0.347348
5 0.722684 0.344876 0.554633 0.344876
5 0.720827 0.324099 0.558345 0.324099
5 0.724663 0.320141 0.550674 0.320141
5 0.729118 0.319399 0.541765 0.319399
5 0.718628 0.304312 0.562743 0.304312
5 0.714861 0.302580 0.570278 0.302580
5 0.722313 0.301346 0.555374 0.301346
5 0.726176 0.299366 0.547648 0.299366
5 0.730603 0.299614 0.538795 0.299614
5 0.728285 0.363922 0.543430 0.363922
5 0.724188 0.365406 0.551624 0.365406
5 0.730897 0.386677 0.538206 0.386677
5 0.734664 0.386925 0.530672 0.386925
5 0.738555 0.386925 0.522890 0.386925
5 0.735778 0.364664 0.528445 0.364664
5 0.732161 0.364665 0.535677 0.364665
5 0.730347 0.341661 0.539306 0.341661
5 0.726402 0.341661 0.547197 0.341661
5 0.733894 0.343639 0.532212 0.343639
5 0.737551 0.343639 0.524898 0.343639
5 0.735956 0.299118 0.528088 0.299118
5 0.738431 0.318658 0.523139 0.318658
5 0.741826 0.340672 0.516347 0.340672
5 0.740149 0.363673 0.519701 0.363673
5 0.742652 0.385440 0.514697 0.385440
5 0.742522 0.429716 0.514956 0.429716
5 0.746121 0.384203 0.507757 0.384203
5 0.744320 0.361942 0.511360 0.361942
5 0.745681 0.338280 0.508637 0.338280
5 0.747991 0.360954 0.504019 0.360954
5 0.749806 0.383709 0.500388 0.383709
5 0.751703 0.360954 0.496594 0.360954
5 0.749283 0.338198 0.501434 0.338198
5 0.744733 0.296892 0.510534 0.296892
5 0.740017 0.297634 0.519966 0.297634
5 0.751964 0.407208 0.496072 0.407208
5 0.752495 0.293429 0.495010 0.293429
5 0.751106 0.316367 0.497788 0.316367
5 0.742604 0.317415 0.514792 0.317415
5 0.738365 0.471484 0.523270 0.471484
5 0.740412 0.450816 0.519176 0.450816
5 0.742342 0.470425 0.515317 0.470425
5 0.752430 0.449225 0.495140 0.449225
5 0.725200 0.492153 0.549600 0.492153
5 0.722962 0.512289 0.554076 0.512289
5 0.731283 0.513350 0.537434 0.513350
5 0.717527 0.494273 0.564946 0.494273