6 0.583767 0.305634 0.832465 0.305398
4 0.574829 0.448242 0.850342 0.452637
4 0.286133 0.415283 0.572266 0.406494
5 0.203735 0.492188 0.407471 0.492188
5 0.296995 0.487905 0.593991 0.487905
5 0.344251 0.483590 0.688502 0.483590
5 0.452026 0.474609 0.904053 0.474609
5 0.419800 0.496582 0.839600 0.496582
5 0.457153 0.498779 0.914307 0.496582
5 0.464844 0.479004 0.929688 0.481201
5 0.500000 0.492188 1.000000 0.492188
5 0.500488 0.452637 0.997559 0.457031
5 0.457153 0.536133 0.914307 0.536133
5 0.462280 0.540527 0.924561 0.540527
5 0.466675 0.533936 0.933350 0.536133
5 0.515503 0.485596 0.968994 0.487793
5 0.516968 0.463623 0.966064 0.470215
5 0.512939 0.470215 0.974121 0.472412
5 0.512939 0.459229 0.974121 0.463623
5 0.506714 0.485596 0.986572 0.492188
5 0.512207 0.448242 0.975586 0.454834
5 0.519165 0.481201 0.961670 0.487793
5 0.520630 0.465820 0.958740 0.465820
5 0.508179 0.424072 0.983643 0.421875
5 0.510010 0.408691 0.979980 0.410889
5 0.522461 0.489990 0.955078 0.503174
5 0.522827 0.481201 0.954346 0.487793
5 0.532715 0.483398 0.934570 0.489990
5 0.530884 0.476807 0.938232 0.483398
5 0.539307 0.461426 0.921387 0.472412
5 0.552124 0.496582 0.895752 0.496582
5 0.551025 0.485596 0.897949 0.489990
5 0.545532 0.472412 0.908936 0.483398
5 0.545898 0.461426 0.908203 0.468018
5 0.161255 0.555908 0.322510 0.558105
5 0.160889 0.496582 0.321777 0.503174
5 0.164185 0.489990 0.328369 0.496582
5 0.539307 0.483398 0.921387 0.485596
5 0.533081 0.498779 0.933838 0.505371
5 0.531250 0.516357 0.937500 0.520752
5 0.531250 0.527344 0.937500 0.529541
5 0.548462 0.540527 0.903076 0.540527
5 0.553955 0.525146 0.892090 0.538330
5 0.560547 0.518555 0.878906 0.525146
5 0.567505 0.551514 0.864990 0.558105
5 0.568970 0.529541 0.862061 0.536133
5 0.565308 0.573486 0.869385 0.580078