5 0.342786 0.137678 0.685572 0.275357
5 0.319186 0.168862 0.638372 0.337723
5 0.324808 0.184731 0.649617 0.369462
5 0.366460 0.169528 0.732921 0.339055
5 0.390287 0.169672 0.780573 0.339344
5 0.413501 0.136937 0.827001 0.273875
5 0.401664 0.137648 0.803327 0.275295
5 0.425489 0.137277 0.850977 0.274553
5 0.407771 0.154159 0.815541 0.308319
5 0.431596 0.153788 0.863191 0.307577
5 0.437552 0.137729 0.875104 0.275458
5 0.443659 0.154241 0.887318 0.308482
5 0.449328 0.137488 0.898657 0.274977
5 0.461063 0.137840 0.922127 0.275680
5 0.473189 0.137395 0.946377 0.274791
5 0.485109 0.136911 0.970219 0.273821
5 0.490892 0.153135 0.981784 0.306271
5 0.479039 0.153416 0.958078 0.306833
5 0.496947 0.137217 0.993893 0.274433
5 0.500047 0.153748 0.999905 0.307496
5 0.502111 0.137217 0.995778 0.274433
5 0.506102 0.136911 0.987796 0.273821
5 0.503993 0.153238 0.992014 0.306475
5 0.507984 0.153135 0.984032 0.306271
5 0.509957 0.169667 0.980086 0.339333
5 0.505966 0.169054 0.988068 0.338109
5 0.502015 0.169335 0.995970 0.338670
5 0.510079 0.136911 0.979841 0.273821
5 0.511961 0.153135 0.976077 0.306271
5 0.514017 0.136752 0.971966 0.273504
5 0.518041 0.136518 0.963919 0.273036
5 0.522064 0.136284 0.955872 0.272569
5 0.516016 0.153106 0.967969 0.306211
5 0.519987 0.152405 0.960025 0.304810
5 0.524063 0.152288 0.951874 0.304576
5 0.513908 0.169256 0.972183 0.338512
5 0.521934 0.168525 0.956131 0.337050
5 0.526010 0.168408 0.947981 0.336816
5 0.517937 0.169109 0.964127 0.338218
5 0.515907 0.185142 0.968186 0.370285
5 0.527931 0.184295 0.944138 0.368590
5 0.521779 0.201116 0.956443 0.402232
5 0.526174 0.135730 0.947652 0.271459
5 0.530181 0.135867 0.939638 0.271735
5 0.532077 0.151600 0.935847 0.303200
5 0.528001 0.151717 0.943998 0.303433
5 0.529948 0.167837 0.940104 0.335674
5 0.534024 0.167720 0.931953 0.335440
5 0.538225 0.136005 0.923549 0.272010
5 0.534219 0.135867 0.931563 0.271735
5 0.536046 0.151854 0.927909 0.303708
5 0.540121 0.151737 0.919758 0.303475
5 0.537992 0.167975 0.924015 0.335949
5 0.531783 0.184216 0.936434 0.368432
5 0.535798 0.184237 0.928405 0.368474
5 0.539766 0.184491 0.920467 0.368983
5 0.533710 0.200320 0.932579 0.400640
5 0.529858 0.200399 0.940285 0.400798
5 0.541693 0.200595 0.916613 0.401191
5 0.535637 0.216149 0.928726 0.432298
5 0.539652 0.216170 0.920697 0.432339
5 0.543620 0.216424 0.912759 0.432848
5 0.542141 0.135317 0.915719 0.270634
5 0.544097 0.151600 0.911805 0.303200
5 0.546006 0.167975 0.907988 0.335949
5 0.541915 0.167858 0.916170 0.335716
5 0.543842 0.184237 0.912316 0.368474
5 0.547841 0.184216 0.904317 0.368432
5 0.553763 0.199562 0.892474 0.399124
5 0.549676 0.199583 0.900648 0.399166
5 0.545657 0.200345 0.908686 0.400690
5 0.547545 0.216071 0.904910 0.432142
5 0.555620 0.215542 0.888760 0.431085
5 0.551621 0.215563 0.896759 0.431126
5 0.546114 0.135570 0.907771 0.271141
5 0.548043 0.151473 0.903914 0.302946
5 0.549980 0.167340 0.900040 0.334681
5 0.550126 0.135326 0.899748 0.270653
5 0.554086 0.134921 0.891828 0.269843
5 0.558053 0.134904 0.883894 0.269808
5 0.560011 0.150555 0.879977 0.301110
5 0.555957 0.151099 0.888087 0.302197
5 0.551996 0.151504 0.896007 0.303007
5 0.553955 0.167418 0.892091 0.334836
5 0.551894 0.183322 0.896212 0.366644
5 0.561882 0.166996 0.876236 0.333991
5 0.557198 0.165295 0.885604 0.330591
5 0.559771 0.182938 0.880458 0.365876
5 0.555796 0.182860 0.888407 0.365720
5 0.557549 0.230799 0.884902 0.461598
5 0.549474 0.231328 0.901052 0.462656
5 0.545549 0.231681 0.908901 0.463362
5 0.553550 0.230820 0.892901 0.461640
5 0.557738 0.198642 0.884524 0.397283
5 0.559653 0.214490 0.880693 0.428980
5 0.561582 0.230273 0.876835 0.460546
5 0.561771 0.198378 0.876457 0.396757
5 0.565616 0.230010 0.868768 0.460020
5 0.563687 0.214227 0.872626 0.428454
5 0.563775 0.182675 0.872450 0.365350
5 0.565776 0.198115 0.868449 0.396231
5 0.567691 0.213964 0.864618 0.427928
5 0.551520 0.246716 0.896960 0.493432
5 0.559507 0.246450 0.880985 0.492901
5 0.555508 0.246471 0.888984 0.492942
5 0.563658 0.245793 0.872685 0.491585
5 0.567574 0.245135 0.864852 0.490270
5 0.569708 0.229878 0.860585 0.459757
5 0.571666 0.245004 0.856668 0.490007
5 0.553391 0.262236 0.893219 0.524472
5 0.561378 0.261970 0.877244 0.523940
5 0.565470 0.261049 0.869061 0.522099
5 0.569562 0.260655 0.860877 0.521310
5 0.557378 0.261991 0.885243 0.523982
5 0.559220 0.278037 0.881560 0.556074
5 0.563278 0.277095 0.873445 0.554191
5 0.567370 0.276175 0.865261 0.552349
5 0.557028 0.293688 0.885945 0.587376
5 0.561115 0.293141 0.877770 0.586282
5 0.565119 0.292352 0.869762 0.584704
5 0.565066 0.323184 0.869869 0.646369
5 0.567183 0.307607 0.865634 0.615214
5 0.566879 0.338541 0.866243 0.677082
5 0.566182 0.134320 0.867637 0.268640
5 0.564025 0.150860 0.871950 0.301720
5 0.562129 0.134680 0.875742 0.269359
5 0.568114 0.150859 0.863773 0.301717
5 0.572115 0.150675 0.855770 0.301350
5 0.576182 0.150620 0.847636 0.301240
5 0.565918 0.166696 0.868164 0.333392
5 0.574115 0.166271 0.851771 0.332542
5 0.578182 0.165856 0.843637 0.331712
5 0.570007 0.166335 0.859987 0.332670
5 0.567811 0.182292 0.864379 0.364585
5 0.571899 0.181931 0.856201 0.363862
5 0.576061 0.181627 0.847879 0.363255
5 0.580048 0.181332 0.839905 0.362665
5 0.569864 0.198008 0.860273 0.396017
5 0.573899 0.197407 0.852202 0.394815
5 0.571836 0.213605 0.856327 0.427209
5 0.570180 0.134897 0.859639 0.269795
5 0.574286 0.135017 0.851428 0.270034
5 0.578365 0.134897 0.843270 0.269795
5 0.584420 0.150500 0.831160 0.301000
5 0.580353 0.150555 0.839294 0.301110
5 0.582129 0.165994 0.835742 0.331988
5 0.582101 0.196809 0.835799 0.393617
5 0.584073 0.181812 0.831853 0.363625
5 0.586046 0.198008 0.827908 0.396017
5 0.584073 0.213005 0.831853 0.426010
5 0.573787 0.229278 0.852427 0.458557
5 0.586098 0.227930 0.827803 0.455860
5 0.582019 0.228530 0.835961 0.457060
5 0.583992 0.243701 0.832016 0.487402
5 0.581819 0.259546 0.836361 0.519092
5 0.585998 0.259171 0.828003 0.518342
5 0.583742 0.274829 0.832515 0.549659
5 0.568893 0.353430 0.862215 0.706859
5 0.566714 0.369058 0.866572 0.738117
5 0.568687 0.384964 0.862626 0.769929
5 0.583233 0.430656 0.833533 0.861311
5 0.585206 0.446044 0.829587 0.892088
5 0.576947 0.446518 0.846107 0.893035
5 0.582918 0.461906 0.834164 0.923811
5 0.588320 0.150694 0.823359 0.301388
5 0.586586 0.134688 0.826827 0.269376