6 0.630208 0.311080 0.626105 0.312500
4 0.325442 0.397964 0.317077 0.397254
4 0.278409 0.372869 0.276199 0.374290
4 0.210385 0.383759 0.209596 0.389441
4 0.260890 0.439157 0.255051 0.441761
4 0.169034 0.442945 0.168561 0.446259
4 0.131944 0.411932 0.130840 0.414299
4 0.376462 0.359780 0.373796 0.361113
4 0.457544 0.389678 0.456439 0.393229
4 0.739070 0.379025 0.521859 0.379735
4 0.749171 0.402699 0.501657 0.406250
5 0.690034 0.401559 0.619932 0.401559
5 0.693712 0.442027 0.612577 0.442027
5 0.663692 0.395851 0.672616 0.395851
5 0.543005 0.472950 0.554937 0.472950
5 0.565118 0.493854 0.578067 0.493854
5 0.482162 0.470840 0.493873 0.470840
5 0.527539 0.471799 0.540318 0.471799
5 0.499418 0.387795 0.511637 0.387795
5 0.443841 0.492193 0.456125 0.492193
5 0.204628 0.497128 0.216868 0.497128
5 0.420946 0.428488 0.432681 0.428488
5 0.506034 0.409161 0.518947 0.409161
5 0.566321 0.453029 0.578998 0.453029
5 0.552062 0.406106 0.563771 0.406106