5 0.677218 0.544216 0.645564 0.548467
5 0.681197 0.543213 0.637606 0.547464
5 0.681197 0.543213 0.637606 0.547464
5 0.671065 0.525156 0.657869 0.529407
5 0.667019 0.523350 0.665961 0.527602
5 0.675346 0.565081 0.649309 0.569333
5 0.679325 0.564078 0.641351 0.568330
5 0.671294 0.566592 0.657413 0.570844
5 0.667314 0.567595 0.665371 0.571847
5 0.662267 0.547692 0.663656 0.551943
5 0.669199 0.546689 0.661603 0.550940
5 0.622357 0.567015 0.623747 0.571267
5 0.638197 0.567052 0.639586 0.571303
5 0.628893 0.546455 0.630282 0.550707
5 0.613669 0.547459 0.615059 0.551710
5 0.654337 0.567325 0.655726 0.571576
5 0.573957 0.528085 0.575346 0.532336
5 0.589796 0.528121 0.591186 0.532372
5 0.605936 0.528393 0.607326 0.532645
5 0.583105 0.550287 0.584494 0.554538
5 0.598601 0.549442 0.599990 0.553693
5 0.576371 0.571751 0.577761 0.576003
5 0.591867 0.570906 0.593256 0.575157
5 0.606935 0.568923 0.608325 0.573175
5 0.537879 0.592190 0.539269 0.596441
5 0.553375 0.592026 0.554764 0.596277
5 0.569011 0.591235 0.570400 0.595487
5 0.584433 0.590519 0.585823 0.594771
5 0.545714 0.611606 0.547103 0.615857
5 0.576846 0.610822 0.578235 0.615073
5 0.592381 0.611298 0.593771 0.615549
5 0.561210 0.611612 0.562599 0.615864
5 0.538560 0.632725 0.539950 0.636977
5 0.554056 0.632732 0.555446 0.636983
5 0.569352 0.631089 0.570741 0.635341
5 0.584887 0.631566 0.586277 0.635817
5 0.529818 0.572603 0.531207 0.576854
5 0.545313 0.572439 0.546702 0.576690
5 0.552186 0.551313 0.553575 0.555565
5 0.567682 0.551149 0.569071 0.555401
5 0.614961 0.589388 0.616350 0.593639
5 0.630383 0.587480 0.631772 0.591731
5 0.646222 0.587516 0.647612 0.591767
5 0.662362 0.587789 0.663752 0.592040
5 0.623521 0.610253 0.624910 0.614504
5 0.638943 0.608345 0.640332 0.612596
5 0.667484 0.607450 0.665033 0.611702
5 0.653452 0.525265 0.654842 0.529517
5 0.530775 0.612795 0.532164 0.617046
5 0.514961 0.614407 0.516350 0.618658
5 0.498860 0.615197 0.500250 0.619449
5 0.483086 0.615888 0.484476 0.620139
5 0.489855 0.593751 0.491244 0.598003
5 0.505955 0.592961 0.507345 0.597212
5 0.522605 0.593716 0.523994 0.597967
5 0.491381 0.635760 0.492770 0.640011
5 0.507155 0.635070 0.508545 0.639321
5 0.523256 0.634279 0.524645 0.638531
5 0.483358 0.656475 0.484747 0.660726
5 0.499132 0.655785 0.500521 0.660036
5 0.515232 0.654994 0.516622 0.659246
5 0.531458 0.654427 0.532848 0.658678
5 0.547348 0.653052 0.548738 0.657304
5 0.562644 0.651410 0.564033 0.655661
5 0.521175 0.552499 0.522564 0.556750
5 0.441830 0.596964 0.443219 0.601216
5 0.458269 0.595159 0.459658 0.599411
5 0.473453 0.593716 0.474842 0.597967
5 0.411505 0.597979 0.412894 0.602230
5 0.404064 0.619793 0.405453 0.624044
5 0.419826 0.617988 0.421216 0.622239
5 0.435349 0.618405 0.436738 0.622656
5 0.450736 0.617764 0.452125 0.622015
5 0.466836 0.616973 0.468226 0.621225
5 0.396736 0.639916 0.398126 0.644167
5 0.412160 0.639295 0.413550 0.643546
5 0.427232 0.637851 0.428621 0.642103
5 0.443408 0.637887 0.444798 0.642138
5 0.459509 0.637096 0.460898 0.641348
5 0.325896 0.621657 0.327285 0.625908
5 0.341036 0.621530 0.342426 0.625781
5 0.356435 0.620642 0.357824 0.624893
5 0.372568 0.619628 0.373957 0.623879
5 0.388668 0.618837 0.390057 0.623089
5 0.363518 0.599763 0.364908 0.604015
5 0.379651 0.598750 0.381041 0.603001
5 0.450115 0.576194 0.451504 0.580445
5 0.433982 0.577208 0.435371 0.581459
5 0.473105 0.554757 0.474495 0.559008
5 0.319060 0.642908 0.320450 0.647159
5 0.334326 0.642594 0.335715 0.646845
5 0.349724 0.641706 0.351113 0.645957
5 0.365732 0.640879 0.367122 0.645130
5 0.311604 0.664159 0.312993 0.668410
5 0.326993 0.662913 0.328383 0.667164
5 0.342392 0.662025 0.343781 0.666276
5 0.358400 0.661198 0.359790 0.665449
5 0.374118 0.660981 0.375508 0.665232
5 0.389791 0.659986 0.391180 0.664238
5 0.405360 0.659661 0.406749 0.663913
5 0.420666 0.658579 0.422056 0.662830
5 0.436394 0.657788 0.437783 0.662039
5 0.304148 0.670103 0.305537 0.659794
5 0.320158 0.669885 0.321548 0.660230
5 0.336178 0.669756 0.337567 0.660488
5 0.351565 0.669456 0.352955 0.661088
5 0.366911 0.669309 0.368300 0.661383
5 0.312723 0.675090 0.314112 0.649821
5 0.328733 0.674871 0.330122 0.650257
5 0.344753 0.674743 0.346142 0.650515
5 0.360140 0.674443 0.361530 0.651115
5 0.375485 0.674295 0.376875 0.651410
5 0.305515 0.680076 0.306904 0.639848
5 0.321525 0.679858 0.322915 0.640284
5 0.368277 0.679421 0.369667 0.641157
5 0.352932 0.679569 0.354322 0.640862
5 0.337421 0.679543 0.338810 0.640915
5 0.290105 0.680309 0.291494 0.639382
5 0.297561 0.675183 0.298950 0.649634
5 0.227595 0.680682 0.228984 0.638636
5 0.235051 0.675556 0.236440 0.648889
5 0.241638 0.670476 0.243027 0.659048
5 0.248721 0.665350 0.250111 0.669301
5 0.264111 0.663845 0.265500 0.668096
5 0.296015 0.664739 0.297404 0.668991
5 0.289180 0.670295 0.290569 0.659410
5 0.281870 0.675535 0.283259 0.648930
5 0.274538 0.680335 0.275927 0.639330
5 0.243502 0.680635 0.244891 0.638729
5 0.250213 0.675556 0.251602 0.648889
5 0.266099 0.675431 0.267488 0.649139
5 0.259015 0.680604 0.260405 0.638793
5 0.257648 0.670351 0.259038 0.659298
5 0.273295 0.670548 0.274685 0.658903
5 0.280006 0.665194 0.281395 0.669445
5 0.303720 0.644421 0.305109 0.648672
5 0.287711 0.644875 0.289100 0.649126
5 0.233311 0.665396 0.234701 0.669207
5 0.226228 0.670523 0.227617 0.658955
5 0.219641 0.675602 0.221030 0.648795
5 0.211991 0.680627 0.213380 0.638746
5 0.178238 0.670667 0.179627 0.658666
5 0.194417 0.670476 0.195807 0.659048
5 0.210428 0.670688 0.211818 0.658624
5 0.203506 0.675796 0.204895 0.648407
5 0.187446 0.675652 0.188835 0.648696
5 0.170881 0.676035 0.172271 0.647929
5 0.161602 0.670735 0.162991 0.658531
5 0.217608 0.665529 0.218997 0.668942
5 0.205060 0.685360 0.206449 0.629279
5 0.220944 0.685730 0.222333 0.628541
5 0.236781 0.685762 0.238170 0.628477
5 0.252295 0.685730 0.253684 0.628540
5 0.267817 0.685461 0.269206 0.629078
5 0.282965 0.685147 0.284354 0.629705
5 0.298375 0.684914 0.299764 0.630171
5 0.314385 0.684696 0.315775 0.630608
5 0.330281 0.684381 0.331670 0.631238
5 0.345792 0.684407 0.347182 0.631186
5 0.361138 0.684260 0.362527 0.631481
5 0.197694 0.690396 0.199083 0.619207
5 0.213209 0.690489 0.214598 0.619022
5 0.228751 0.690632 0.230140 0.618737
5 0.244117 0.690627 0.245506 0.618745
5 0.261115 0.690691 0.262504 0.618619
5 0.276262 0.690377 0.277652 0.619246
5 0.291673 0.690144 0.293062 0.619712
5 0.307683 0.689926 0.309072 0.620149
5 0.323578 0.689610 0.324968 0.620779
5 0.677077 0.503056 0.645846 0.507308
5 0.685018 0.543512 0.629964 0.547764
5 0.687116 0.564040 0.625768 0.568291
5 0.691086 0.562841 0.617827 0.567093
5 0.690937 0.521786 0.618127 0.526037
5 0.694782 0.521636 0.610435 0.525888
5 0.704547 0.497962 0.590906 0.502213
5 0.696730 0.500359 0.606539 0.504611
5 0.700626 0.497063 0.598748 0.501314
5 0.692934 0.542014 0.614131 0.546265
5 0.631757 0.628940 0.633146 0.633191
5 0.706312 0.475998 0.587377 0.480250
5 0.710232 0.475033 0.579535 0.479285
5 0.708269 0.454188 0.583462 0.458440
5 0.712308 0.451019 0.575384 0.455271
5 0.714333 0.471305 0.571333 0.475556
5 0.713706 0.425854 0.572588 0.430105
5 0.711523 0.392609 0.576954 0.396860
5 0.715994 0.446758 0.568013 0.451009
5 0.718113 0.468921 0.563773 0.473172
5 0.712184 0.496693 0.575631 0.500944
5 0.716243 0.495861 0.567513 0.500112
5 0.720296 0.494232 0.559408 0.498483
5 0.706413 0.519360 0.587175 0.523611
5 0.710388 0.518402 0.579224 0.522653
5 0.732089 0.494232 0.535822 0.498483
5 0.728213 0.492403 0.543573 0.496654
5 0.724287 0.494166 0.551425 0.498417
5 0.720319 0.536726 0.559361 0.540978
5 0.724246 0.536559 0.551509 0.540811
5 0.730205 0.513251 0.539591 0.517503
5 0.722292 0.514382 0.555415 0.518633
5 0.726218 0.514215 0.547563 0.518466
5 0.722159 0.472487 0.555681 0.476738
5 0.722226 0.424739 0.555548 0.428990
5 0.732267 0.448413 0.535465 0.452665
5 0.728344 0.447349 0.543312 0.451601
5 0.719743 0.445088 0.560514 0.449339
5 0.726327 0.469028 0.547347 0.473280
5 0.742038 0.513451 0.515924 0.517703
5 0.737950 0.513022 0.524099 0.517274
5 0.736041 0.493548 0.527918 0.497800
5 0.739959 0.491559 0.520082 0.495810
5 0.734047 0.514040 0.531906 0.518292
5 0.732220 0.536289 0.535560 0.540540
5 0.736232 0.535678 0.527536 0.539930
5 0.747924 0.490635 0.504151 0.494887
5 0.744015 0.490115 0.511971 0.494366
5 0.746144 0.512310 0.507711 0.516561
5 0.745839 0.468710 0.508321 0.472961
5 0.748229 0.534504 0.503541 0.538755
5 0.398252 0.668876 0.399641 0.662248
5 0.413820 0.668795 0.415210 0.662410
5 0.429127 0.668524 0.430516 0.662952
5 0.444855 0.668327 0.446244 0.663347
5 0.461079 0.668368 0.462468 0.663264
4 0.677872 0.379261 0.644255 0.382102