5 0.363193 0.130010 0.364985 0.260021
5 0.379630 0.130184 0.381422 0.260368
5 0.395674 0.130554 0.397466 0.261108
5 0.412006 0.131534 0.413798 0.263068
5 0.460905 0.133810 0.462697 0.267619
5 0.346562 0.130039 0.348354 0.260078
5 0.370958 0.146990 0.372750 0.293981
5 0.281871 0.127268 0.283663 0.254535
5 0.297915 0.126922 0.299706 0.253843
5 0.256920 0.142074 0.258711 0.284149
5 0.240252 0.141771 0.242044 0.283543
5 0.273538 0.143479 0.275330 0.286958
5 0.290269 0.143065 0.292061 0.286130
5 0.306362 0.144662 0.308154 0.289323
5 0.322406 0.145031 0.324198 0.290063
5 0.248531 0.157941 0.250323 0.315882
5 0.265198 0.158244 0.266990 0.316488
5 0.281817 0.159649 0.283609 0.319297
5 0.298203 0.159493 0.299995 0.318986
5 0.314641 0.160831 0.316433 0.321662
5 0.330685 0.161201 0.332477 0.322402
5 0.362420 0.162624 0.364212 0.325247
5 0.346376 0.162254 0.348168 0.324508
5 0.214522 0.126313 0.216313 0.252626
5 0.231520 0.126206 0.233312 0.252411
5 0.205888 0.141175 0.207680 0.282349
5 0.214909 0.156509 0.216701 0.313018
5 0.231577 0.156812 0.233369 0.313624
5 0.223394 0.172975 0.225186 0.345950
5 0.240168 0.173039 0.241960 0.346079
5 0.256909 0.173691 0.258702 0.347382
5 0.273365 0.175068 0.275157 0.350136
5 0.289880 0.175373 0.291672 0.350746
5 0.306370 0.176317 0.308162 0.352634
5 0.322808 0.177655 0.324599 0.355310
5 0.198788 0.188009 0.200580 0.376018
5 0.215561 0.188074 0.217353 0.376148
5 0.232303 0.188725 0.234095 0.377450
5 0.265590 0.189717 0.267382 0.379434
5 0.281870 0.190993 0.283662 0.381987
5 0.241195 0.205348 0.242987 0.410696
5 0.257475 0.205550 0.259267 0.411101
5 0.241301 0.235874 0.243094 0.471748
5 0.274229 0.238156 0.276021 0.476312
5 0.257792 0.236818 0.259583 0.473636
5 0.233438 0.251998 0.235230 0.503996
5 0.249928 0.252942 0.251719 0.505884
5 0.282473 0.255136 0.284266 0.510273
5 0.347794 0.194350 0.349586 0.388700