6 0.159695 0.307456 0.319390 0.306348
5 0.410847 0.349986 0.821694 0.342005
5 0.398205 0.349332 0.796410 0.341352
5 0.373253 0.349102 0.746507 0.341121
5 0.385672 0.349550 0.771343 0.341569
5 0.361013 0.349719 0.722025 0.341739
5 0.323219 0.348702 0.646438 0.340722
5 0.335571 0.349150 0.671141 0.341170
5 0.348504 0.349065 0.697007 0.341085
5 0.391742 0.371318 0.783485 0.363337
5 0.367124 0.371354 0.734248 0.363374
5 0.354550 0.371705 0.709100 0.363725
5 0.341841 0.371584 0.683683 0.363604
5 0.385746 0.393037 0.771492 0.385057
5 0.360662 0.393606 0.721323 0.385626
5 0.423855 0.349598 0.847710 0.341618
5 0.430251 0.328146 0.860501 0.320165
5 0.417526 0.371318 0.835051 0.363337
5 0.417392 0.327746 0.834785 0.319765
5 0.404385 0.328133 0.808769 0.320153
5 0.391742 0.327479 0.783485 0.319499
5 0.379209 0.327697 0.758418 0.319717
5 0.366791 0.327249 0.733582 0.319269
5 0.354550 0.327867 0.709100 0.319886
5 0.297976 0.393020 0.595952 0.385040
5 0.310685 0.393141 0.621369 0.385161
5 0.323259 0.392790 0.646517 0.384810
5 0.329388 0.370538 0.658776 0.362557
5 0.316792 0.370729 0.633584 0.362749
5 0.304141 0.370359 0.608283 0.362379
5 0.310404 0.349010 0.620808 0.341029
5 0.316831 0.326982 0.633662 0.319002
5 0.504269 0.349908 0.991463 0.341928
5 0.500000 0.350295 1.000000 0.342315
5 0.488490 0.349641 0.976980 0.341661
5 0.475957 0.350002 0.951913 0.342022
5 0.463040 0.349411 0.926079 0.341431
5 0.450300 0.350029 0.900600 0.342048
5 0.436936 0.349232 0.873872 0.341252
5 0.506477 0.327107 0.987045 0.319126
5 0.502260 0.328349 0.995480 0.320369
5 0.495401 0.327980 0.990803 0.320000
5 0.469453 0.328178 0.938905 0.320197
5 0.456499 0.327798 0.912998 0.319817
5 0.443349 0.327999 0.886698 0.320018
5 0.482321 0.327352 0.964642 0.319371
5 0.502036 0.371427 0.995928 0.363446
5 0.494434 0.371814 0.988868 0.363834
5 0.468974 0.372091 0.937947 0.364110
5 0.456057 0.371500 0.912114 0.363520
5 0.443317 0.372118 0.886634 0.364137
5 0.527529 0.370961 0.944943 0.362981
5 0.523260 0.370402 0.953480 0.362422
5 0.519001 0.370560 0.961998 0.362579
5 0.514846 0.370920 0.970308 0.362940
5 0.510585 0.371546 0.978829 0.363566
5 0.508524 0.349045 0.982951 0.341064
5 0.512681 0.349779 0.974638 0.341799
5 0.516941 0.349153 0.966117 0.341172
5 0.525356 0.348635 0.949288 0.340655
5 0.529624 0.349194 0.940752 0.341214
5 0.521097 0.348792 0.957807 0.340812
5 0.531810 0.370691 0.936380 0.362710
5 0.534108 0.348653 0.931783 0.340673
5 0.529602 0.393540 0.940797 0.385559
5 0.521052 0.393251 0.957896 0.385271
5 0.512638 0.393769 0.974725 0.385788
5 0.557383 0.368933 0.885234 0.360953
5 0.553160 0.368501 0.893680 0.360520
5 0.548921 0.368820 0.902158 0.360840
5 0.544691 0.368978 0.910618 0.360997
5 0.540390 0.369338 0.919221 0.361358
5 0.536129 0.369964 0.927742 0.361984
5 0.555186 0.391606 0.889628 0.383626
5 0.550963 0.391174 0.898074 0.383193
5 0.546724 0.391493 0.906552 0.383513
5 0.538339 0.392187 0.923322 0.384206
5 0.534020 0.392110 0.931960 0.384130
5 0.559638 0.346963 0.880723 0.338983
5 0.555416 0.346531 0.889169 0.338550
5 0.551177 0.346850 0.897647 0.338870
5 0.546947 0.347008 0.906106 0.339027
5 0.542645 0.347368 0.914710 0.339388
5 0.538385 0.347995 0.923231 0.340014
5 0.552922 0.414069 0.894156 0.406088
5 0.548699 0.413636 0.902601 0.405655
5 0.544523 0.413956 0.910955 0.405975
5 0.540293 0.414113 0.919414 0.406133
5 0.535950 0.414598 0.928101 0.406618
5 0.531648 0.415224 0.936705 0.407244
5 0.557252 0.413593 0.885496 0.405613
5 0.561713 0.368458 0.876575 0.360478
5 0.559516 0.391131 0.880969 0.383151
5 0.563968 0.346488 0.872063 0.338508
5 0.555034 0.435929 0.889931 0.427949
5 0.550784 0.436246 0.898433 0.428265
5 0.542226 0.436291 0.915548 0.428311
5 0.537996 0.436449 0.924008 0.428468
5 0.535593 0.459418 0.928813 0.451438
5 0.544396 0.458307 0.911208 0.450327
5 0.561080 0.458423 0.877839 0.450443
5 0.556830 0.458740 0.886341 0.450760
5 0.567395 0.481117 0.865210 0.473137
5 0.565427 0.458912 0.869147 0.450931
5 0.563144 0.481434 0.873711 0.473454
5 0.574035 0.459213 0.851930 0.451233
5 0.571952 0.436835 0.856096 0.428855
5 0.576116 0.436854 0.847767 0.428873
5 0.574150 0.414025 0.851700 0.406044
5 0.569825 0.414586 0.860351 0.406606
5 0.565696 0.413725 0.868608 0.405745
5 0.563563 0.391527 0.872874 0.383547
5 0.561366 0.414200 0.877268 0.406220
5 0.563432 0.436187 0.873135 0.428207
5 0.567904 0.391700 0.864192 0.383719
5 0.565996 0.368803 0.868008 0.360823
5 0.574305 0.370010 0.851389 0.362030
5 0.572333 0.347695 0.855333 0.339715
5 0.568003 0.348171 0.863993 0.340190
5 0.570078 0.369665 0.859845 0.361685
5 0.580335 0.436467 0.839329 0.428487
5 0.578369 0.414218 0.843261 0.406238
5 0.576244 0.392575 0.847513 0.384594
5 0.578210 0.458883 0.843580 0.450903
5 0.582429 0.458497 0.835142 0.450517
5 0.584426 0.480913 0.831148 0.472933
5 0.580174 0.481300 0.839651 0.473319
5 0.577803 0.503659 0.844393 0.495679
5 0.582107 0.503523 0.835786 0.495542
5 0.586616 0.502750 0.826768 0.494769
5 0.573713 0.503273 0.852574 0.495292
5 0.584233 0.525552 0.831535 0.517572
5 0.579897 0.525495 0.840206 0.517515
5 0.586777 0.458110 0.826446 0.450130
5 0.589257 0.436081 0.821486 0.428100
5 0.591350 0.458497 0.817299 0.450517
5 0.588935 0.481106 0.822130 0.473126
5 0.589642 0.391415 0.820716 0.383435
5 0.591769 0.413278 0.816462 0.405298
5 0.593862 0.435308 0.812275 0.427327
5 0.582878 0.370545 0.834243 0.362565
5 0.585006 0.392408 0.829989 0.384427
5 0.576578 0.347399 0.846845 0.339419
5 0.596397 0.413112 0.807207 0.405131
5 0.598490 0.435142 0.803020 0.427161
5 0.595807 0.501744 0.808385 0.493764
5 0.591298 0.502517 0.817403 0.494537
5 0.579477 0.569535 0.841045 0.561555
5 0.577384 0.547699 0.845232 0.539718
5 0.597032 0.610752 0.805937 0.602771
5 0.592523 0.611525 0.814955 0.603544
5 0.588219 0.611661 0.823562 0.603681
5 0.592942 0.567761 0.814116 0.559780
5 0.595541 0.545488 0.808919 0.537508
5 0.591032 0.545295 0.817937 0.537315
5 0.593418 0.524380 0.813164 0.516399
5 0.569891 0.545488 0.860219 0.537508
5 0.233727 0.348053 0.467454 0.340072
5 0.246542 0.347745 0.493084 0.339765
5 0.259372 0.347646 0.518744 0.339666
5 0.253053 0.370674 0.506105 0.362694
5 0.240183 0.371003 0.480367 0.363022
5 0.227122 0.370769 0.454245 0.362789
5 0.259614 0.393367 0.519229 0.385387
5 0.220886 0.347407 0.441772 0.339427
5 0.226887 0.324694 0.453774 0.316713
5 0.142911 0.347857 0.285821 0.339877
5 0.155752 0.348503 0.311503 0.340522
5 0.168567 0.348195 0.337133 0.340215
5 0.182065 0.348097 0.364129 0.340116
5 0.136898 0.371072 0.273797 0.363092
5 0.149739 0.371717 0.299478 0.363737
5 0.162554 0.371410 0.325109 0.363429
5 0.176052 0.371311 0.352104 0.363331
5 0.169288 0.393357 0.338577 0.385376
5 0.162190 0.326218 0.324381 0.318238
5 0.188190 0.371076 0.376381 0.363095
5 0.176249 0.416336 0.352498 0.408355
5 0.137798 0.416977 0.275596 0.408997
5 0.150613 0.416670 0.301226 0.408689
5 0.130333 0.348993 0.260665 0.341013
5 0.594210 0.671257 0.811581 0.657487
5 0.592084 0.655017 0.815832 0.647036
5 0.590029 0.633161 0.819942 0.625181
5 0.598892 0.671027 0.802215 0.657946
5 0.591761 0.676811 0.816477 0.646377
5 0.589680 0.671349 0.820640 0.657303
5 0.583537 0.611845 0.832927 0.603864
5 0.583934 0.568508 0.832131 0.560528
5 0.303951 0.325637 0.607902 0.317656
5 0.297524 0.347664 0.595048 0.339683
5 0.291261 0.369014 0.582523 0.361033
5 0.285096 0.391674 0.570192 0.383694
5 0.278560 0.413205 0.557120 0.405225
5 0.272216 0.436081 0.544432 0.428101
5 0.284266 0.391452 0.568531 0.383471
5 0.149062 0.326282 0.298124 0.318302
5 0.136038 0.327240 0.272077 0.319259
5 0.187949 0.325808 0.375897 0.317828
5 0.175342 0.325372 0.350685 0.317392
5 0.194814 0.348097 0.389627 0.340116