6 0.070994 0.188990 0.072262 0.377979
5 0.745464 0.128321 0.509071 0.256642
5 0.747437 0.145128 0.505126 0.290255
5 0.346544 0.127367 0.351861 0.254733
5 0.363223 0.127695 0.368540 0.255390
5 0.262791 0.125127 0.268108 0.250255
5 0.279201 0.125332 0.284518 0.250665
5 0.296374 0.125772 0.301692 0.251545
5 0.313173 0.126566 0.318490 0.253132
5 0.329906 0.126705 0.335223 0.253409
5 0.321460 0.143263 0.326777 0.286526
5 0.304661 0.142470 0.309978 0.284939
5 0.338192 0.143402 0.343510 0.286803
5 0.354831 0.144064 0.360148 0.288127
5 0.371510 0.144392 0.376827 0.288785
5 0.295756 0.158749 0.301073 0.317499
5 0.329287 0.159681 0.334604 0.319363
5 0.313035 0.159002 0.318353 0.318004
5 0.362885 0.160843 0.368202 0.321685
5 0.379564 0.161171 0.384881 0.322343
5 0.446660 0.130114 0.451978 0.260228
5 0.463384 0.130982 0.468701 0.261964
5 0.480447 0.131260 0.485764 0.262520
5 0.497420 0.132269 0.502738 0.264538
5 0.496921 0.164868 0.502238 0.329736
5 0.446535 0.163275 0.451853 0.326550
5 0.479822 0.164421 0.485140 0.328843
5 0.463259 0.164143 0.468576 0.328287
5 0.488927 0.148287 0.494244 0.296575
5 0.471829 0.147279 0.477146 0.294557
5 0.454891 0.146860 0.460208 0.293720
5 0.438167 0.145992 0.443484 0.291984
5 0.421618 0.145733 0.426936 0.291466
5 0.413049 0.162036 0.418366 0.324071
5 0.396575 0.161589 0.401892 0.323178
5 0.287705 0.175377 0.293022 0.350754
5 0.321236 0.176309 0.326553 0.352619
5 0.304504 0.175224 0.309821 0.350449
5 0.279173 0.191329 0.284490 0.382658
5 0.295972 0.191176 0.301289 0.382353
5 0.312704 0.192261 0.318022 0.384523
5 0.271247 0.174958 0.276564 0.349915
5 0.254515 0.173873 0.259832 0.347745
5 0.246728 0.157397 0.252046 0.314795
5 0.362714 0.193837 0.368031 0.387675
5 0.345981 0.192752 0.351299 0.385505
5 0.329183 0.192905 0.334500 0.385810
5 0.337714 0.176165 0.343032 0.352330
5 0.379944 0.193837 0.385261 0.387675
5 0.354945 0.176953 0.360262 0.353906
5 0.437904 0.179419 0.443221 0.358839
5 0.454467 0.179697 0.459785 0.359395
5 0.421180 0.178551 0.426498 0.357102