5 0.724669 0.132161 0.550663 0.264323
5 0.728101 0.135062 0.543797 0.270123
5 0.712753 0.134766 0.574495 0.269531
5 0.709004 0.136068 0.581992 0.272135
5 0.704585 0.135831 0.590830 0.271662
5 0.702849 0.156487 0.594302 0.312973
5 0.692945 0.136127 0.614110 0.272254
5 0.684975 0.136186 0.630051 0.272372
5 0.691485 0.149680 0.617030 0.299361
5 0.681700 0.138968 0.636600 0.277936
5 0.671441 0.153527 0.657118 0.307055
5 0.668205 0.153350 0.663589 0.306700
5 0.670021 0.138731 0.659959 0.277462
5 0.673808 0.140803 0.652383 0.281605
5 0.677083 0.140152 0.645833 0.280303
5 0.643466 0.155244 0.644729 0.310488
5 0.627683 0.156428 0.631944 0.312855
5 0.621528 0.173591 0.624053 0.347183
5 0.605271 0.170277 0.606061 0.340554
5 0.589726 0.171520 0.591304 0.343040
5 0.614268 0.157375 0.617898 0.314749
5 0.603693 0.139678 0.604482 0.279356
5 0.581913 0.155481 0.583176 0.310961
5 0.555713 0.140270 0.560606 0.280540
5 0.553662 0.159268 0.559659 0.318537
5 0.571181 0.158854 0.577494 0.317708
5 0.544508 0.171461 0.546086 0.342921
5 0.551294 0.184600 0.551926 0.369200
5 0.558554 0.170632 0.559975 0.341264
5 0.158933 0.230883 0.159564 0.461766
5 0.191761 0.236387 0.196023 0.472775
5 0.207229 0.202178 0.208333 0.404356
5 0.221591 0.172763 0.222696 0.345526
5 0.214646 0.188210 0.216856 0.376420
5 0.228693 0.184363 0.229482 0.368726
5 0.243213 0.207209 0.250000 0.414418
5 0.230239 0.218504 0.231501 0.437008
5 0.215278 0.250592 0.217487 0.501184
5 0.198616 0.252768 0.209349 0.505536
5 0.208807 0.266868 0.211963 0.533736
5 0.193182 0.266986 0.194287 0.533973
5 0.169508 0.251361 0.171244 0.502723
5 0.141256 0.202711 0.142992 0.405421
5 0.137784 0.223366 0.144255 0.446733
5 0.158775 0.201409 0.161143 0.402817
5 0.148359 0.183830 0.149306 0.367661
5 0.166667 0.218987 0.169350 0.437973
5 0.152146 0.219519 0.155303 0.439039
5 0.190814 0.222597 0.194760 0.445194
5 0.189710 0.200107 0.190025 0.400213
5 0.137626 0.277285 0.138100 0.554569
5 0.146938 0.267282 0.149463 0.534564
5 0.154198 0.279830 0.155461 0.559659
5 0.187500 0.282315 0.190341 0.564631
5 0.458807 0.159268 0.461174 0.318537
5 0.443182 0.157315 0.444602 0.314631
5 0.315647 0.176236 0.321487 0.352473
5 0.321181 0.158262 0.322285 0.316525
5 0.273832 0.158262 0.275410 0.316525