6 0.167077 0.295276 0.160187 0.294537
5 0.692434 0.391724 0.615131 0.389440
5 0.688246 0.391135 0.623508 0.388851
5 0.686348 0.368950 0.627303 0.366666
5 0.690537 0.369539 0.618927 0.367255
5 0.698521 0.369146 0.602959 0.366863
5 0.694463 0.369343 0.611074 0.367059
5 0.696328 0.391331 0.607344 0.389048
5 0.700418 0.391331 0.599163 0.389048
5 0.686217 0.412535 0.627565 0.410251
5 0.690406 0.413124 0.619189 0.410840
5 0.694300 0.412731 0.611401 0.410447
5 0.698390 0.412731 0.603221 0.410447
5 0.675943 0.434131 0.648114 0.431847
5 0.680099 0.433738 0.639803 0.431454
5 0.684123 0.433738 0.631753 0.431454
5 0.688213 0.433738 0.623573 0.431454
5 0.677939 0.455138 0.644122 0.452854
5 0.686119 0.454745 0.627762 0.452461
5 0.678135 0.412142 0.643729 0.409858
5 0.673947 0.366202 0.652106 0.363918
5 0.678135 0.366791 0.643729 0.364507
5 0.680295 0.390350 0.639410 0.388066
5 0.682291 0.412142 0.635418 0.409858
5 0.676107 0.389761 0.647787 0.387477
5 0.682193 0.367183 0.635615 0.364900
5 0.684352 0.390742 0.631295 0.388459
5 0.676057 0.342788 0.647886 0.340504
5 0.680328 0.343820 0.639345 0.341537
5 0.684483 0.345587 0.631034 0.343304
5 0.688573 0.346569 0.622853 0.344285
5 0.671918 0.340679 0.656163 0.338395
5 0.669955 0.319083 0.660090 0.316799
5 0.674078 0.319083 0.651844 0.316799
5 0.678397 0.320850 0.643206 0.318566
5 0.682553 0.322617 0.634895 0.320333
5 0.686610 0.322617 0.626780 0.320333
5 0.690798 0.323402 0.618403 0.321119
5 0.692500 0.348336 0.615000 0.346052
5 0.696786 0.347158 0.606427 0.344874
5 0.701073 0.346176 0.597854 0.343893
5 0.694823 0.324777 0.610354 0.322493
5 0.699077 0.324384 0.601846 0.322100
5 0.703396 0.324973 0.593208 0.322689
5 0.708010 0.325169 0.583981 0.322886
5 0.705556 0.346569 0.588889 0.344285
5 0.710300 0.370521 0.579400 0.368237
5 0.702742 0.368557 0.594517 0.366274
5 0.704574 0.390939 0.590852 0.388655
5 0.712329 0.389761 0.575342 0.387477
5 0.714358 0.412927 0.571285 0.410644
5 0.710267 0.412927 0.579465 0.410644
5 0.708402 0.434720 0.583195 0.432436
5 0.704279 0.434720 0.591441 0.432436
5 0.700189 0.434720 0.599621 0.432436
5 0.696296 0.435112 0.607409 0.432829
5 0.712362 0.434131 0.575277 0.431847
5 0.694169 0.456708 0.611663 0.454425
5 0.698095 0.456316 0.603810 0.454032
5 0.702185 0.456316 0.595629 0.454032
5 0.706308 0.456708 0.587384 0.454425
5 0.710267 0.456119 0.579465 0.453836
5 0.642615 0.340039 0.647339 0.337755
5 0.650446 0.364068 0.655170 0.361784
5 0.659369 0.388267 0.664093 0.385984
5 0.665690 0.411502 0.668620 0.409218
5 0.669845 0.411502 0.660309 0.409218
5 0.673772 0.411895 0.652456 0.409611
5 0.671907 0.389249 0.656186 0.386965
5 0.667882 0.343180 0.664236 0.340897
5 0.659027 0.341081 0.663751 0.338797
5 0.667849 0.388856 0.664301 0.386573
5 0.669676 0.365050 0.660648 0.362766
5 0.665619 0.364657 0.668762 0.362373
5 0.659661 0.433690 0.664385 0.431407
5 0.667890 0.433690 0.664220 0.431407
5 0.671816 0.434083 0.656367 0.431799
5 0.600522 0.361508 0.605246 0.359224
5 0.617275 0.362097 0.621999 0.359813
5 0.633895 0.362392 0.638618 0.360108
5 0.626004 0.340036 0.630728 0.337752
5 0.609104 0.338521 0.613828 0.336237
5 0.634892 0.317612 0.639616 0.315328
5 0.651575 0.317056 0.656299 0.314772
5 0.665816 0.318098 0.668368 0.315814
5 0.599765 0.316958 0.604489 0.314675
5 0.617801 0.317611 0.622524 0.315327
5 0.584508 0.361367 0.589232 0.359083
5 0.593533 0.384252 0.598257 0.381969
5 0.609547 0.384394 0.614270 0.382110
5 0.625780 0.384204 0.630504 0.381920
5 0.642919 0.387226 0.647643 0.384942
4 0.266240 0.292323 0.260335 0.288632
5 0.576826 0.384012 0.581550 0.381728
5 0.569165 0.408748 0.573889 0.406464
5 0.585352 0.408794 0.590076 0.406510
5 0.601301 0.408643 0.606025 0.406359
5 0.618119 0.410011 0.622843 0.407727
5 0.634544 0.410404 0.639268 0.408120
5 0.650993 0.411445 0.655717 0.409162
5 0.552739 0.406021 0.557463 0.403738
5 0.545145 0.430914 0.549869 0.428631
5 0.560944 0.430350 0.565668 0.428066
5 0.576739 0.432982 0.581463 0.430698
5 0.592767 0.431420 0.597490 0.429137
5 0.609585 0.432788 0.614309 0.430505
5 0.626009 0.433181 0.630733 0.430897
5 0.642459 0.434223 0.647183 0.431939
5 0.503626 0.404533 0.508350 0.402249
5 0.520746 0.407111 0.525470 0.404827
5 0.537330 0.407008 0.542054 0.404724
5 0.480111 0.428345 0.484835 0.426062
5 0.496834 0.429882 0.501558 0.427598
5 0.513418 0.429779 0.518142 0.427495
5 0.529621 0.430429 0.534345 0.428145
5 0.471946 0.452179 0.476669 0.449896
5 0.489000 0.452722 0.493724 0.450439
5 0.505584 0.452619 0.510308 0.450336
5 0.521787 0.453270 0.526511 0.450986
5 0.537311 0.453755 0.542035 0.451472
5 0.553661 0.454018 0.558385 0.451735
5 0.568905 0.454002 0.573629 0.451718
5 0.584932 0.454261 0.589656 0.451978
5 0.633864 0.455469 0.638588 0.453185
5 0.650125 0.455375 0.654849 0.453091
5 0.665543 0.454984 0.668914 0.452701
5 0.669546 0.454984 0.660908 0.452701
5 0.608974 0.476195 0.613698 0.473911
5 0.625234 0.476101 0.629958 0.473817
5 0.673668 0.537890 0.652664 0.535606
5 0.675749 0.518147 0.648502 0.515863
5 0.677961 0.496906 0.644078 0.494622
5 0.671652 0.518066 0.656695 0.515782
5 0.657733 0.517963 0.662457 0.515679
5 0.633521 0.496551 0.638245 0.494267
5 0.734805 0.414256 0.530391 0.411973
5 0.730676 0.414237 0.538647 0.411953
5 0.726554 0.414237 0.546893 0.411953
5 0.722463 0.414237 0.555073 0.411953
5 0.718502 0.414021 0.562996 0.411738
5 0.720462 0.435518 0.559075 0.433234
5 0.724525 0.435734 0.550950 0.433450
5 0.730542 0.457839 0.538916 0.455555
5 0.734665 0.458244 0.530670 0.455961
5 0.738793 0.458264 0.522414 0.455980
5 0.720334 0.477510 0.559331 0.475227
5 0.736833 0.436361 0.526335 0.434078
5 0.728582 0.435936 0.542837 0.433653
5 0.732637 0.436950 0.534726 0.434667
5 0.736694 0.479335 0.526613 0.477052
5 0.740816 0.479741 0.518367 0.477457
5 0.744978 0.480166 0.510043 0.477882
5 0.742883 0.459075 0.514234 0.456791
5 0.744945 0.438389 0.510111 0.436106
5 0.737035 0.392557 0.525929 0.390273
5 0.732907 0.392132 0.534186 0.389848
5 0.728784 0.392132 0.542431 0.389848
5 0.720605 0.391321 0.558790 0.389037
5 0.718367 0.367783 0.563266 0.365499
5 0.720740 0.346705 0.558521 0.344421
5 0.725578 0.346580 0.548844 0.346580
5 0.725088 0.347158 0.549823 0.344874
5 0.747078 0.417109 0.505844 0.414826
5 0.742920 0.415307 0.514160 0.413023
5 0.738886 0.413167 0.522227 0.410883
5 0.744882 0.393732 0.510237 0.391448
5 0.374088 0.450887 0.378812 0.448603
5 0.389919 0.451246 0.394643 0.448962
5 0.406013 0.450041 0.410737 0.447758
5 0.438719 0.452279 0.443443 0.449995
5 0.455437 0.452542 0.460161 0.450258
5 0.421604 0.451243 0.426328 0.448959
5 0.366498 0.472555 0.371222 0.470271
5 0.382329 0.472914 0.387053 0.470631
5 0.398056 0.473362 0.402780 0.471079
5 0.414871 0.472911 0.419595 0.470627
5 0.430394 0.473580 0.435118 0.471296
5 0.447112 0.473843 0.451836 0.471559
5 0.463884 0.430139 0.468608 0.427856
5 0.447166 0.429876 0.451890 0.427593
5 0.430051 0.428840 0.434775 0.426556
5 0.414460 0.427639 0.419184 0.425355
5 0.453601 0.407002 0.458324 0.404718
5 0.436760 0.405821 0.441484 0.403537
5 0.349578 0.473546 0.354302 0.471262
5 0.357780 0.450959 0.362504 0.448676
5 0.366227 0.428557 0.370951 0.426273
5 0.341865 0.494480 0.346589 0.492196
5 0.374616 0.493848 0.379340 0.491564
5 0.390343 0.494296 0.395067 0.492012
5 0.407158 0.493845 0.411882 0.491561
5 0.422682 0.494514 0.427406 0.492230
5 0.358419 0.494590 0.363143 0.492307
5 0.463639 0.474210 0.468363 0.471927
5 0.480148 0.473848 0.484872 0.471564
5 0.497202 0.474391 0.501926 0.472107
5 0.513786 0.474288 0.518510 0.472004
5 0.471841 0.495144 0.476565 0.492860
5 0.488350 0.494781 0.493074 0.492498
5 0.505404 0.495324 0.510128 0.493041
5 0.455804 0.496246 0.460528 0.493962
5 0.349945 0.516148 0.354669 0.513864
5 0.366498 0.516259 0.371222 0.513975
5 0.382696 0.515516 0.387420 0.513233
5 0.398423 0.515964 0.403147 0.513680
5 0.415238 0.515513 0.419962 0.513229
5 0.430762 0.516182 0.435486 0.513898
5 0.446990 0.516629 0.451714 0.514345
5 0.463027 0.515527 0.467751 0.513243
5 0.390458 0.537086 0.395182 0.534802
5 0.374731 0.536638 0.379455 0.534354
5 0.358533 0.537380 0.363257 0.535097
5 0.341980 0.536839 0.346704 0.534555
5 0.407273 0.536634 0.411997 0.534351
5 0.422797 0.537303 0.427521 0.535020
5 0.334512 0.557088 0.339236 0.554805
5 0.350778 0.556768 0.355502 0.554485
5 0.367359 0.557462 0.372083 0.555179
5 0.383086 0.557910 0.387810 0.555626
5 0.399039 0.557459 0.403763 0.555175
5 0.326852 0.577482 0.331576 0.575198
5 0.343119 0.577162 0.347842 0.574878
5 0.359412 0.577856 0.364136 0.575572
5 0.375426 0.578304 0.380150 0.576020
5 0.391379 0.577852 0.396103 0.575569
5 0.310933 0.577327 0.315656 0.575043
5 0.294666 0.577647 0.299390 0.575363
5 0.302326 0.557253 0.307050 0.554970
5 0.309794 0.536015 0.314518 0.533731
5 0.317649 0.515159 0.322373 0.512875
5 0.325798 0.536392 0.330522 0.534108
5 0.318592 0.556933 0.323316 0.554650
5 0.334366 0.515136 0.339090 0.512852
5 0.325998 0.494068 0.330722 0.491784
5 0.294141 0.493409 0.298865 0.491125
5 0.285793 0.514665 0.290517 0.512381
5 0.277938 0.535850 0.282662 0.533566
5 0.269481 0.557912 0.274205 0.555629
5 0.261821 0.578306 0.266545 0.576022
5 0.278088 0.577986 0.282811 0.575702
5 0.293942 0.536227 0.298666 0.533943
5 0.301521 0.515795 0.306245 0.513511
5 0.310119 0.494315 0.314843 0.492031
5 0.285747 0.557592 0.290471 0.555309
5 0.301831 0.473142 0.306555 0.470858
5 0.317918 0.472235 0.322642 0.469951
5 0.333468 0.471988 0.338192 0.469705
5 0.253282 0.469704 0.258006 0.467420
5 0.269255 0.472029 0.273979 0.469745
5 0.284805 0.471782 0.289529 0.469498
5 0.277335 0.493862 0.282059 0.491578
5 0.270234 0.515123 0.274958 0.512839
5 0.261925 0.536319 0.266649 0.534035
5 0.253663 0.557047 0.258387 0.554763
5 0.246004 0.577441 0.250728 0.575157
5 0.229425 0.577780 0.234149 0.575496
5 0.213952 0.576739 0.218676 0.574455
5 0.221385 0.556515 0.226109 0.554232
5 0.229275 0.535644 0.233999 0.533360
5 0.237470 0.514629 0.242194 0.512345
5 0.245706 0.493033 0.250429 0.490749
5 0.261456 0.494109 0.266180 0.491825
5 0.253993 0.515248 0.258717 0.512965
5 0.245846 0.536021 0.250570 0.533737
5 0.237992 0.556706 0.242715 0.554422
5 0.229037 0.492692 0.233761 0.490409
5 0.220802 0.514289 0.225525 0.512005
5 0.212606 0.535303 0.217330 0.533020
5 0.204716 0.556175 0.209440 0.553892
5 0.197284 0.576399 0.202008 0.574115
5 0.261219 0.449123 0.265943 0.446839
5 0.189291 0.597087 0.194014 0.594803
5 0.205959 0.597427 0.210683 0.595143
5 0.221432 0.598468 0.226156 0.596184
5 0.238011 0.598129 0.242735 0.595845
5 0.253828 0.598994 0.258552 0.596710
5 0.270094 0.598674 0.274818 0.596390
5 0.286673 0.598335 0.291397 0.596051
5 0.311113 0.620056 0.315836 0.617773
5 0.318859 0.598170 0.323583 0.595886
5 0.351419 0.598544 0.356143 0.596260
5 0.294831 0.619729 0.299555 0.617445
5 0.383386 0.598540 0.388110 0.596257
5 0.335125 0.597850 0.339849 0.595566
5 0.162577 0.532505 0.167301 0.530221
5 0.171899 0.554536 0.176623 0.552252
5 0.196284 0.533222 0.201007 0.530938
5 0.204430 0.512450 0.209154 0.510166
5 0.211894 0.491310 0.216618 0.489026
5 0.154181 0.551747 0.158905 0.549463
5 0.188587 0.555962 0.193311 0.553679
5 0.179946 0.532145 0.184670 0.529862
5 0.156389 0.595818 0.161113 0.593535
5 0.164436 0.573428 0.169160 0.571144
5 0.139013 0.593369 0.143737 0.591086