6 0.479700 0.389395 0.959400 0.392347
5 0.229897 0.442933 0.459794 0.446233
5 0.218754 0.443803 0.437509 0.447103
5 0.207699 0.443629 0.415398 0.446929
5 0.223977 0.425000 0.447955 0.428300
5 0.273335 0.442933 0.546670 0.446233
5 0.268025 0.461388 0.536050 0.464687
5 0.256970 0.460865 0.513939 0.464165
5 0.278906 0.461736 0.557813 0.465036
5 0.235120 0.461331 0.470240 0.464631
5 0.246175 0.461562 0.492351 0.464861
5 0.229292 0.479883 0.458584 0.483182
5 0.240785 0.479531 0.481569 0.482831
5 0.251870 0.479223 0.503741 0.482523
5 0.262634 0.479357 0.525269 0.482656
5 0.246091 0.497969 0.492182 0.501269
5 0.256855 0.498103 0.513710 0.501403
5 0.223998 0.498337 0.447997 0.501637
5 0.191447 0.425952 0.382893 0.429251
5 0.180746 0.462375 0.361492 0.465675
5 0.191560 0.462294 0.383120 0.465594
5 0.169390 0.425271 0.338781 0.428570
5 0.174956 0.443911 0.349911 0.447211
5 0.152836 0.442955 0.305673 0.446255
5 0.164443 0.443523 0.328886 0.446822
5 0.152971 0.479135 0.305942 0.482435
5 0.158567 0.460584 0.317134 0.463884
5 0.146596 0.424971 0.293193 0.428271
5 0.141549 0.442924 0.283098 0.446224
5 0.158258 0.497690 0.316516 0.500990
5 0.153342 0.515859 0.306684 0.519159
5 0.158629 0.534414 0.317258 0.537714
5 0.137491 0.497481 0.274981 0.500781
5 0.132051 0.516877 0.264103 0.520177
5 0.142564 0.516352 0.285128 0.519652
5 0.126966 0.498251 0.253932 0.501551
5 0.131994 0.478939 0.263988 0.482239
5 0.175284 0.512888 0.350569 0.516188
5 0.229630 0.517225 0.459260 0.520525
5 0.207542 0.554407 0.415084 0.557707
5 0.212894 0.535717 0.425789 0.539017
5 0.196375 0.553701 0.392750 0.557001
5 0.229575 0.554356 0.459150 0.557656
5 0.223943 0.535468 0.447886 0.538768
5 0.283694 0.517205 0.567387 0.520505
5 0.289808 0.498011 0.579617 0.501311
5 0.295237 0.478978 0.590474 0.482278
5 0.300845 0.458903 0.601690 0.462203
5 0.272900 0.516757 0.545801 0.520057
5 0.294934 0.516310 0.589868 0.519610
5 0.317080 0.476157 0.634160 0.479457
5 0.311883 0.457670 0.623766 0.460970
5 0.306088 0.440040 0.612176 0.443340
5 0.294810 0.441702 0.589619 0.445002
5 0.305594 0.426097 0.611188 0.419495
5 0.327958 0.474409 0.655917 0.477708
5 0.322422 0.454465 0.644843 0.457764
5 0.333300 0.454756 0.666600 0.458056
5 0.338837 0.474700 0.677674 0.478000
5 0.311115 0.533725 0.622229 0.537025
5 0.328075 0.514101 0.656150 0.517400
5 0.262022 0.554648 0.524045 0.557948
5 0.267802 0.535902 0.535603 0.539202
5 0.251258 0.517014 0.502517 0.520314
5 0.202379 0.476123 0.404758 0.480175
5 0.210101 0.494798 0.420203 0.497969
5 0.435613 0.439654 0.871225 0.442954
5 0.424659 0.440719 0.849318 0.444019
5 0.413292 0.440007 0.826583 0.443307
5 0.401274 0.438077 0.802548 0.441377
5 0.441409 0.421870 0.882818 0.425170
5 0.418640 0.422682 0.837279 0.425982
5 0.407300 0.421957 0.814600 0.425257
5 0.396604 0.455703 0.793208 0.459003
5 0.445941 0.495239 0.891881 0.498539
5 0.432921 0.496042 0.865841 0.499342
5 0.420008 0.494938 0.840016 0.498238
5 0.425628 0.476977 0.851256 0.480277
5 0.431202 0.458748 0.862404 0.462048
5 0.493677 0.489699 0.987354 0.492999
5 0.482109 0.490011 0.964219 0.493310
5 0.469915 0.491204 0.939829 0.494504
5 0.476737 0.471960 0.953473 0.475260
5 0.483721 0.451700 0.967441 0.455000
5 0.488285 0.470622 0.976570 0.473922
5 0.500000 0.470537 1.000000 0.473837
5 0.460770 0.460228 0.921540 0.467746
5 0.435672 0.466134 0.871343 0.473651
5 0.488149 0.508667 0.976298 0.511966
5 0.499475 0.508622 0.998949 0.511922
5 0.483183 0.528799 0.966366 0.532099
5 0.505712 0.507943 0.988577 0.511243
5 0.502064 0.507973 0.995872 0.511273
5 0.513581 0.468733 0.972839 0.472033
5 0.511793 0.488311 0.976415 0.491611
5 0.509557 0.507001 0.980886 0.510301
5 0.513458 0.508294 0.973083 0.511594
5 0.515814 0.488455 0.968372 0.491755
5 0.517961 0.467584 0.964078 0.470884
5 0.520049 0.490706 0.959902 0.494005
5 0.517432 0.508869 0.965136 0.512168
5 0.509748 0.469338 0.980503 0.472638
5 0.507582 0.488311 0.984836 0.491611
5 0.507734 0.446939 0.984532 0.450239
5 0.505975 0.468370 0.988050 0.471670
5 0.453435 0.456269 0.906870 0.459569
5 0.435573 0.403638 0.871145 0.406938
5 0.536942 0.485162 0.926117 0.488462
5 0.533194 0.484957 0.933612 0.488257
5 0.529395 0.484033 0.941210 0.487333
5 0.531466 0.504457 0.937068 0.507756
5 0.535142 0.504765 0.929716 0.508065
5 0.536864 0.524450 0.926272 0.527750
5 0.538664 0.504847 0.922672 0.508147
5 0.531176 0.543455 0.937648 0.546755
5 0.529321 0.523558 0.941357 0.526858
5 0.533112 0.563329 0.933776 0.566629
5 0.555287 0.523804 0.889426 0.527104
5 0.547873 0.523870 0.904253 0.527170
5 0.544164 0.523460 0.911671 0.526760
5 0.551507 0.523467 0.896985 0.526767
5 0.546010 0.542462 0.907981 0.545761
5 0.540496 0.524827 0.919008 0.528127
5 0.544132 0.485572 0.911736 0.488872
5 0.545919 0.504869 0.908163 0.508169
5 0.529328 0.445000 0.941344 0.448300
5 0.531276 0.464808 0.937448 0.468108
5 0.559201 0.560219 0.881598 0.563519
5 0.557102 0.541851 0.885797 0.545151
5 0.555227 0.560726 0.889547 0.564026
5 0.553381 0.541725 0.893238 0.545024
5 0.553321 0.504905 0.893358 0.508205
5 0.538794 0.618774 0.922412 0.622074
5 0.542426 0.619151 0.915148 0.622451
5 0.407792 0.457729 0.815584 0.461028
5 0.419159 0.458440 0.838318 0.461740
5 0.418992 0.531340 0.837984 0.534640
5 0.362906 0.512771 0.725811 0.516071
5 0.381709 0.504736 0.763419 0.508036
5 0.393298 0.495220 0.786596 0.498519
5 0.450553 0.530888 0.901107 0.534188
5 0.472304 0.528684 0.944609 0.531983
5 0.453172 0.511509 0.906344 0.514809
5 0.511280 0.527053 0.977440 0.530353
5 0.509330 0.546858 0.981341 0.550158
5 0.507529 0.526693 0.984942 0.529993
5 0.500297 0.527413 0.999405 0.530713
5 0.500347 0.489177 0.999305 0.492477
5 0.523883 0.541997 0.952233 0.545297
5 0.518278 0.528515 0.963443 0.531815
5 0.525510 0.520773 0.948979 0.524073
5 0.561451 0.652235 0.877098 0.655535
5 0.563326 0.633361 0.873348 0.636660
5 0.396088 0.503289 0.792176 0.506415
5 0.364698 0.482593 0.729396 0.485718