5 0.128383 0.347770 0.256765 0.353572
5 0.134060 0.370622 0.268120 0.376425
5 0.140021 0.348764 0.280042 0.354566
5 0.135124 0.325202 0.270249 0.331004
5 0.163157 0.348107 0.326314 0.353910
5 0.151355 0.349247 0.302709 0.355049
5 0.180479 0.369418 0.360957 0.375220
5 0.168912 0.370087 0.337823 0.375889
5 0.186444 0.345755 0.372888 0.351557
5 0.174407 0.345836 0.348813 0.351638
5 0.193677 0.323995 0.387355 0.329797
5 0.179758 0.321135 0.359516 0.326938
5 0.167685 0.322936 0.335370 0.328739
5 0.157000 0.327722 0.314000 0.333524
5 0.208908 0.355870 0.417817 0.361673
5 0.248543 0.324703 0.497086 0.330506
5 0.235844 0.326147 0.471687 0.331949
5 0.222296 0.325743 0.444592 0.331546
5 0.254805 0.350112 0.509610 0.355915
5 0.243001 0.349945 0.486001 0.355747
5 0.230974 0.350437 0.461947 0.356239
5 0.285938 0.325419 0.571875 0.331221
5 0.273596 0.326147 0.547192 0.331949
5 0.260854 0.325743 0.521707 0.331546
5 0.278870 0.348144 0.557741 0.353947
5 0.284062 0.371524 0.568124 0.377326
5 0.272383 0.372219 0.544766 0.378022
5 0.295753 0.372065 0.591507 0.377867
5 0.307474 0.373105 0.614947 0.378907
5 0.301277 0.394646 0.602555 0.400448
5 0.295343 0.417848 0.590686 0.423650
5 0.283898 0.417963 0.567795 0.423765
5 0.314119 0.350459 0.628238 0.356262
5 0.298203 0.327158 0.596406 0.332960
5 0.324604 0.395829 0.649208 0.401632
5 0.319502 0.372741 0.639004 0.378543
5 0.330164 0.417848 0.660327 0.423650
5 0.318634 0.417794 0.637267 0.423596
5 0.352983 0.417679 0.705966 0.423481
5 0.347254 0.395491 0.694508 0.401294
5 0.341730 0.372910 0.683460 0.378712
5 0.336236 0.351779 0.672473 0.357582
5 0.347236 0.439824 0.694472 0.445626
5 0.341507 0.417636 0.683014 0.423438
5 0.335560 0.394886 0.671121 0.400688
5 0.376507 0.374287 0.753015 0.380089
5 0.364814 0.373682 0.729627 0.379484
5 0.359393 0.351361 0.718787 0.357163
5 0.371087 0.351488 0.742174 0.357291
5 0.365451 0.327925 0.730902 0.333727
5 0.377145 0.328052 0.754290 0.333854
5 0.400739 0.375403 0.801478 0.381205
5 0.394384 0.352790 0.788768 0.358593
5 0.406319 0.351170 0.812637 0.356972
5 0.369961 0.440664 0.739922 0.446466
5 0.412541 0.330481 0.825083 0.336283
5 0.400607 0.329411 0.801214 0.335213
5 0.509099 0.397660 0.981802 0.403462
5 0.507278 0.376271 0.985444 0.382074
5 0.505369 0.354892 0.989262 0.360695
5 0.497752 0.397660 0.990467 0.403462
5 0.503448 0.376618 0.993104 0.382421
5 0.516699 0.396815 0.966602 0.402618
5 0.513189 0.355440 0.973622 0.361242
5 0.511280 0.334061 0.977440 0.339864
5 0.518599 0.375703 0.962802 0.381505
5 0.516957 0.356279 0.966086 0.362081
5 0.520265 0.439041 0.959471 0.444844
5 0.518444 0.417653 0.963113 0.423455
5 0.524205 0.437915 0.951589 0.443717
5 0.529952 0.414973 0.940096 0.420775
5 0.522361 0.416386 0.955278 0.422188
5 0.527967 0.390769 0.944066 0.396571
5 0.531884 0.392458 0.936231 0.398260
5 0.524111 0.391185 0.951777 0.396988
5 0.533729 0.416239 0.932543 0.422042
5 0.535397 0.438132 0.929205 0.443934
5 0.547012 0.435309 0.905975 0.441111
5 0.543073 0.436156 0.913854 0.441958
5 0.539239 0.437374 0.921521 0.443176
5 0.535644 0.342793 0.928712 0.348595
5 0.541559 0.368436 0.916882 0.374238
5 0.543380 0.390819 0.913240 0.396621
5 0.575392 0.537279 0.849216 0.543082
5 0.573368 0.517109 0.853263 0.522912
5 0.571339 0.496516 0.857321 0.502319
5 0.569389 0.476771 0.861221 0.482573
5 0.567439 0.497247 0.865121 0.503050
5 0.569349 0.435087 0.861303 0.440889
5 0.571380 0.456051 0.857240 0.461853
5 0.573490 0.476644 0.853020 0.482447
5 0.575473 0.497058 0.849053 0.502860
5 0.577586 0.478288 0.844828 0.484090
5 0.575643 0.457874 0.848713 0.463676
5 0.573777 0.437525 0.852446 0.443327
5 0.569958 0.397547 0.860084 0.403349
5 0.555049 0.390965 0.889903 0.396767
5 0.556714 0.413392 0.886571 0.419194
5 0.547361 0.391062 0.905278 0.396865
5 0.550750 0.434821 0.898500 0.440624
5 0.552345 0.456051 0.895311 0.461854
5 0.548707 0.456838 0.902586 0.462641
5 0.544892 0.456938 0.910216 0.462740
5 0.541008 0.457857 0.917983 0.463659