6 0.143295 0.311841 0.137689 0.313860
5 0.279395 0.444122 0.272816 0.450080
5 0.270817 0.422358 0.264238 0.428316
5 0.263335 0.442507 0.256756 0.448464
5 0.247307 0.439598 0.240728 0.445556
5 0.310267 0.445611 0.303688 0.451568
5 0.271621 0.464786 0.265042 0.470744
5 0.255859 0.462120 0.249280 0.468077
5 0.280705 0.443385 0.282678 0.445900
5 0.288803 0.465531 0.290776 0.468047
5 0.296963 0.486836 0.298936 0.489352
5 0.311509 0.444836 0.313482 0.447352
5 0.253348 0.376619 0.246769 0.382577
5 0.269889 0.379067 0.263310 0.385025
5 0.285846 0.380529 0.279267 0.386487
5 0.293731 0.401573 0.287152 0.407531
5 0.278081 0.400111 0.271501 0.406069
5 0.262154 0.399814 0.255575 0.405772
5 0.236798 0.374693 0.230219 0.380650
5 0.229135 0.395810 0.222556 0.401768
5 0.221564 0.416060 0.214985 0.422018
5 0.227954 0.353118 0.221375 0.359075
5 0.244904 0.354336 0.238325 0.360294
5 0.260656 0.356413 0.254077 0.362371
5 0.211199 0.351651 0.204620 0.357609
5 0.269155 0.337212 0.262576 0.343170
5 0.253403 0.334060 0.246824 0.340018
5 0.271956 0.341217 0.273929 0.343733
5 0.279895 0.321833 0.281867 0.324349
5 0.296815 0.323224 0.298787 0.325740
5 0.312865 0.324354 0.314838 0.326869
5 0.335928 0.344260 0.337901 0.346775
5 0.319303 0.382423 0.321276 0.384938
5 0.327526 0.362601 0.329499 0.365116
5 0.301756 0.423882 0.295177 0.429840
5 0.309546 0.402459 0.302967 0.408416
5 0.325007 0.403344 0.318428 0.409302
5 0.388505 0.406000 0.381926 0.411957
5 0.373280 0.406000 0.366701 0.411957
5 0.356804 0.406308 0.350225 0.412266
5 0.340878 0.405303 0.334299 0.411260
5 0.348785 0.384410 0.342206 0.390368
5 0.364711 0.385416 0.358132 0.391374
5 0.381026 0.384743 0.374447 0.390701
5 0.396649 0.382275 0.390070 0.388233
5 0.340996 0.362456 0.334417 0.368414
5 0.356804 0.364524 0.350225 0.370481
5 0.383446 0.378837 0.381653 0.372726
5 0.344425 0.362044 0.346398 0.364560
5 0.358959 0.368038 0.360932 0.370553
5 0.435584 0.409934 0.429005 0.415892
5 0.420060 0.410415 0.413481 0.416373
5 0.403883 0.408669 0.397304 0.414626
5 0.411573 0.390459 0.404994 0.396416
5 0.466402 0.368032 0.459823 0.373990
5 0.450259 0.367835 0.443680 0.373793
5 0.434176 0.366963 0.427597 0.372921
5 0.424996 0.345127 0.418417 0.351084
5 0.441341 0.345409 0.434762 0.351366
5 0.457747 0.345606 0.451168 0.351563
5 0.449879 0.323966 0.443299 0.329924
5 0.416210 0.323094 0.409631 0.329051
5 0.433355 0.323376 0.426776 0.329333
5 0.365018 0.427640 0.358439 0.433597
5 0.333151 0.425279 0.326572 0.431236
5 0.196864 0.474564 0.190285 0.480522
5 0.206385 0.456264 0.199806 0.462222
5 0.214482 0.436122 0.207902 0.442079
5 0.178773 0.473589 0.172194 0.479547
5 0.187752 0.454477 0.181173 0.460434
5 0.196715 0.435472 0.190136 0.441429
5 0.204556 0.415573 0.197977 0.421530
5 0.170214 0.530956 0.163635 0.536914
5 0.179735 0.512656 0.173156 0.518613
5 0.187832 0.493000 0.181253 0.498958
5 0.161316 0.472985 0.154737 0.478943
5 0.170161 0.453268 0.163582 0.459226
5 0.178453 0.433457 0.171874 0.439415
5 0.187502 0.413558 0.180923 0.419516
5 0.197997 0.514267 0.191418 0.520225
5 0.188477 0.532567 0.181898 0.538525
5 0.231554 0.519932 0.224975 0.525889
5 0.239971 0.499916 0.233391 0.505874
5 0.248124 0.481580 0.241545 0.487538
5 0.223051 0.497901 0.216472 0.503859
5 0.232010 0.478760 0.225431 0.484718
5 0.214591 0.476549 0.208012 0.482507
5 0.223550 0.457408 0.216971 0.463366
5 0.206733 0.577197 0.200154 0.583154
5 0.215149 0.557181 0.208570 0.563138
5 0.223302 0.538845 0.216723 0.544803
5 0.248124 0.562984 0.241545 0.568941
5 0.256033 0.543813 0.249454 0.549771
5 0.263594 0.525082 0.257015 0.531039
5 0.483489 0.412724 0.476204 0.418526
5 0.467350 0.412505 0.460771 0.418463
5 0.490759 0.390636 0.483474 0.396438
5 0.429161 0.431941 0.421876 0.437743
5 0.498628 0.369574 0.491343 0.375376
5 0.506939 0.347770 0.499654 0.353572
5 0.514508 0.370622 0.507223 0.376425
5 0.522456 0.348764 0.515171 0.354566
5 0.515927 0.325202 0.508643 0.331004
5 0.475146 0.347202 0.467861 0.353005
5 0.499022 0.413708 0.491737 0.419511
5 0.553304 0.348107 0.546019 0.353910
5 0.537568 0.349247 0.530283 0.355049
5 0.576400 0.369418 0.569115 0.375220
5 0.560977 0.370087 0.553692 0.375889
5 0.584354 0.345755 0.577069 0.351557
5 0.568304 0.345836 0.561019 0.351638
5 0.593998 0.323995 0.586713 0.329797
5 0.575439 0.321135 0.568154 0.326938
5 0.559341 0.322936 0.552057 0.328739
5 0.545095 0.327722 0.537810 0.333524
5 0.614306 0.355870 0.607021 0.361673
5 0.667152 0.324703 0.659867 0.330506
5 0.650220 0.326147 0.642935 0.331949
5 0.632156 0.325743 0.624871 0.331546
5 0.670697 0.350112 0.658607 0.355915
5 0.659762 0.349945 0.652478 0.355747
5 0.643726 0.350437 0.636442 0.356239
5 0.681074 0.325419 0.637852 0.331221
5 0.676960 0.326147 0.646079 0.331949
5 0.672713 0.325743 0.654574 0.331546
5 0.678718 0.348144 0.642563 0.353947
5 0.680449 0.371524 0.639102 0.377326
5 0.676556 0.372219 0.646888 0.378022
5 0.684346 0.372065 0.631308 0.377867
5 0.688253 0.373105 0.623494 0.378907
5 0.686187 0.394646 0.627625 0.400448
5 0.684209 0.417848 0.631581 0.423650
5 0.680394 0.417963 0.639212 0.423765
5 0.690468 0.350459 0.619064 0.356262
5 0.685163 0.327158 0.629675 0.332960
5 0.693963 0.395829 0.612074 0.401632
5 0.692262 0.372741 0.615475 0.378543
5 0.695816 0.417848 0.608368 0.423650
5 0.691973 0.417794 0.616054 0.423596
5 0.703423 0.417679 0.593155 0.423481
5 0.701513 0.395491 0.596974 0.401294
5 0.699672 0.372910 0.600657 0.378712
5 0.697840 0.351779 0.604319 0.357582
5 0.701507 0.439824 0.596986 0.445626
5 0.699597 0.417636 0.600806 0.423438
5 0.697615 0.394886 0.604770 0.400688
5 0.711264 0.374287 0.577472 0.380089
5 0.707366 0.373682 0.585268 0.379484
5 0.705559 0.351361 0.588881 0.357163
5 0.709457 0.351488 0.581085 0.357291
5 0.707579 0.327925 0.584843 0.333727
5 0.711477 0.328052 0.577047 0.333854
5 0.719341 0.375403 0.561317 0.381205
5 0.717223 0.352790 0.565554 0.358593
5 0.721201 0.351170 0.557598 0.356972
5 0.709082 0.440664 0.581836 0.446466
5 0.723275 0.330481 0.553449 0.336283
5 0.719297 0.329411 0.561406 0.335213
5 0.751259 0.397660 0.497482 0.403462
5 0.287367 0.507786 0.280134 0.512674
5 0.279277 0.485553 0.272698 0.491511
5 0.328249 0.489014 0.330222 0.491530
5 0.325983 0.446637 0.319404 0.452595
5 0.399041 0.322042 0.392462 0.328000
5 0.382923 0.322568 0.376344 0.328526