5 0.514481 0.124053 0.971039 0.248106
5 0.524779 0.128433 0.950442 0.256866
5 0.535630 0.128551 0.928741 0.257102
5 0.543324 0.127427 0.913352 0.254853
5 0.546599 0.129439 0.906802 0.258878
5 0.546250 0.137370 0.907500 0.274740
5 0.551892 0.123461 0.896215 0.246922
5 0.559067 0.124408 0.881866 0.248816
5 0.564946 0.132576 0.870107 0.265152
5 0.568657 0.133089 0.862686 0.266179
5 0.570747 0.146484 0.858507 0.292969
5 0.571457 0.167554 0.857086 0.335109
5 0.570865 0.140862 0.858270 0.281723
5 0.569247 0.124171 0.861506 0.248343
5 0.578587 0.145813 0.842825 0.291625
5 0.576823 0.180457 0.846354 0.360914
5 0.575284 0.196023 0.849432 0.392045
5 0.571970 0.190578 0.856061 0.381155
5 0.572285 0.211411 0.855429 0.422822
5 0.571772 0.224846 0.856455 0.449692
5 0.576389 0.217389 0.847222 0.434777
5 0.576705 0.210109 0.846591 0.420218
5 0.580295 0.213305 0.839410 0.426610
5 0.580769 0.208215 0.838463 0.416430
5 0.580256 0.186908 0.839489 0.373816
5 0.580650 0.155421 0.838699 0.310843
5 0.582618 0.146406 0.834763 0.292812
5 0.576941 0.239643 0.846117 0.479285