5 0.743052 0.156076 0.513896 0.312152
5 0.697905 0.129043 0.604190 0.258086
5 0.694165 0.128022 0.611670 0.256044
5 0.695638 0.144004 0.608724 0.288008
5 0.707031 0.127071 0.585938 0.254143
5 0.697285 0.170810 0.605429 0.341619
5 0.673927 0.162464 0.652146 0.324929
5 0.676373 0.150923 0.647254 0.301847
5 0.417456 0.135476 0.418561 0.270952
5 0.380051 0.148615 0.381787 0.297230
5 0.282828 0.158677 0.290404 0.317353
5 0.236742 0.152285 0.238321 0.304569
5 0.225537 0.154711 0.231534 0.309422
5 0.278883 0.128788 0.283144 0.257576
5 0.266256 0.142756 0.272727 0.285511
5 0.214646 0.136068 0.216540 0.272135
5 0.231012 0.139482 0.243490 0.278963