5 0.374370 0.419007 0.748741 0.425159
5 0.361807 0.417771 0.723615 0.423923
5 0.355148 0.391135 0.710296 0.397287
5 0.348832 0.414476 0.697665 0.420628
5 0.355629 0.439877 0.711257 0.446029
5 0.368192 0.443584 0.736384 0.449736
5 0.380618 0.443721 0.761235 0.449873
5 0.418307 0.442211 0.836614 0.448363
5 0.405195 0.443447 0.810389 0.449599
5 0.392906 0.441799 0.785812 0.447951
5 0.424485 0.417909 0.848971 0.424061
5 0.411854 0.418458 0.823707 0.424610
5 0.399085 0.415300 0.798169 0.421452
5 0.386796 0.417222 0.773592 0.423374
5 0.436704 0.413962 0.873408 0.420114
5 0.393186 0.391238 0.786372 0.397391
5 0.405722 0.390360 0.811444 0.396513
5 0.442913 0.439886 0.885827 0.446039
5 0.430540 0.441038 0.861079 0.447191
5 0.350054 0.469587 0.700108 0.475739
5 0.362233 0.469079 0.724467 0.475231
5 0.374420 0.468737 0.748840 0.474889
5 0.386852 0.467102 0.773704 0.473255
5 0.399428 0.466259 0.798856 0.472411
5 0.412109 0.466556 0.824218 0.472708
5 0.424485 0.466342 0.848971 0.472494
5 0.436859 0.465189 0.873719 0.471342
5 0.486205 0.461952 0.972409 0.468104
5 0.473882 0.463104 0.947765 0.469256
5 0.461598 0.464276 0.923196 0.470429
5 0.449108 0.464372 0.898215 0.470524
5 0.492423 0.438739 0.984845 0.444891
5 0.480100 0.438543 0.960201 0.444696
5 0.467816 0.439716 0.935632 0.445868
5 0.455325 0.439811 0.910651 0.445964
5 0.485894 0.414696 0.971787 0.420849
5 0.473416 0.413983 0.946832 0.420135
5 0.460976 0.412461 0.921953 0.418613
5 0.448693 0.412971 0.897386 0.419124
5 0.466831 0.390077 0.933663 0.396229
5 0.479789 0.389630 0.959579 0.395782
5 0.492319 0.390136 0.984638 0.396288
5 0.507116 0.411757 0.985768 0.417909
5 0.503118 0.413447 0.993765 0.419600
5 0.498071 0.415809 0.996143 0.421961
5 0.343092 0.439595 0.686184 0.445747
5 0.282069 0.449487 0.564138 0.455639
5 0.294277 0.446347 0.588553 0.452499
5 0.306511 0.446370 0.613021 0.452522
5 0.318871 0.444270 0.637741 0.450422
5 0.331686 0.444321 0.663371 0.450474
5 0.338076 0.469703 0.676151 0.475855
5 0.325434 0.470414 0.650868 0.476567
5 0.313199 0.470470 0.626398 0.476622
5 0.300881 0.470417 0.601763 0.476569
5 0.288833 0.472109 0.577666 0.478262
5 0.287938 0.423528 0.575876 0.429680
5 0.300423 0.423349 0.600847 0.429501
5 0.312783 0.421249 0.625567 0.427401
5 0.263187 0.424333 0.526373 0.430485
5 0.275672 0.424154 0.551344 0.430306
5 0.293688 0.400754 0.587377 0.406906
4 0.280618 0.406538 0.561236 0.395323
4 0.262528 0.432965 0.525056 0.415997
4 0.315838 0.358139 0.631677 0.364224
5 0.257467 0.449068 0.514935 0.455220
5 0.269953 0.450033 0.539906 0.456186
5 0.232589 0.449354 0.465178 0.455506
5 0.245289 0.450319 0.490578 0.456471
5 0.225440 0.422045 0.450880 0.428198
5 0.238283 0.425727 0.476566 0.431879
5 0.195860 0.451194 0.391720 0.457347
5 0.208023 0.447559 0.416047 0.453711
5 0.220355 0.449528 0.440710 0.455681
5 0.183626 0.449682 0.367252 0.455834
5 0.189478 0.426339 0.378956 0.432491
5 0.159101 0.447371 0.318201 0.453524
5 0.171423 0.448173 0.342847 0.454325
5 0.139462 0.420180 0.278925 0.426332
5 0.152791 0.420891 0.305583 0.427043
5 0.166477 0.475146 0.332953 0.481299
5 0.178396 0.476294 0.356792 0.482446
5 0.190368 0.475036 0.380736 0.481189
5 0.202890 0.474360 0.405781 0.480512
5 0.214766 0.472914 0.429531 0.479066
5 0.227417 0.474907 0.454835 0.481060
5 0.239697 0.473920 0.479393 0.480073
5 0.252035 0.473169 0.504070 0.479321
5 0.264620 0.473544 0.529240 0.479696
5 0.146273 0.446116 0.292546 0.452268
5 0.133774 0.444120 0.267549 0.450272
5 0.128766 0.472305 0.257531 0.478457
5 0.141264 0.473112 0.282528 0.479264
5 0.129640 0.518658 0.259280 0.524811
5 0.509336 0.436334 0.981328 0.442486
5 0.505246 0.435690 0.989508 0.441842
5 0.501077 0.438052 0.997846 0.444204
5 0.515340 0.410530 0.969320 0.416682
5 0.513324 0.435690 0.973352 0.441842
5 0.511150 0.410015 0.977700 0.416167
5 0.501131 0.388632 0.997739 0.394785
4 0.509329 0.396099 0.981341 0.376819
5 0.517268 0.386380 0.965464 0.392532
5 0.512957 0.386299 0.974085 0.392451
5 0.508851 0.387029 0.982297 0.393181
5 0.525511 0.388115 0.948978 0.394268
5 0.521248 0.386443 0.957503 0.392596
5 0.523562 0.413919 0.952876 0.420072
5 0.519287 0.411757 0.961425 0.417909
5 0.527728 0.411831 0.944543 0.417984
5 0.540491 0.411152 0.919018 0.417305
5 0.536211 0.411542 0.927577 0.417694
5 0.532050 0.411247 0.935900 0.417400
5 0.529709 0.435771 0.940582 0.441924
5 0.534031 0.435187 0.931938 0.441340
5 0.542472 0.385854 0.915057 0.392006
5 0.538334 0.386923 0.923333 0.393075
5 0.534144 0.387647 0.931712 0.393799
5 0.546745 0.385005 0.906511 0.391157
5 0.544481 0.362763 0.911039 0.368915
5 0.554821 0.430494 0.890359 0.436646
5 0.552907 0.406915 0.894185 0.413067
5 0.548718 0.407638 0.902565 0.413790
5 0.557134 0.403934 0.885732 0.410086
5 0.555075 0.381342 0.889850 0.387494
5 0.559328 0.380366 0.881344 0.386519
5 0.561441 0.403121 0.877118 0.409273
5 0.565694 0.402796 0.868612 0.408948
5 0.563662 0.379228 0.872675 0.385381
5 0.552854 0.360375 0.894292 0.366527
5 0.563391 0.426850 0.873217 0.433003
5 0.567807 0.425225 0.864386 0.431377
5 0.569784 0.448305 0.860431 0.454457
5 0.565369 0.449930 0.869262 0.456082
5 0.570055 0.400845 0.859890 0.406997
5 0.572087 0.423112 0.855826 0.429264
5 0.563204 0.473170 0.873591 0.479322
5 0.559072 0.474582 0.881856 0.480734
5 0.567459 0.473287 0.865081 0.479439
5 0.571824 0.470409 0.856352 0.476561
5 0.580486 0.467484 0.839028 0.473636
5 0.578446 0.445379 0.843107 0.451531
5 0.574031 0.447004 0.851938 0.453157
5 0.578163 0.490200 0.843675 0.496352
5 0.585046 0.465074 0.829907 0.471226
5 0.580887 0.421363 0.838225 0.427515
5 0.578660 0.398264 0.842680 0.404416
5 0.574299 0.400214 0.851403 0.406367
5 0.576568 0.463936 0.846863 0.470088
5 0.589363 0.508201 0.821274 0.514354
5 0.584912 0.509120 0.830177 0.515272
5 0.582567 0.487878 0.834867 0.494030
5 0.587014 0.531035 0.825971 0.537187