5 0.332520 0.125732 0.341309 0.251465
5 0.470215 0.148804 0.479004 0.297608
5 0.458549 0.131643 0.462943 0.263287
5 0.331055 0.155395 0.335449 0.310791
5 0.273926 0.147156 0.269531 0.294312
5 0.483399 0.147705 0.484863 0.295410
5 0.687866 0.129028 0.624268 0.258057
5 0.555176 0.161987 0.563965 0.323975
5 0.599121 0.158691 0.610840 0.317383
5 0.612305 0.155395 0.616699 0.310791
5 0.698853 0.148804 0.602295 0.297608
5 0.634544 0.140356 0.647688 0.280712
5 0.648228 0.142853 0.642646 0.285707
5 0.298185 0.129551 0.292423 0.259103
5 0.707642 0.125732 0.584717 0.251465
5 0.719360 0.125732 0.561279 0.251465
5 0.724121 0.146057 0.551758 0.292114
5 0.720459 0.146057 0.559082 0.292114
5 0.714966 0.155395 0.570068 0.310791
5 0.542544 0.136658 0.539977 0.273317
5 0.527637 0.137991 0.525071 0.275982
5 0.512435 0.139213 0.509869 0.278426
5 0.572455 0.135437 0.569888 0.270874
5 0.587262 0.133438 0.584695 0.266876
5 0.581339 0.150318 0.578772 0.300637
5 0.596245 0.149985 0.593679 0.299970
5 0.488359 0.123844 0.485793 0.247688
5 0.442763 0.126568 0.440197 0.253136
5 0.451640 0.142456 0.449074 0.284911
5 0.457491 0.125887 0.454925 0.251774
5 0.412501 0.127930 0.409934 0.255859
5 0.405843 0.144498 0.403276 0.288997
5 0.390510 0.146314 0.387943 0.292628
5 0.436307 0.143590 0.433741 0.287181
5 0.490579 0.156074 0.488012 0.312148
5 0.475649 0.156755 0.473082 0.313510
5 0.505710 0.155847 0.503143 0.311694
5 0.430053 0.159478 0.427486 0.318957
5 0.421781 0.144271 0.419215 0.288543
5 0.427632 0.127476 0.425065 0.254951
5 0.702704 0.136212 0.594592 0.272423
5 0.698767 0.137596 0.602466 0.275191
5 0.694953 0.138703 0.610093 0.277406
5 0.697168 0.153651 0.605664 0.307301
5 0.685173 0.124862 0.629655 0.249725
5 0.688925 0.123478 0.622150 0.246956
5 0.691017 0.138703 0.617967 0.277406
5 0.687387 0.139810 0.625226 0.279620
5 0.681359 0.125970 0.637282 0.251939
5 0.677607 0.126523 0.644787 0.253046
5 0.676069 0.143132 0.647863 0.286264
5 0.672255 0.143962 0.655490 0.287925
5 0.668687 0.145623 0.662626 0.291246
5 0.718222 0.132945 0.563557 0.265889
5 0.721996 0.132338 0.556009 0.264676
5 0.725837 0.131428 0.548326 0.262856
5 0.729409 0.130215 0.541183 0.260430
5 0.714313 0.132945 0.571374 0.265889
5 0.744909 0.126879 0.510183 0.253758