6 0.147885 0.153646 0.144255 0.307292
5 0.657365 0.125554 0.644245 0.251108
5 0.625601 0.127113 0.613295 0.254226
5 0.610293 0.127633 0.597128 0.255266
5 0.618585 0.144262 0.606828 0.288525
5 0.634371 0.142702 0.621611 0.285405
5 0.612525 0.160113 0.599438 0.320225
5 0.594028 0.128152 0.582115 0.256303
5 0.577763 0.128672 0.565255 0.257344
5 0.562614 0.128413 0.549549 0.256825
5 0.571701 0.145042 0.559249 0.290083
5 0.547942 0.132050 0.535922 0.264100
5 0.408889 0.136206 0.396417 0.272413
5 0.394185 0.138286 0.380941 0.276571
5 0.416989 0.152058 0.405657 0.304116
5 0.427832 0.167388 0.414895 0.334776
5 0.439950 0.135428 0.428983 0.270856
5 0.455099 0.135947 0.443303 0.271895
5 0.471843 0.165569 0.460164 0.331138
5 0.465943 0.180120 0.453697 0.360240
5 0.401521 0.152577 0.390181 0.305154
5 0.388285 0.153357 0.375168 0.306713
5 0.378238 0.138286 0.365698 0.276571
5 0.346664 0.138545 0.334055 0.277090
5 0.362133 0.137506 0.349530 0.275012
5 0.355309 0.153617 0.343757 0.307234
5 0.365354 0.168688 0.351840 0.337376
5 0.373805 0.182979 0.360848 0.365957
5 0.405539 0.182458 0.392491 0.364917
5 0.420209 0.180898 0.408427 0.361797
5 0.429299 0.196490 0.416742 0.392979
5 0.357221 0.183758 0.346529 0.367516
5 0.367746 0.198829 0.354612 0.397658
5 0.348610 0.169467 0.336596 0.338935
5 0.332983 0.169726 0.320890 0.339451
5 0.323575 0.154656 0.312113 0.309313
5 0.330272 0.139585 0.319043 0.279169
5 0.321660 0.126333 0.311420 0.252667
5 0.314964 0.140883 0.303799 0.281767
5 0.300133 0.139585 0.288324 0.279171
5 0.308426 0.155695 0.297101 0.311390
5 0.318631 0.169467 0.305416 0.338935
5 0.336013 0.199608 0.323201 0.399217
5 0.330112 0.213639 0.317656 0.427278
5 0.338563 0.228970 0.326664 0.457940
5 0.331548 0.244300 0.319273 0.488599
5 0.304917 0.200127 0.292482 0.400254
5 0.320225 0.199348 0.308418 0.398697
5 0.280041 0.186357 0.267768 0.372713
5 0.264095 0.187135 0.251369 0.374270
5 0.247662 0.188435 0.235201 0.376870
5 0.256433 0.202466 0.244902 0.404933
5 0.249895 0.217277 0.238205 0.434554
5 0.241443 0.203765 0.228965 0.407530
5 0.270306 0.173364 0.259915 0.346728
5 0.254040 0.175183 0.243978 0.350366
5 0.285933 0.171285 0.274465 0.342569
5 0.301561 0.169986 0.289942 0.339972
5 0.296139 0.185577 0.283473 0.371154
5 0.293428 0.155695 0.282551 0.311390
5 0.218820 0.218835 0.204251 0.437670
5 0.224242 0.203505 0.212567 0.407010
5 0.206861 0.205843 0.196630 0.411687
5 0.201598 0.219875 0.189008 0.439750
5 0.194582 0.233905 0.181618 0.467811
5 0.204947 0.248978 0.192704 0.497956
5 0.220574 0.248718 0.208871 0.497436
5 0.235405 0.247417 0.223885 0.494835
5 0.243538 0.261710 0.232662 0.523420
5 0.283882 0.245859 0.272387 0.491719
5 0.315934 0.246379 0.304493 0.492757
5 0.324704 0.259111 0.313730 0.518223
5 0.178636 0.234687 0.166835 0.469373
5 0.188682 0.249756 0.176075 0.499512
5 0.197771 0.264308 0.185774 0.528615
5 0.206063 0.278338 0.194089 0.556676
5 0.213717 0.261968 0.202404 0.523936
5 0.265702 0.217018 0.253449 0.434036
5 0.281649 0.216497 0.269616 0.432994
5 0.272879 0.201688 0.261070 0.403375
5 0.259006 0.231828 0.247213 0.463656
5 0.241942 0.233127 0.230119 0.466254
5 0.227591 0.234167 0.215569 0.468335
5 0.168909 0.219615 0.158983 0.439229
5 0.543065 0.176482 0.530609 0.352963
5 0.511171 0.178821 0.499659 0.357642
5 0.724255 0.132049 0.551490 0.264098