5 0.123698 0.508014 0.247395 0.508014
5 0.173654 0.524280 0.347308 0.524280
5 0.165521 0.569081 0.331042 0.569081
5 0.169788 0.589614 0.339576 0.589614
5 0.158854 0.587214 0.317708 0.587214
5 0.148454 0.592280 0.296908 0.592280
5 0.148454 0.592280 0.296908 0.592280
5 0.207389 0.520279 0.414777 0.520279
5 0.224856 0.585881 0.449711 0.585881
5 0.235790 0.586681 0.471579 0.586681
5 0.213523 0.586413 0.427045 0.586413
5 0.191256 0.587746 0.382512 0.587746
5 0.197256 0.565346 0.394512 0.565346
5 0.223124 0.498943 0.446248 0.498943
5 0.234058 0.496544 0.468116 0.496544
5 0.216990 0.479476 0.433980 0.479476
5 0.255524 0.496541 0.511049 0.496541
5 0.261658 0.518142 0.523317 0.518142
5 0.251258 0.518942 0.502517 0.518942
5 0.244858 0.495208 0.489716 0.495208
5 0.266725 0.494941 0.533449 0.494941
5 0.273125 0.560275 0.546250 0.560275
5 0.344904 0.521607 0.689808 0.521607
5 0.357705 0.526409 0.715409 0.526409
5 0.377705 0.515475 0.755409 0.515475
5 0.413038 0.473874 0.826077 0.473874
5 0.407705 0.549077 0.815409 0.549077
5 0.394904 0.554943 0.789808 0.554943
5 0.357437 0.580011 0.714873 0.580011
5 0.401571 0.578678 0.803143 0.578678
5 0.412772 0.576012 0.825543 0.576012
5 0.417972 0.596812 0.835943 0.596812
5 0.423438 0.575479 0.846876 0.575479
5 0.445705 0.574679 0.891410 0.574679
5 0.451571 0.470411 0.903143 0.470411
5 0.457172 0.573879 0.914343 0.573879
5 0.461016 0.615530 0.922033 0.614110
5 0.508458 0.569016 0.983083 0.569016
5 0.511567 0.519285 0.976866 0.519285
5 0.549198 0.564131 0.901604 0.564131
5 0.550752 0.585001 0.898496 0.585001
5 0.554415 0.622077 0.891170 0.622077
5 0.552972 0.644278 0.894056 0.644278
5 0.516960 0.550942 0.966080 0.550942
5 0.429330 0.595571 0.858659 0.595571
5 0.368897 0.568755 0.737794 0.568755
5 0.357955 0.552552 0.715911 0.552552
5 0.306975 0.511207 0.613950 0.511207
5 0.391338 0.464278 0.782677 0.464278
5 0.340776 0.599482 0.681552 0.599482
5 0.323316 0.571825 0.646633 0.571825
5 0.163298 0.525505 0.326596 0.525505