5 0.174814 0.164999 0.162532 0.329998
5 0.183130 0.179994 0.170431 0.359988
5 0.199081 0.180550 0.186696 0.361099
5 0.215712 0.181382 0.202767 0.362765
5 0.225254 0.196378 0.211899 0.392756
5 0.239024 0.166876 0.226462 0.333752
5 0.255927 0.166942 0.243000 0.333885
5 0.245703 0.151391 0.233211 0.302782
5 0.261430 0.150836 0.248431 0.301673
5 0.277515 0.151392 0.265215 0.302784
5 0.271109 0.166665 0.258304 0.333331
5 0.247933 0.181937 0.235596 0.363874
5 0.258157 0.197211 0.245417 0.394421
5 0.240707 0.197210 0.228684 0.394419
5 0.234052 0.211650 0.221857 0.423301
5 0.217148 0.210541 0.205235 0.421081
5 0.227236 0.225257 0.214206 0.450515
5 0.275631 0.226646 0.263488 0.453292
5 0.204000 0.268298 0.190918 0.536596
5 0.221450 0.268022 0.208197 0.536044
5 0.237536 0.268021 0.225475 0.536042
5 0.213408 0.282184 0.200298 0.564368
5 0.179462 0.281905 0.168209 0.563810
5 0.186686 0.267591 0.174958 0.535183
5 0.188561 0.297581 0.175971 0.595162
5 0.222235 0.296967 0.208665 0.593935
5 0.180519 0.311649 0.168379 0.623297
5 0.198104 0.311896 0.185488 0.623793
5 0.214736 0.311897 0.201533 0.623794
5 0.231095 0.311341 0.217992 0.622683
5 0.247591 0.312174 0.235458 0.624348
5 0.216045 0.339943 0.203617 0.679886
5 0.199685 0.341333 0.187215 0.682665
5 0.209364 0.355311 0.195829 0.710621
5 0.218639 0.368545 0.204742 0.737090
5 0.233906 0.369656 0.222019 0.739311
5 0.219897 0.396870 0.206962 0.793739
5 0.293243 0.152503 0.280765 0.305005
5 0.301286 0.137230 0.288417 0.274460
5 0.341367 0.154417 0.328652 0.308833
5 0.325417 0.154169 0.313349 0.308338
5 0.316963 0.138091 0.304384 0.276183
5 0.332779 0.137784 0.320754 0.275568
5 0.230245 0.151391 0.217577 0.302782
5 0.220960 0.135841 0.208443 0.271681
5 0.268811 0.135285 0.256577 0.270570
5 0.395848 0.138247 0.384029 0.276493
5 0.404749 0.153613 0.392088 0.307227
5 0.474125 0.135686 0.461361 0.271373
5 0.442303 0.136780 0.429743 0.273560
5 0.519248 0.133497 0.507248 0.266994
5 0.740621 0.134453 0.518759 0.268906