5 0.266572 0.126776 0.270044 0.253551
5 0.257989 0.139716 0.262250 0.279433
5 0.248503 0.155640 0.253572 0.311280
5 0.225694 0.181404 0.228062 0.362808
5 0.222538 0.168561 0.225694 0.337121
5 0.242898 0.125888 0.249053 0.251776
5 0.336806 0.129626 0.342645 0.259251
5 0.313218 0.128427 0.315112 0.256854
5 0.313763 0.142696 0.319444 0.285393
5 0.325126 0.158499 0.330019 0.316998
5 0.241793 0.183567 0.244949 0.367134
5 0.427872 0.141690 0.429135 0.283381
5 0.406723 0.146011 0.410196 0.292022
5 0.389520 0.144472 0.395360 0.288944
5 0.371686 0.129025 0.374369 0.258049
5 0.420149 0.128072 0.422043 0.256144
5 0.436395 0.126953 0.437342 0.253906
5 0.451705 0.124112 0.451389 0.248224
5 0.449011 0.145236 0.454062 0.290471
5 0.459286 0.129933 0.463073 0.259866
5 0.477273 0.128091 0.481692 0.256182
5 0.672309 0.130800 0.655382 0.261600
5 0.671086 0.129025 0.657828 0.258049
5 0.664418 0.130386 0.671165 0.260772
5 0.647383 0.131050 0.652750 0.262099
5 0.588367 0.131121 0.593733 0.262243
5 0.675315 0.130931 0.649370 0.261862
5 0.653115 0.144751 0.657194 0.289501
5 0.697404 0.131037 0.605193 0.262074
5 0.691335 0.144908 0.617331 0.289815
5 0.692608 0.146339 0.614784 0.292678
5 0.701124 0.131639 0.597753 0.263278
5 0.719973 0.147905 0.560054 0.295810
5 0.718987 0.132635 0.562027 0.265270
5 0.718463 0.132307 0.563074 0.264613
5 0.723198 0.133044 0.553604 0.266087
5 0.723853 0.132833 0.552294 0.265666
5 0.727537 0.132980 0.544925 0.265961
5 0.731092 0.132393 0.537816 0.264785
5 0.746915 0.132841 0.506169 0.265682
5 0.734711 0.133126 0.530578 0.266252
5 0.738331 0.133419 0.523339 0.266838
5 0.702849 0.147609 0.594302 0.295218
5 0.704230 0.131570 0.591540 0.263139
5 0.708491 0.132043 0.583018 0.264086
5 0.713423 0.132076 0.573153 0.264152
5 0.717578 0.140808 0.564843 0.281617
5 0.712674 0.146662 0.574653 0.293324
5 0.706992 0.146839 0.586016 0.293679
5 0.697597 0.147366 0.604807 0.294731
5 0.623895 0.131510 0.627367 0.263021
5 0.631471 0.130327 0.633523 0.260653
5 0.605500 0.131366 0.609445 0.262731
5 0.680173 0.131866 0.639655 0.263731
5 0.682292 0.131451 0.635417 0.262902
5 0.688408 0.131629 0.623185 0.263258
5 0.692195 0.132102 0.615609 0.264205
5 0.694690 0.131984 0.610620 0.263968
5 0.288802 0.156664 0.290538 0.313329
5 0.307081 0.158144 0.311816 0.316288
5 0.301271 0.144768 0.302376 0.289536
5 0.290088 0.171165 0.292614 0.342330