5 0.363755 0.125414 0.727509 0.250829
5 0.373106 0.125473 0.746212 0.250947
5 0.417337 0.125000 0.834675 0.250000
5 0.417890 0.136009 0.835780 0.272017
5 0.408657 0.139500 0.817314 0.279001
5 0.395518 0.131570 0.791035 0.263139
5 0.384706 0.138731 0.769413 0.277462
5 0.453125 0.131747 0.906250 0.263494
5 0.452336 0.133168 0.904672 0.266335
5 0.431976 0.127071 0.863952 0.254143
5 0.500000 0.139382 1.000000 0.278764
5 0.503946 0.129853 0.992109 0.259706
5 0.507063 0.132931 0.985874 0.265862
5 0.511719 0.135298 0.976562 0.270597
5 0.515546 0.131629 0.968908 0.263258
5 0.519334 0.131510 0.961332 0.263021
5 0.533775 0.139619 0.932449 0.279238
5 0.523556 0.139796 0.952888 0.279593
5 0.527225 0.133819 0.945549 0.267637
5 0.528804 0.156250 0.942393 0.312500
5 0.525095 0.148437 0.949811 0.296875
5 0.524108 0.141927 0.951783 0.283854
5 0.517519 0.155777 0.964962 0.311553
5 0.514639 0.142223 0.970723 0.284446
5 0.511009 0.166489 0.977983 0.332978
5 0.509430 0.148082 0.981140 0.296165
5 0.505445 0.149148 0.989110 0.298295
5 0.514599 0.173651 0.970802 0.347301
5 0.519492 0.163411 0.961016 0.326823
5 0.522135 0.170277 0.955729 0.340554
5 0.526239 0.170455 0.947522 0.340909
5 0.531684 0.160511 0.936632 0.321023
5 0.533104 0.173236 0.933791 0.346473
5 0.537484 0.170514 0.925032 0.341027
5 0.535709 0.153883 0.928583 0.307765
5 0.534485 0.157019 0.931029 0.314039
5 0.534485 0.135890 0.931029 0.271780
5 0.541075 0.144235 0.917850 0.288471
5 0.538037 0.139205 0.923927 0.278409
5 0.545516 0.137488 0.908968 0.274976
5 0.545433 0.139145 0.909133 0.278291
5 0.543521 0.152936 0.912958 0.305871
5 0.545494 0.170277 0.909012 0.340554
5 0.541667 0.166430 0.916667 0.332860
5 0.539378 0.187441 0.921244 0.374882
5 0.536064 0.179924 0.927872 0.359848
5 0.512390 0.184422 0.975221 0.368845
5 0.549755 0.172171 0.900489 0.344342
5 0.552872 0.143880 0.894255 0.287760
5 0.547309 0.152936 0.905382 0.305871
5 0.554964 0.153705 0.890073 0.307410
5 0.558791 0.128255 0.882418 0.256510
5 0.561435 0.131629 0.877131 0.263258
5 0.562539 0.153527 0.874921 0.307055
5 0.558041 0.162524 0.883917 0.325047
5 0.555043 0.181581 0.889915 0.363163
5 0.561158 0.172526 0.877683 0.345052
5 0.553583 0.166667 0.892835 0.333333
5 0.558357 0.157138 0.883286 0.314276
5 0.547230 0.184186 0.905540 0.368371
5 0.545889 0.194247 0.908223 0.388494
5 0.548493 0.201705 0.903015 0.403409
5 0.552794 0.202829 0.894413 0.405658
5 0.559265 0.190874 0.881471 0.381747
5 0.560172 0.201113 0.879656 0.402225
5 0.564354 0.201113 0.871291 0.402225
5 0.563092 0.207150 0.873816 0.414299
5 0.556779 0.205611 0.886443 0.411222
5 0.552991 0.205611 0.894018 0.411222
5 0.567353 0.176018 0.865294 0.352036
5 0.560211 0.176551 0.879577 0.353101
5 0.569800 0.190045 0.860401 0.380090
5 0.569642 0.214785 0.860717 0.429569
5 0.572206 0.197621 0.855587 0.395241
5 0.559894 0.233277 0.880211 0.466554
5 0.556190 0.228266 0.887620 0.456531
5 0.562027 0.248047 0.875947 0.496094
5 0.559777 0.237630 0.880445 0.475260
5 0.568537 0.223781 0.862926 0.447562
5 0.571259 0.233073 0.857481 0.466146
5 0.567393 0.206558 0.865215 0.413116
5 0.566471 0.241359 0.867059 0.482718
5 0.579506 0.262370 0.840988 0.524740
5 0.582071 0.245502 0.835859 0.491004
5 0.584438 0.255090 0.831124 0.510180
5 0.575661 0.234434 0.848678 0.468868
5 0.577494 0.219756 0.845013 0.439512
5 0.583057 0.206321 0.833886 0.412642
5 0.579703 0.227273 0.840593 0.454545
5 0.585859 0.234197 0.828283 0.468395
5 0.582899 0.201705 0.834201 0.403409
5 0.578283 0.179806 0.843434 0.359612
5 0.575324 0.144590 0.849353 0.289181
5 0.576152 0.170040 0.847696 0.340080
5 0.580335 0.166785 0.839331 0.333570
5 0.576902 0.234908 0.846196 0.469815
5 0.576152 0.255563 0.847696 0.511127
5 0.585464 0.278291 0.829072 0.556581
5 0.577888 0.272076 0.844223 0.544152
5 0.580532 0.282730 0.838936 0.565459
5 0.575126 0.288352 0.849747 0.576705
5 0.572285 0.247277 0.855429 0.494555