6 0.519439 0.353593 0.961122 0.352485
4 0.126705 0.499229 0.253409 0.501892
4 0.126705 0.499229 0.253409 0.501892
5 0.493575 0.451495 0.987150 0.448195
5 0.498722 0.471200 0.997443 0.467900
5 0.500011 0.450319 0.999978 0.447019
5 0.493575 0.492375 0.987150 0.489075
5 0.488208 0.512374 0.976415 0.509074
5 0.498795 0.512080 0.997590 0.508780
5 0.500000 0.491640 1.000000 0.488340
5 0.465783 0.512962 0.931565 0.509662
5 0.454460 0.513844 0.908920 0.510544
5 0.471223 0.532667 0.942447 0.529367
5 0.448872 0.534725 0.897744 0.531425
5 0.476370 0.427967 0.952740 0.424667
5 0.470415 0.448848 0.940829 0.445549
5 0.498942 0.429879 0.997885 0.426579
4 0.488208 0.528359 0.976416 0.534123
4 0.483713 0.407854 0.967426 0.411628
4 0.506095 0.442220 0.987810 0.446704
4 0.507791 0.508795 0.984418 0.511555
4 0.515919 0.424776 0.968162 0.428337
4 0.526307 0.461685 0.947387 0.467675
4 0.544387 0.419250 0.911226 0.423488
4 0.526593 0.488011 0.946814 0.493206
4 0.545754 0.463542 0.908492 0.464499
5 0.476404 0.470561 0.952807 0.467261
5 0.487995 0.471585 0.975989 0.468285
5 0.503535 0.449341 0.992930 0.446041
5 0.515035 0.490415 0.969930 0.487115
5 0.511237 0.490626 0.977525 0.487326
5 0.520720 0.511756 0.958560 0.508456
5 0.516922 0.511967 0.966155 0.508667
5 0.539646 0.510659 0.920708 0.507359
5 0.535881 0.510431 0.928239 0.507131
5 0.531959 0.510642 0.936082 0.507342
5 0.551004 0.509574 0.897992 0.506274
5 0.547219 0.510069 0.905562 0.506769
5 0.543418 0.510160 0.913165 0.506860
5 0.541468 0.489654 0.917065 0.486355
5 0.537696 0.490154 0.924608 0.486854
5 0.531818 0.468787 0.936364 0.465487
5 0.535680 0.468696 0.928641 0.465397
5 0.539646 0.469046 0.920708 0.465746
5 0.526149 0.490619 0.947702 0.487319
5 0.518810 0.532020 0.962380 0.528720
5 0.573531 0.505761 0.852937 0.502461
5 0.569817 0.506679 0.860367 0.503379
5 0.566015 0.506770 0.867970 0.503470
5 0.562243 0.507269 0.875513 0.503970
5 0.556444 0.487406 0.887112 0.484106
5 0.560286 0.486625 0.879427 0.483325
5 0.564088 0.486534 0.871825 0.483234
5 0.567896 0.485616 0.864207 0.482316
5 0.571718 0.484984 0.856563 0.481684
5 0.575598 0.484771 0.848805 0.481471
5 0.579566 0.483785 0.840869 0.480485
5 0.565830 0.464485 0.868340 0.461185
5 0.550848 0.466761 0.898305 0.463461
5 0.547146 0.467261 0.905707 0.463961
5 0.554649 0.466670 0.890702 0.463371
5 0.549131 0.445539 0.901737 0.442239
5 0.545330 0.445630 0.909340 0.442330
5 0.547089 0.423844 0.905823 0.420544
5 0.550869 0.423562 0.898263 0.420263
5 0.552818 0.445962 0.894365 0.442662
5 0.545221 0.530091 0.909558 0.526791
5 0.548969 0.529874 0.902061 0.526574
5 0.552818 0.529501 0.894365 0.526201
5 0.556485 0.528583 0.887029 0.525283
5 0.560271 0.528401 0.879458 0.525101
5 0.564043 0.527901 0.871914 0.524601
5 0.571554 0.525838 0.856892 0.522538
5 0.575551 0.524920 0.848899 0.521621
5 0.577546 0.543939 0.844907 0.540639
5 0.573555 0.544361 0.852890 0.541061
5 0.569676 0.546265 0.860649 0.542965
5 0.565854 0.546897 0.868293 0.543597
5 0.575504 0.564366 0.848993 0.561066
5 0.563975 0.567324 0.872049 0.564024
5 0.567656 0.566833 0.864687 0.563533
5 0.571606 0.564506 0.856788 0.561207
5 0.577425 0.583255 0.845150 0.579955
5 0.573461 0.584652 0.853078 0.581352
5 0.569723 0.585288 0.860555 0.581988
5 0.583408 0.523096 0.833183 0.519796
5 0.585326 0.542636 0.829348 0.539336
5 0.583323 0.601709 0.833353 0.598409
5 0.579214 0.602238 0.841571 0.598938
5 0.579356 0.563696 0.841289 0.560396
5 0.564057 0.442773 0.871886 0.439473
5 0.562067 0.465787 0.875866 0.462487
5 0.554632 0.423128 0.890736 0.419828
5 0.585262 0.502914 0.829476 0.499614
5 0.524169 0.469637 0.951663 0.466337
5 0.511360 0.446631 0.977280 0.443331
5 0.319323 0.554858 0.638645 0.551558
5 0.308004 0.554926 0.616008 0.551626
5 0.330322 0.555564 0.660645 0.552265
5 0.335868 0.535019 0.671736 0.531719
5 0.341504 0.514473 0.683009 0.511173
5 0.280277 0.534198 0.560553 0.530898
5 0.291413 0.535040 0.582826 0.531740
5 0.302868 0.535019 0.605735 0.531719
5 0.297543 0.554690 0.595085 0.551391
5 0.163257 0.557843 0.326513 0.554544
5 0.174589 0.556336 0.349179 0.553036
5 0.185433 0.555793 0.370865 0.552494
5 0.197224 0.555549 0.394449 0.552249
5 0.129691 0.480257 0.259383 0.476957
5 0.167789 0.454119 0.335578 0.450819
5 0.145764 0.457680 0.291528 0.454380
5 0.157017 0.456020 0.314034 0.452720
5 0.150997 0.436536 0.301995 0.433236
5 0.133414 0.416734 0.266828 0.413435
5 0.135501 0.538201 0.271003 0.534901
5 0.395877 0.391648 0.791754 0.388348
5 0.385150 0.392032 0.770300 0.388732
5 0.373559 0.391009 0.747117 0.387709
5 0.236437 0.446833 0.472874 0.443533