5 0.636556 0.448977 0.641200 0.445677
5 0.651320 0.447132 0.655964 0.443832
5 0.665112 0.448783 0.669756 0.445483
5 0.643808 0.428288 0.648453 0.424989
5 0.629045 0.429940 0.633689 0.426640
5 0.672159 0.411582 0.655682 0.408282
5 0.674118 0.430134 0.651765 0.426834
5 0.672159 0.450337 0.655682 0.447037
5 0.657925 0.468403 0.662569 0.465103
5 0.643744 0.468403 0.648388 0.465103
5 0.629627 0.469180 0.634272 0.465880
5 0.622245 0.448977 0.626890 0.445677
5 0.537540 0.486486 0.542184 0.483186
5 0.551847 0.486376 0.556491 0.483077
5 0.565710 0.486376 0.570354 0.483077
5 0.573213 0.463201 0.577857 0.459901
5 0.558904 0.464250 0.563549 0.460950
5 0.544852 0.465122 0.549496 0.461822
5 0.601825 0.466062 0.606469 0.462762
5 0.586944 0.463678 0.591588 0.460378
5 0.430740 0.461868 0.435384 0.458569
5 0.444862 0.461722 0.449506 0.458422
5 0.458962 0.462850 0.463607 0.459550
5 0.472763 0.463949 0.477407 0.460649
5 0.487090 0.464260 0.491735 0.460960
5 0.466197 0.485721 0.470841 0.482421
5 0.494417 0.486965 0.499061 0.483665
5 0.523232 0.486791 0.527876 0.483491
5 0.515684 0.466366 0.520328 0.463066
5 0.287955 0.541547 0.292599 0.538247
5 0.294677 0.522352 0.299322 0.519052
5 0.287647 0.501847 0.292291 0.498547
5 0.280382 0.521415 0.285027 0.518115
5 0.316318 0.502909 0.320962 0.499609
5 0.309156 0.523257 0.313800 0.519957
5 0.309068 0.481488 0.313712 0.478188
5 0.316208 0.460562 0.320852 0.457262
5 0.330708 0.460232 0.335352 0.456932
5 0.365860 0.441613 0.370504 0.438313
5 0.422982 0.439635 0.427626 0.436336
5 0.374363 0.505228 0.379007 0.501928
5 0.359884 0.504323 0.364528 0.501023
5 0.345589 0.503386 0.350233 0.500086
5 0.339154 0.522976 0.343798 0.519676
5 0.353449 0.523914 0.358093 0.520614
5 0.402171 0.505346 0.406816 0.502047
5 0.416502 0.504105 0.421146 0.500805
5 0.430603 0.505233 0.435247 0.501933
5 0.459003 0.504645 0.463647 0.501345
5 0.487362 0.505807 0.492006 0.502507
5 0.494231 0.527490 0.498876 0.524190
5 0.508540 0.527185 0.513184 0.523885
5 0.537306 0.527859 0.541950 0.524559
5 0.523070 0.526964 0.527714 0.523664
5 0.466344 0.526148 0.470988 0.522848
5 0.480429 0.526290 0.485073 0.522990
5 0.531192 0.507502 0.535836 0.504203
5 0.558903 0.508029 0.563547 0.504729
5 0.672522 0.489281 0.654956 0.485981
5 0.668755 0.489817 0.662490 0.486517
5 0.665083 0.488929 0.669727 0.485629
5 0.650772 0.488929 0.655417 0.485629
5 0.675894 0.489281 0.648212 0.485981
5 0.674200 0.509639 0.651599 0.506339
5 0.670555 0.508750 0.658890 0.505450
5 0.679471 0.489281 0.641058 0.485981
5 0.681362 0.469733 0.637276 0.466433
5 0.677762 0.470006 0.644475 0.466706
5 0.674276 0.469869 0.651447 0.466570
5 0.630176 0.508477 0.634820 0.505177
5 0.644213 0.509707 0.648857 0.506407
5 0.622339 0.489885 0.626983 0.486586
5 0.706519 0.470363 0.586962 0.467063
5 0.697480 0.449661 0.605039 0.446361
5 0.693754 0.449424 0.612493 0.446124
5 0.690144 0.450078 0.619712 0.446778
5 0.686637 0.451083 0.626726 0.447783
5 0.684696 0.470839 0.630609 0.467539
5 0.684823 0.432036 0.630354 0.428736
5 0.688232 0.429849 0.623537 0.426549
5 0.691900 0.429550 0.616200 0.426250
5 0.695430 0.428603 0.609140 0.425303
5 0.681333 0.430498 0.637334 0.427199
5 0.699236 0.429907 0.601529 0.426607
5 0.702962 0.428944 0.594076 0.425644
5 0.704677 0.449308 0.590645 0.446008
5 0.699241 0.470088 0.601517 0.466788
5 0.695514 0.470133 0.608971 0.466833
5 0.692022 0.469801 0.615955 0.466501
5 0.688421 0.470523 0.623158 0.467224
5 0.690238 0.489664 0.619524 0.486365
5 0.686637 0.490387 0.626726 0.487087
5 0.688430 0.509669 0.623140 0.506369
5 0.681269 0.509246 0.637462 0.505946
5 0.702582 0.510564 0.594837 0.507264
5 0.699090 0.510232 0.601820 0.506932
5 0.695488 0.510391 0.609023 0.507091
5 0.697390 0.489401 0.605219 0.486101
5 0.700992 0.489242 0.598017 0.485942
5 0.713662 0.510126 0.572676 0.506826
5 0.709951 0.510232 0.580098 0.506932
5 0.711889 0.490337 0.576222 0.487037
5 0.708107 0.490080 0.583786 0.486780
5 0.713573 0.470134 0.572854 0.466834
5 0.711954 0.450449 0.576092 0.447149
5 0.719098 0.445398 0.561803 0.442098
5 0.726178 0.445787 0.547644 0.442487
5 0.727970 0.467932 0.544061 0.464633
5 0.720828 0.509867 0.558344 0.506567
5 0.717225 0.510103 0.565550 0.506803
5 0.724368 0.509219 0.551264 0.505920
5 0.726051 0.488628 0.547897 0.485328
5 0.731423 0.467544 0.537154 0.464244
5 0.729699 0.487851 0.540602 0.484551
5 0.727800 0.509349 0.544401 0.506049
5 0.729718 0.447211 0.540564 0.443911
5 0.733262 0.488099 0.533477 0.484800
5 0.735027 0.468787 0.529946 0.465487
5 0.738569 0.469035 0.522862 0.465735
5 0.740407 0.489591 0.519185 0.486291
5 0.744156 0.488845 0.511687 0.485545
5 0.742256 0.468787 0.515489 0.465487
5 0.708525 0.449813 0.582951 0.446513
5 0.704542 0.529111 0.590917 0.525811
5 0.708253 0.529005 0.583495 0.525705
5 0.711816 0.528982 0.576369 0.525682
5 0.722589 0.530026 0.554823 0.526726
5 0.745746 0.465891 0.508509 0.462591
5 0.747496 0.443497 0.505008 0.440197
5 0.747614 0.486396 0.504772 0.483096
5 0.594562 0.527741 0.599206 0.524441
5 0.609354 0.528324 0.613999 0.525024
5 0.587331 0.508315 0.591975 0.505015
5 0.572473 0.547516 0.577117 0.544217
5 0.565597 0.529121 0.570242 0.525821
5 0.381786 0.525985 0.386431 0.522685
5 0.395710 0.525643 0.400354 0.522343
5 0.409835 0.524786 0.414479 0.521486
5 0.438432 0.524743 0.443076 0.521443
5 0.424305 0.525085 0.428949 0.521785
5 0.267178 0.597495 0.271822 0.594195
5 0.252351 0.596757 0.256995 0.593457
5 0.281790 0.598998 0.286434 0.595698
5 0.281674 0.560613 0.286319 0.557313
5 0.303360 0.579938 0.308005 0.576638
5 0.317749 0.580842 0.322393 0.577543
5 0.310628 0.598689 0.315273 0.595389
5 0.260065 0.616212 0.264709 0.612912
5 0.245121 0.615299 0.249765 0.611999
5 0.260181 0.578953 0.264825 0.575653
5 0.273169 0.460823 0.277813 0.457523
5 0.287669 0.460493 0.292313 0.457193
5 0.265082 0.482342 0.269727 0.479042
5 0.380930 0.484553 0.385575 0.481253
5 0.366452 0.483648 0.371096 0.480349
5 0.387591 0.463462 0.392235 0.460162
5 0.359793 0.544113 0.364437 0.540813
5 0.410084 0.564180 0.414728 0.560881
5 0.394715 0.563298 0.399360 0.559998
5 0.445391 0.545124 0.450035 0.541824
5 0.530498 0.546574 0.535143 0.543274
5 0.652000 0.529096 0.656644 0.525796
5 0.523159 0.446744 0.527803 0.443444
5 0.531229 0.428686 0.535873 0.425386
5 0.634812 0.410826 0.639457 0.407526
5 0.701119 0.410130 0.597762 0.406830
5 0.693388 0.410273 0.613225 0.406974
5 0.452198 0.439469 0.456842 0.436169
5 0.466685 0.441891 0.471329 0.438592