5 0.384816 0.130116 0.387831 0.260232
5 0.326642 0.159315 0.329656 0.318631
5 0.311787 0.158393 0.314801 0.316786
5 0.256765 0.170786 0.259780 0.341572
5 0.249968 0.185315 0.252983 0.370630
5 0.296190 0.158551 0.299204 0.317102
5 0.250512 0.214574 0.253526 0.429148
5 0.227129 0.226762 0.230144 0.453524
5 0.234878 0.213609 0.237892 0.427218
5 0.218687 0.211139 0.221702 0.422279
5 0.243377 0.228261 0.246391 0.456521
5 0.212127 0.253415 0.215142 0.506830
5 0.219876 0.240262 0.222891 0.480524
5 0.349490 0.141976 0.352505 0.283952
5 0.326339 0.126762 0.329354 0.253524
5 0.272052 0.141942 0.275067 0.283883
5 0.734663 0.133960 0.530673 0.267920