6 0.111562 0.674854 0.113337 0.650292
4 0.245617 0.310404 0.238538 0.314849
4 0.465508 0.291249 0.459726 0.297254
5 0.337759 0.490659 0.340710 0.490987
5 0.345946 0.470058 0.348897 0.470386
5 0.362321 0.470256 0.365272 0.470584
5 0.354134 0.490857 0.357085 0.491185
5 0.378696 0.470058 0.381647 0.470386
5 0.370245 0.491649 0.373196 0.491977
5 0.386224 0.492640 0.389175 0.492967
5 0.394411 0.472039 0.397362 0.472366
5 0.400882 0.450249 0.403833 0.450577
5 0.385960 0.449061 0.388910 0.449389
5 0.369981 0.447674 0.372932 0.448002
5 0.353474 0.448665 0.356424 0.448992
5 0.409202 0.427469 0.412152 0.427797
5 0.393223 0.426677 0.396174 0.427005
5 0.377772 0.425290 0.380723 0.425618
5 0.361793 0.425885 0.364744 0.426213
5 0.416938 0.450226 0.419889 0.450554
5 0.409699 0.471237 0.412650 0.471565
5 0.402172 0.491304 0.405123 0.491631
5 0.394574 0.512494 0.397525 0.512822
5 0.426274 0.513337 0.429225 0.513665
5 0.441860 0.513001 0.444811 0.513329
5 0.457403 0.471642 0.460353 0.471970
5 0.465231 0.451958 0.468182 0.452286
5 0.449154 0.451019 0.452104 0.451346
5 0.432720 0.450664 0.435671 0.450992
5 0.425518 0.470836 0.428469 0.471164
5 0.441301 0.471781 0.444252 0.472109
5 0.449851 0.493284 0.452802 0.493612
5 0.433743 0.491893 0.436694 0.492221
5 0.417368 0.492091 0.420319 0.492419
5 0.410261 0.512840 0.413212 0.513168
5 0.378471 0.512729 0.381422 0.513057
5 0.362548 0.512727 0.365498 0.513055
5 0.346535 0.512230 0.349486 0.512557
5 0.330848 0.511884 0.333798 0.512212
5 0.313719 0.512053 0.316670 0.512381
5 0.321644 0.490490 0.324595 0.490818
5 0.329945 0.470058 0.332895 0.470386
5 0.337472 0.447819 0.340423 0.448147
5 0.345679 0.426899 0.348629 0.427227
5 0.329451 0.425209 0.332402 0.425536
5 0.321470 0.447650 0.324421 0.447978
5 0.313605 0.468367 0.316555 0.468695
5 0.305530 0.489983 0.308481 0.490310
5 0.297717 0.510870 0.300668 0.511198
5 0.314013 0.425209 0.316964 0.425536
5 0.305355 0.447143 0.308306 0.447471
5 0.297152 0.468536 0.300103 0.468864
5 0.288965 0.489137 0.291915 0.489465
5 0.281603 0.510363 0.284553 0.510691
5 0.298462 0.424701 0.301413 0.425029
5 0.281601 0.468029 0.284552 0.468357
5 0.273413 0.488630 0.276364 0.488958
5 0.266052 0.509856 0.269002 0.510184
5 0.289466 0.447481 0.292417 0.447809
5 0.257913 0.530046 0.260864 0.530374
5 0.273464 0.530553 0.276415 0.530881
5 0.289579 0.531060 0.292529 0.531388
5 0.305580 0.532243 0.308531 0.532571
5 0.322709 0.532074 0.325660 0.532402
5 0.338396 0.532420 0.341347 0.532747
5 0.354409 0.532917 0.357360 0.533245
5 0.370333 0.532919 0.373284 0.533247
5 0.402749 0.533999 0.405700 0.534326
5 0.418436 0.534344 0.421387 0.534672
5 0.434449 0.534842 0.437400 0.535169
5 0.450035 0.534505 0.452986 0.534833
5 0.474779 0.513541 0.477730 0.513869
5 0.457908 0.514404 0.460859 0.514731
5 0.466893 0.534505 0.469844 0.534833
5 0.475255 0.555747 0.478206 0.556075
5 0.458729 0.555871 0.461680 0.556199
5 0.442478 0.555085 0.445429 0.555413
5 0.426466 0.554962 0.429416 0.555290
5 0.410778 0.554492 0.413729 0.554820
5 0.473658 0.472036 0.476609 0.472364
5 0.482310 0.492607 0.485261 0.492935
5 0.466054 0.492448 0.469005 0.492776
5 0.497190 0.452254 0.500141 0.452582
5 0.480934 0.452095 0.483884 0.452423
5 0.505798 0.472215 0.508749 0.472543
5 0.489543 0.471821 0.492493 0.472149
5 0.513379 0.494929 0.516330 0.495257
5 0.521525 0.474236 0.524476 0.474564
5 0.530401 0.494215 0.533352 0.494542
5 0.554447 0.516177 0.557398 0.516505
5 0.545795 0.495606 0.548746 0.495934
5 0.561984 0.496141 0.564935 0.496469
5 0.570674 0.475072 0.573624 0.475400
5 0.579006 0.496141 0.581957 0.496469
5 0.571604 0.557648 0.574555 0.557976
5 0.555585 0.557583 0.558536 0.557911
5 0.539334 0.556797 0.542285 0.557125
5 0.523322 0.556674 0.526272 0.557001
5 0.507634 0.556203 0.510585 0.556531
5 0.611328 0.538057 0.614278 0.538385
5 0.594812 0.537928 0.597763 0.538256
5 0.586637 0.516424 0.589587 0.516752
5 0.603371 0.517312 0.606321 0.517640
5 0.578879 0.537286 0.581830 0.537614
5 0.595342 0.578507 0.598293 0.578835
5 0.603158 0.558528 0.606109 0.558855
5 0.611858 0.496307 0.614808 0.496635
5 0.595230 0.496532 0.598180 0.496860
5 0.627771 0.497103 0.630721 0.497431
5 0.619814 0.517631 0.622765 0.517959
5 0.619920 0.476257 0.622871 0.476584
5 0.603052 0.476097 0.606003 0.476425
5 0.644214 0.496625 0.647165 0.496953
5 0.636046 0.475938 0.638996 0.476266
5 0.636140 0.559374 0.639091 0.559702
5 0.627654 0.579800 0.630604 0.580127
5 0.611138 0.579671 0.614089 0.579999
5 0.619697 0.559055 0.622647 0.559383
5 0.670480 0.517260 0.659040 0.517588
5 0.666431 0.517869 0.667138 0.518197
5 0.651941 0.517166 0.654892 0.517494
5 0.672397 0.496110 0.655206 0.496438
5 0.668503 0.496348 0.662995 0.496676
5 0.660228 0.495645 0.663179 0.495973
5 0.682526 0.517891 0.634947 0.518219
5 0.678477 0.518500 0.643045 0.518828
5 0.676366 0.496276 0.647269 0.496604
5 0.680549 0.496980 0.638902 0.497307
5 0.674478 0.518271 0.651044 0.518598
5 0.672348 0.538091 0.655305 0.538419
5 0.676345 0.539102 0.647309 0.539430
5 0.680345 0.539331 0.639311 0.539659
5 0.684341 0.539827 0.631318 0.540155
5 0.369019 0.403331 0.371969 0.403659
5 0.353643 0.406189 0.356594 0.406517
5 0.376112 0.379108 0.379063 0.379436
5 0.369471 0.356696 0.372422 0.357024
5 0.698304 0.519271 0.603392 0.519599
5 0.694408 0.518654 0.611183 0.518982
5 0.690409 0.518271 0.619182 0.518598
5 0.686411 0.517566 0.627178 0.517894
5 0.688379 0.497323 0.623242 0.497651
5 0.684469 0.497341 0.631062 0.497669
5 0.692454 0.497261 0.615093 0.497589
5 0.696376 0.498257 0.607247 0.498585
5 0.700451 0.499642 0.599098 0.499969
5 0.700488 0.539683 0.599024 0.540011
5 0.696479 0.540430 0.607043 0.540758
5 0.692479 0.540047 0.615042 0.540375
5 0.688481 0.539343 0.623037 0.539671
5 0.674423 0.559239 0.651155 0.559567
5 0.678420 0.560250 0.643159 0.560578
5 0.682420 0.560479 0.635161 0.560807
5 0.686416 0.560975 0.627168 0.561303
5 0.690471 0.560491 0.619058 0.560819
5 0.694298 0.560854 0.611403 0.561182
5 0.698440 0.560896 0.603120 0.561224
5 0.702591 0.559979 0.594817 0.560307
5 0.704723 0.536955 0.590553 0.537283
5 0.706599 0.559979 0.586801 0.560307
5 0.710806 0.560832 0.578388 0.561159
5 0.712866 0.538823 0.574269 0.539151
5 0.708659 0.537970 0.582683 0.538298
5 0.718883 0.517393 0.562235 0.517721
5 0.714965 0.517313 0.570070 0.517641
5 0.723065 0.518745 0.553869 0.519073
5 0.726956 0.518131 0.546089 0.518458
5 0.730735 0.519570 0.538530 0.519897
5 0.734835 0.520825 0.530331 0.521153
5 0.738713 0.520360 0.522574 0.520688
5 0.742635 0.519815 0.514729 0.520143
5 0.748586 0.542014 0.502828 0.542342
5 0.732699 0.540795 0.534602 0.541123
5 0.728861 0.540788 0.542278 0.541116
5 0.724833 0.539592 0.550334 0.539920
5 0.740656 0.541006 0.518688 0.541334
5 0.736737 0.540992 0.526526 0.541320
5 0.706397 0.349832 0.587206 0.350160
5 0.702324 0.346263 0.595351 0.346591
5 0.710715 0.351765 0.578569 0.352093
5 0.715032 0.349755 0.569936 0.350083
5 0.719180 0.350148 0.561641 0.350476
5 0.717338 0.328631 0.565324 0.328959
5 0.712900 0.329867 0.574201 0.330195
5 0.733251 0.328897 0.533497 0.329225
5 0.746668 0.520443 0.506663 0.520771
5 0.744866 0.499057 0.510268 0.499385
5 0.749168 0.499463 0.501663 0.499791
5 0.734663 0.561662 0.530675 0.561990
5 0.730824 0.561656 0.538352 0.561983
5 0.738701 0.561859 0.522599 0.562187
5 0.742619 0.561873 0.514762 0.562201
5 0.722930 0.561895 0.554141 0.562223
5 0.718723 0.561043 0.562554 0.561370
5 0.714840 0.560433 0.570320 0.560760
5 0.712690 0.581842 0.574620 0.582170
5 0.716724 0.581444 0.566552 0.581771
5 0.720607 0.582054 0.558787 0.582381
5 0.724814 0.582906 0.550373 0.583234
5 0.726735 0.561798 0.546530 0.562126
5 0.728819 0.582384 0.542363 0.582712
5 0.732624 0.582286 0.534753 0.582614
5 0.736713 0.582144 0.526574 0.582472
5 0.740551 0.582151 0.518897 0.582478
5 0.744570 0.583659 0.510861 0.583987
5 0.746561 0.562690 0.506878 0.563018
5 0.744514 0.541229 0.510972 0.541557
5 0.710409 0.602991 0.579181 0.603319
5 0.714577 0.602922 0.570847 0.603250
5 0.718558 0.602795 0.562884 0.603123
5 0.680169 0.581397 0.639661 0.581725
5 0.684166 0.581893 0.631668 0.582220
5 0.688221 0.581409 0.623558 0.581737
5 0.692207 0.581582 0.615587 0.581910
5 0.696190 0.581814 0.607621 0.582142
5 0.700341 0.580897 0.599318 0.581224
5 0.704349 0.580897 0.591302 0.581224
5 0.708651 0.581749 0.582698 0.582077
5 0.702352 0.602195 0.595295 0.602523
5 0.698281 0.603526 0.603438 0.603854
5 0.694193 0.602732 0.611614 0.603060
5 0.706441 0.602005 0.587118 0.602332
5 0.696221 0.623650 0.607557 0.623978
5 0.700310 0.624444 0.599381 0.624772
5 0.704381 0.623113 0.591238 0.623441
5 0.712438 0.623909 0.575124 0.624237
5 0.716605 0.623840 0.566790 0.624167
5 0.720586 0.623712 0.558828 0.624040
5 0.708501 0.623493 0.582998 0.623821
5 0.724558 0.623549 0.550884 0.623877
5 0.742456 0.603044 0.515088 0.603372
5 0.738617 0.603037 0.522765 0.603365
5 0.734528 0.603180 0.530944 0.603508
5 0.726718 0.603800 0.546564 0.604128
5 0.722511 0.602947 0.554978 0.603275
5 0.748406 0.624823 0.503188 0.625151
5 0.728649 0.624693 0.542701 0.625021
5 0.736460 0.624563 0.527081 0.624891
5 0.740549 0.624420 0.518902 0.624748
5 0.744387 0.624427 0.511225 0.624755
5 0.499422 0.534505 0.502373 0.534833
5 0.491258 0.555871 0.494209 0.556199
5 0.482563 0.534505 0.485514 0.534833
5 0.250682 0.551316 0.253633 0.551644
5 0.266233 0.551823 0.269184 0.552151
5 0.282348 0.552330 0.285298 0.552658
5 0.274497 0.572389 0.277448 0.572716
5 0.266646 0.592870 0.269597 0.593198
5 0.322878 0.574107 0.325829 0.574435
5 0.355198 0.575175 0.358148 0.575503
5 0.371122 0.575177 0.374072 0.575505
5 0.355618 0.615519 0.358569 0.615847
5 0.426773 0.596683 0.429724 0.597010
5 0.442786 0.596806 0.445736 0.597134
5 0.459037 0.597592 0.461987 0.597920
5 0.475562 0.597467 0.478513 0.597795
5 0.491565 0.597592 0.494516 0.597920
5 0.507942 0.597924 0.510893 0.598252
5 0.555893 0.599303 0.558843 0.599631
5 0.571911 0.599369 0.574862 0.599697
5 0.539642 0.598517 0.542592 0.598845
5 0.523629 0.598394 0.526580 0.598722
5 0.402634 0.575006 0.405585 0.575334
5 0.418321 0.575477 0.421272 0.575804
5 0.450585 0.576386 0.453536 0.576714
5 0.467111 0.576261 0.470061 0.576589
5 0.483113 0.576386 0.486064 0.576714
5 0.499490 0.576718 0.502441 0.577046
5 0.434334 0.575600 0.437285 0.575928
5 0.531190 0.577311 0.534141 0.577639
5 0.515177 0.577188 0.518128 0.577516
5 0.547441 0.578097 0.550392 0.578425
5 0.563460 0.578163 0.566410 0.578491
5 0.522791 0.515024 0.525742 0.515352
5 0.226438 0.487795 0.229389 0.488123
5 0.273577 0.447481 0.276528 0.447809
5 0.265712 0.468029 0.268663 0.468357
5 0.257524 0.488630 0.260475 0.488958
5 0.387710 0.313126 0.390661 0.313454
5 0.360957 0.333538 0.363908 0.333865
5 0.586958 0.599114 0.589909 0.599442
5 0.619269 0.600407 0.622220 0.600735
5 0.602754 0.600278 0.605704 0.600606
5 0.660686 0.580709 0.663637 0.581037
5 0.644170 0.580580 0.647121 0.580908