5 0.260259 0.400095 0.262468 0.398911
5 0.290720 0.415483 0.291351 0.413352
5 0.301452 0.423295 0.304293 0.421638
5 0.306936 0.445313 0.314985 0.441762
5 0.266414 0.423532 0.270518 0.421875
5 0.213857 0.419271 0.219697 0.423295
5 0.228851 0.442235 0.232955 0.440814
5 0.228693 0.461411 0.231061 0.463778
5 0.242898 0.485795 0.250316 0.482008
5 0.260259 0.485085 0.263889 0.483191
5 0.270360 0.482718 0.272412 0.484848
5 0.254735 0.505682 0.256313 0.504261
5 0.237216 0.506392 0.242424 0.500710
5 0.212121 0.501657 0.219697 0.504972
5 0.202533 0.505209 0.207584 0.501895
5 0.231850 0.420218 0.237216 0.421402
5 0.341856 0.421875 0.348485 0.424953
5 0.337121 0.421165 0.338699 0.418561
5 0.323390 0.418797 0.323706 0.413116
5 0.342803 0.398911 0.346433 0.395360
5 0.371843 0.405066 0.378157 0.400331
5 0.351484 0.445549 0.354167 0.447443
5 0.377683 0.470644 0.383681 0.470407
5 0.309028 0.461884 0.310448 0.464015
5 0.390467 0.424716 0.395991 0.427794
5 0.407513 0.402462 0.409880 0.399858
5 0.429135 0.404119 0.430871 0.405303
5 0.442472 0.387429 0.449101 0.383167
5 0.448074 0.362926 0.454230 0.363873
5 0.436080 0.360085 0.436711 0.360085
5 0.417298 0.356061 0.418876 0.357008
5 0.409407 0.353693 0.410827 0.351326
5 0.215436 0.481297 0.218277 0.477746
5 0.231218 0.524621 0.232955 0.523201
5 0.448232 0.408854 0.454072 0.409328
5 0.473643 0.407197 0.474747 0.402225
5 0.459596 0.386364 0.464962 0.383523
5 0.469066 0.385890 0.472222 0.387547
5 0.474432 0.360795 0.474747 0.354640
5 0.489110 0.389678 0.494949 0.387547
5 0.483455 0.410805 0.487085 0.409148
5 0.492027 0.405875 0.492974 0.407532
5 0.495739 0.429688 0.497159 0.428267
5 0.502525 0.430161 0.506471 0.432528
5 0.520991 0.432292 0.524148 0.433712
5 0.509628 0.407670 0.512626 0.410038
5 0.510574 0.389441 0.512153 0.388021
5 0.517677 0.384943 0.524306 0.389915
5 0.495107 0.367188 0.501105 0.368134
5 0.489110 0.345881 0.494949 0.344934
5 0.547506 0.368371 0.551610 0.366004
5 0.553346 0.390862 0.559817 0.389205
5 0.556029 0.407907 0.558712 0.410511
5 0.548295 0.411932 0.552399 0.410275
5 0.553346 0.345881 0.559659 0.344697
5 0.606850 0.346828 0.612216 0.342566
5 0.525410 0.406960 0.527146 0.409564
5 0.612216 0.368371 0.616635 0.366004
5 0.629158 0.369081 0.633104 0.366241
5 0.639836 0.388494 0.640898 0.386279
5 0.647569 0.410748 0.649621 0.408381
5 0.638100 0.433949 0.640941 0.431345
5 0.622491 0.432430 0.624543 0.431010
5 0.607797 0.408854 0.611742 0.411222
5 0.661932 0.410511 0.663659 0.409376
5 0.644729 0.388021 0.652146 0.391335
5 0.662090 0.366004 0.664457 0.363400
5 0.667298 0.388731 0.665404 0.387311
5 0.647569 0.345644 0.653251 0.347064
5 0.667588 0.346868 0.664824 0.342370
5 0.669791 0.366771 0.660419 0.362036
5 0.671323 0.389441 0.657355 0.383759
5 0.669399 0.410714 0.661202 0.405621
5 0.673572 0.410511 0.652857 0.407197
5 0.667771 0.431973 0.664457 0.433867
5 0.668718 0.455256 0.662563 0.454309
5 0.672191 0.430871 0.655619 0.433239
5 0.674558 0.391572 0.650884 0.388968
5 0.673217 0.412405 0.653567 0.416193
5 0.672664 0.368845 0.654672 0.366241
5 0.646715 0.367661 0.649240 0.366004
5 0.679892 0.414536 0.640217 0.411458
5 0.680122 0.389205 0.639757 0.377841
5 0.675821 0.370265 0.648359 0.366004
5 0.680043 0.372396 0.639915 0.370028
5 0.678859 0.348722 0.642282 0.344697
5 0.683160 0.389678 0.633681 0.384233
5 0.685488 0.411932 0.629025 0.407907
5 0.683528 0.433296 0.632943 0.435190
5 0.687510 0.457346 0.624981 0.454741
5 0.681739 0.453835 0.636521 0.458570
5 0.690735 0.435133 0.618529 0.433475
5 0.685843 0.408381 0.628314 0.413116
5 0.689631 0.368134 0.620739 0.366004
5 0.682213 0.371212 0.635574 0.370739
5 0.693103 0.393703 0.613794 0.391572
5 0.691801 0.415246 0.616398 0.413116
5 0.696220 0.415720 0.607560 0.412405
5 0.697601 0.437500 0.604798 0.435133
5 0.693221 0.436316 0.613557 0.435133
5 0.693178 0.455215 0.613644 0.449296
5 0.705058 0.438920 0.589883 0.437263
5 0.704773 0.412879 0.590455 0.408617
5 0.699850 0.393466 0.600300 0.393229
5 0.697719 0.394650 0.604561 0.392519
5 0.706913 0.392282 0.586174 0.389678
5 0.707978 0.415483 0.584044 0.412405
5 0.707412 0.436414 0.585176 0.437835
5 0.713976 0.438447 0.572049 0.435133
5 0.710227 0.416430 0.579545 0.417614
5 0.713542 0.393939 0.572917 0.389678
5 0.708254 0.392519 0.583491 0.393466
5 0.706163 0.366714 0.587674 0.368371
5 0.701389 0.365767 0.597222 0.360322
5 0.693971 0.369792 0.612058 0.369792
5 0.695549 0.477036 0.608902 0.477509
5 0.719658 0.416667 0.560685 0.413116
5 0.712743 0.416332 0.574514 0.417752
5 0.719530 0.390862 0.560941 0.387547
5 0.721039 0.394886 0.557923 0.392992
5 0.717961 0.366241 0.564078 0.368371
5 0.710740 0.371449 0.578520 0.369792
5 0.717968 0.365906 0.564065 0.358567
5 0.704388 0.336884 0.591225 0.339015
5 0.725813 0.394650 0.548374 0.393229
5 0.725300 0.415009 0.549400 0.416430
5 0.728526 0.439059 0.542948 0.438822
5 0.729788 0.436316 0.540423 0.439867
5 0.733648 0.412879 0.532703 0.409328
5 0.735874 0.414773 0.528251 0.412879
5 0.737492 0.437737 0.525016 0.436553
5 0.735427 0.457911 0.529146 0.450882
5 0.739179 0.439965 0.521642 0.436651
5 0.738360 0.417140 0.523280 0.412879
5 0.742582 0.436316 0.514836 0.437737
5 0.749132 0.438684 0.501736 0.436316
5 0.745028 0.418561 0.509943 0.415483
5 0.743684 0.395986 0.512632 0.394982
5 0.740830 0.395123 0.518341 0.392992
5 0.738272 0.376572 0.523455 0.372890
5 0.733625 0.372633 0.532749 0.371449
5 0.729482 0.366241 0.541035 0.368371
5 0.747955 0.370975 0.504090 0.369081