5 0.745648 0.181120 0.508703 0.362241
5 0.746389 0.150929 0.507221 0.301857
5 0.744751 0.134078 0.510498 0.268157
5 0.742606 0.149526 0.514789 0.299052
5 0.740343 0.163569 0.519313 0.327138
5 0.741787 0.179016 0.516427 0.358033
5 0.741787 0.179016 0.516427 0.358033
5 0.738197 0.178439 0.523606 0.356879
5 0.734351 0.177670 0.531299 0.355341
5 0.732214 0.191902 0.535573 0.383803
5 0.732812 0.160939 0.534377 0.321879
5 0.736530 0.162670 0.526940 0.325341
5 0.734949 0.146516 0.530103 0.293033
5 0.738667 0.147670 0.522667 0.295341
5 0.737214 0.131516 0.525573 0.263033
5 0.740932 0.132862 0.518137 0.265724
5 0.733496 0.128823 0.533009 0.257646
5 0.729863 0.128246 0.540274 0.256491
5 0.725931 0.126708 0.548138 0.253416
5 0.723837 0.142093 0.552326 0.284187
5 0.725461 0.158825 0.549077 0.317649
5 0.721658 0.157479 0.556685 0.314957
5 0.719265 0.172864 0.561471 0.345728
5 0.729863 0.206326 0.540274 0.412653
5 0.724777 0.189980 0.550445 0.379961
5 0.733624 0.207289 0.532753 0.414577
5 0.735932 0.193826 0.528137 0.387653
5 0.737470 0.208249 0.525060 0.416499
5 0.739265 0.223443 0.521470 0.446886
5 0.742983 0.224980 0.514034 0.449961
5 0.746829 0.225366 0.506342 0.450732
5 0.745034 0.209982 0.509931 0.419964
5 0.743581 0.194789 0.512838 0.389577
5 0.739735 0.193826 0.520530 0.387653
5 0.726828 0.175558 0.546343 0.351115
5 0.720846 0.188826 0.558309 0.377653
5 0.717085 0.187866 0.565831 0.375732
5 0.715204 0.172480 0.569592 0.344961
5 0.713751 0.155558 0.572498 0.311115
5 0.717511 0.156520 0.564977 0.313040
5 0.711529 0.171136 0.576943 0.342273
5 0.713366 0.187290 0.573268 0.374581
5 0.709434 0.186136 0.581132 0.372273
5 0.707725 0.170368 0.584550 0.340735
5 0.706229 0.154405 0.587542 0.308810
5 0.708494 0.136328 0.583012 0.272656
5 0.716058 0.138443 0.567884 0.276886
5 0.719776 0.141135 0.560447 0.282269
5 0.704178 0.138058 0.591645 0.276117
5 0.700289 0.137673 0.599423 0.275346
5 0.696314 0.136904 0.607372 0.273809
5 0.698066 0.153250 0.603867 0.306500
5 0.701913 0.154019 0.596175 0.308038
5 0.703494 0.170942 0.593013 0.341884
5 0.699605 0.169019 0.600790 0.338038
5 0.701272 0.185173 0.597457 0.370346
5 0.697468 0.184211 0.605064 0.368422
5 0.695801 0.168057 0.608398 0.336113
5 0.693664 0.181711 0.612672 0.363422
5 0.695331 0.198057 0.609338 0.396113
5 0.700246 0.244788 0.599509 0.489576
5 0.704049 0.245365 0.591901 0.490730
5 0.707896 0.246519 0.584209 0.493038
5 0.716400 0.218058 0.567200 0.436115
5 0.712554 0.217289 0.574892 0.434577
5 0.708708 0.216520 0.582585 0.433040
5 0.711015 0.201903 0.577969 0.403807
5 0.714819 0.202672 0.570362 0.405344
5 0.718452 0.203635 0.563097 0.407269
5 0.722340 0.204789 0.555319 0.409577
5 0.723921 0.220558 0.552157 0.441115
5 0.720203 0.219789 0.559593 0.439577
5 0.731400 0.222480 0.537200 0.444961
5 0.733024 0.237289 0.533952 0.474577
5 0.734819 0.252097 0.530362 0.504194
5 0.732682 0.266905 0.534636 0.533810
5 0.736486 0.267674 0.527028 0.535348
5 0.738623 0.253828 0.522754 0.507656
5 0.736870 0.238635 0.526259 0.477269
5 0.728365 0.293828 0.543269 0.587656
5 0.732212 0.295751 0.535576 0.591502
5 0.692416 0.135589 0.615168 0.271177
5 0.688615 0.134491 0.622770 0.268983
5 0.683791 0.127131 0.632418 0.254261
5 0.687816 0.133641 0.624369 0.267282
5 0.689315 0.146958 0.621370 0.293916
5 0.685211 0.148615 0.629577 0.297230
5 0.693024 0.145597 0.613952 0.291193
5 0.699653 0.151811 0.600694 0.303622
5 0.694760 0.161577 0.610480 0.323153
5 0.690657 0.161932 0.618687 0.323864
5 0.687224 0.157552 0.625552 0.315104
5 0.688447 0.174953 0.623106 0.349905
5 0.685606 0.177675 0.628788 0.355350
5 0.692038 0.179214 0.615925 0.358428
5 0.690025 0.192235 0.619949 0.384470
5 0.686592 0.193241 0.626815 0.386482
5 0.679293 0.192176 0.641414 0.384351
5 0.680220 0.193628 0.639560 0.387257
5 0.677912 0.146129 0.644176 0.292259
5 0.681029 0.148082 0.637942 0.296165
5 0.680556 0.127367 0.638889 0.254735
5 0.676491 0.128906 0.647017 0.257812
5 0.671480 0.126835 0.657039 0.253670
5 0.673808 0.140092 0.652383 0.280185
5 0.670573 0.144531 0.658854 0.289062
5 0.662090 0.126184 0.665088 0.252367
5 0.634628 0.136837 0.636364 0.273674
5 0.653567 0.141750 0.659407 0.283499
5 0.665562 0.139441 0.667456 0.278883
5 0.670178 0.158203 0.659643 0.316406
5 0.671875 0.155362 0.656250 0.310724
5 0.675229 0.157670 0.649542 0.315341
5 0.678425 0.161518 0.643150 0.323035
5 0.677360 0.171461 0.645281 0.342921
5 0.673217 0.174834 0.653567 0.349669
5 0.669665 0.170810 0.660669 0.341619
5 0.666233 0.174302 0.667535 0.348603
5 0.653251 0.172526 0.659407 0.345052
5 0.634527 0.166070 0.635112 0.332140
5 0.641888 0.153823 0.647727 0.307647
5 0.629261 0.154830 0.630208 0.309659
5 0.640783 0.182884 0.641730 0.365767
5 0.656723 0.185843 0.659249 0.371686
5 0.668008 0.187855 0.663984 0.375710
5 0.670612 0.189808 0.658775 0.379616
5 0.675032 0.189335 0.649937 0.378670
5 0.684501 0.205611 0.630997 0.411222
5 0.688329 0.206617 0.623343 0.413234
5 0.574179 0.130623 0.575284 0.261245
5 0.589962 0.130919 0.590593 0.261837
5 0.620265 0.131984 0.620896 0.263968
5 0.605903 0.134766 0.606376 0.269531
5 0.611742 0.145419 0.611742 0.290838
5 0.597064 0.148911 0.597854 0.297822
5 0.583807 0.152048 0.589015 0.304096
5 0.577494 0.150627 0.579545 0.301255
5 0.550821 0.145893 0.551610 0.291785
5 0.559028 0.130563 0.561237 0.261127
5 0.544981 0.130504 0.547980 0.261009
5 0.527778 0.127604 0.529198 0.255208
5 0.512784 0.128610 0.514520 0.257221
5 0.486742 0.129143 0.489899 0.258286
5 0.498737 0.128551 0.500631 0.257102
5 0.535985 0.145301 0.539457 0.290601
5 0.558239 0.164299 0.565499 0.328598
5 0.542456 0.161754 0.545455 0.323509
5 0.572759 0.161932 0.573548 0.323864
5 0.589804 0.166726 0.595170 0.333452
5 0.603693 0.166252 0.606534 0.332505
5 0.620107 0.168857 0.624369 0.337713
5 0.519886 0.145005 0.521780 0.290009
5 0.505681 0.142094 0.506266 0.284188
5 0.497948 0.160571 0.501105 0.321141
5 0.511048 0.157493 0.512311 0.314986
5 0.461648 0.142341 0.465909 0.284683
5 0.427083 0.135357 0.429135 0.270715
5 0.465593 0.153646 0.468277 0.307292
5 0.472538 0.140270 0.477431 0.280540
5 0.490846 0.143880 0.495423 0.287760
5 0.488636 0.173473 0.490215 0.346946
5 0.502683 0.170632 0.503314 0.341264
5 0.368056 0.131155 0.372317 0.262311
5 0.351168 0.126598 0.353062 0.253196
5 0.336806 0.128255 0.342961 0.256510
5 0.328914 0.142105 0.331124 0.284209
5 0.311729 0.142534 0.324789 0.285067
5 0.342528 0.145824 0.355588 0.291648
5 0.358317 0.147578 0.371377 0.295156
5 0.382292 0.134201 0.395353 0.268402
5 0.398082 0.135955 0.411142 0.271911
5 0.473519 0.173453 0.486579 0.346907
5 0.541158 0.193409 0.554218 0.386818
5 0.534725 0.178278 0.547785 0.356555
5 0.550124 0.179593 0.563184 0.359187
5 0.556947 0.195602 0.570007 0.391204
5 0.730350 0.143643 0.539299 0.287287
5 0.732678 0.144531 0.534643 0.289062
5 0.724550 0.126184 0.550900 0.252367