6 0.143624 0.312027 0.142045 0.319129
5 0.745282 0.580131 0.509437 0.580131
5 0.743183 0.599319 0.513634 0.599319
5 0.745731 0.541159 0.508538 0.541159
5 0.746730 0.497989 0.506539 0.497989
5 0.744982 0.477603 0.510037 0.477603
5 0.740080 0.456159 0.519841 0.456159
5 0.737481 0.476546 0.525038 0.476546
5 0.739180 0.497232 0.521640 0.497232
5 0.740729 0.517919 0.518542 0.517919
5 0.744816 0.530517 0.510368 0.535883
5 0.739994 0.557823 0.520011 0.557823
5 0.736170 0.556185 0.527661 0.556185
5 0.741284 0.477229 0.517433 0.477229
5 0.730797 0.534331 0.538406 0.534331
5 0.726927 0.532965 0.546145 0.532965
5 0.728566 0.553453 0.542867 0.553453
5 0.724879 0.551540 0.550243 0.551540
5 0.725152 0.512205 0.549697 0.512205
5 0.729022 0.513844 0.541957 0.513844
5 0.732937 0.514937 0.534126 0.514937
5 0.734531 0.535425 0.530939 0.535425
5 0.735123 0.495269 0.529755 0.495269
5 0.733483 0.475054 0.533033 0.475054
5 0.731708 0.453201 0.536585 0.453201
5 0.729659 0.473416 0.540682 0.473416
5 0.725789 0.472869 0.548422 0.472869
5 0.727701 0.452929 0.544598 0.452929
5 0.729659 0.432169 0.540682 0.432169
5 0.727792 0.411409 0.544415 0.411409
5 0.737945 0.436813 0.524109 0.436813
5 0.722374 0.468771 0.555252 0.468771
5 0.724013 0.491719 0.551973 0.491719
5 0.727838 0.493085 0.544324 0.493085
5 0.721022 0.549916 0.557957 0.549916
5 0.717097 0.548699 0.565805 0.548699
5 0.713579 0.547482 0.572842 0.547482
5 0.719263 0.530432 0.561475 0.530432
5 0.723187 0.530432 0.553626 0.530432
5 0.721428 0.510539 0.557144 0.510539
5 0.717706 0.508915 0.564588 0.508915
5 0.730192 0.573337 0.539617 0.573337
5 0.713917 0.507698 0.572166 0.507698
5 0.709789 0.545861 0.580421 0.545861
5 0.716150 0.487804 0.567700 0.487804
5 0.719939 0.489833 0.560122 0.489833
5 0.718383 0.467504 0.563234 0.467504
5 0.714594 0.464663 0.570812 0.464663
5 0.710872 0.462634 0.578256 0.462634
5 0.707015 0.463039 0.585969 0.463039
5 0.706474 0.504854 0.587052 0.504854
5 0.704782 0.484149 0.590435 0.484149
5 0.708639 0.484961 0.582721 0.484961
5 0.708098 0.526372 0.583804 0.526372
5 0.704309 0.523936 0.591382 0.523936
5 0.700452 0.522717 0.599095 0.522717
5 0.702618 0.503635 0.594764 0.503635
5 0.698829 0.502418 0.602343 0.502418
5 0.700994 0.482932 0.598012 0.482932
5 0.703295 0.463446 0.593410 0.463446
5 0.705190 0.443147 0.589621 0.443147
5 0.701536 0.441931 0.596928 0.441931
5 0.699370 0.462229 0.601259 0.462229
5 0.695581 0.461824 0.608837 0.461824
5 0.697273 0.482122 0.605454 0.482122
5 0.696664 0.521097 0.606672 0.521097
5 0.692875 0.519473 0.614250 0.519473
5 0.693822 0.440307 0.612355 0.440307
5 0.694634 0.540179 0.610731 0.540179
5 0.697611 0.440307 0.604777 0.440307
5 0.703701 0.422444 0.592597 0.422444
5 0.709114 0.440307 0.581771 0.440307
5 0.699912 0.420008 0.600176 0.420008
5 0.696191 0.417572 0.607619 0.417572
5 0.692334 0.418384 0.615333 0.418384
5 0.688477 0.416760 0.623046 0.416760
5 0.690101 0.437466 0.619798 0.437466
5 0.690710 0.397679 0.618581 0.397679
5 0.694363 0.397679 0.611273 0.397679
5 0.698491 0.399303 0.603018 0.399303
5 0.686717 0.395650 0.626565 0.395650
5 0.684687 0.413919 0.630625 0.413919
5 0.686311 0.436654 0.627377 0.436654
5 0.687935 0.458171 0.624129 0.458171
5 0.684146 0.456547 0.631707 0.456547
5 0.681913 0.475629 0.636173 0.475629
5 0.689424 0.480094 0.621152 0.480094
5 0.676433 0.452080 0.647134 0.452080
5 0.678598 0.432186 0.642803 0.432186
5 0.680696 0.413917 0.638608 0.413917
5 0.671290 0.428938 0.657419 0.428938
5 0.672644 0.450456 0.654712 0.450456
5 0.668990 0.449239 0.662020 0.449239
5 0.665404 0.448022 0.669192 0.448022
5 0.670614 0.471164 0.658772 0.471164
5 0.649826 0.465479 0.662665 0.465479
5 0.643601 0.444774 0.656440 0.444774
5 0.636563 0.423256 0.649403 0.423256
5 0.651991 0.425285 0.664830 0.425285
5 0.663780 0.426909 0.672440 0.426909
5 0.667569 0.427721 0.664862 0.427721
5 0.669667 0.407423 0.660666 0.407423
5 0.661194 0.404987 0.674033 0.404987
5 0.645766 0.402958 0.658606 0.402958
5 0.630339 0.402146 0.643178 0.402146
5 0.638729 0.382253 0.651568 0.382253
5 0.624113 0.381035 0.636411 0.381035
5 0.615451 0.400521 0.627749 0.400521
5 0.628714 0.443556 0.641012 0.443556
5 0.613286 0.441932 0.625584 0.441932
5 0.620052 0.462637 0.632350 0.462637
5 0.626818 0.483343 0.639116 0.483343
5 0.604624 0.461013 0.616922 0.461013
5 0.589197 0.458984 0.601495 0.458984
5 0.598128 0.439903 0.610426 0.439903
5 0.606790 0.420417 0.619088 0.420417
5 0.591092 0.417169 0.603390 0.417169
5 0.582431 0.437062 0.594729 0.437062
5 0.599754 0.398494 0.612052 0.398494
5 0.608144 0.379008 0.620442 0.379008
5 0.591905 0.375760 0.604203 0.375760
5 0.564569 0.390781 0.576867 0.390781
5 0.582433 0.394434 0.596083 0.394434
5 0.574853 0.411892 0.587151 0.411892
5 0.567274 0.432190 0.579572 0.432190
5 0.573771 0.455331 0.586068 0.455331
5 0.558884 0.452895 0.571182 0.452895
5 0.565109 0.474818 0.577407 0.474818
5 0.556989 0.494304 0.569287 0.494304
5 0.526135 0.489839 0.538433 0.489839
5 0.510979 0.486998 0.523277 0.486998
5 0.517475 0.509328 0.529773 0.509328
5 0.519640 0.467105 0.531938 0.467105
5 0.543456 0.450459 0.555754 0.450459
5 0.551847 0.432190 0.564145 0.432190
5 0.496634 0.441934 0.508932 0.441934
5 0.557532 0.411080 0.570641 0.411080
5 0.530737 0.402147 0.543846 0.402147
5 0.475253 0.415952 0.488362 0.415952
5 0.465780 0.439093 0.478889 0.439093
5 0.503401 0.466295 0.516510 0.466295
5 0.487432 0.463859 0.500541 0.463859
5 0.472547 0.461828 0.485657 0.461828
5 0.480126 0.484157 0.493235 0.484157
5 0.495283 0.486591 0.508392 0.486591
5 0.486892 0.506484 0.500002 0.506484
5 0.450623 0.437876 0.463733 0.437876
5 0.496092 0.369671 0.509201 0.369671
5 0.479312 0.368047 0.492421 0.368047
5 0.463614 0.368047 0.476723 0.368047
5 0.470110 0.392000 0.483220 0.392000
5 0.454413 0.392813 0.467522 0.392813
5 0.459826 0.415547 0.472936 0.415547
5 0.444399 0.413923 0.457508 0.413923
5 0.419500 0.432192 0.432609 0.432192
5 0.426266 0.456958 0.439375 0.456958
5 0.448460 0.480504 0.461569 0.480504
5 0.454684 0.502427 0.467794 0.502427
5 0.415582 0.405016 0.419623 0.408047
5 0.390324 0.380517 0.403587 0.380517
5 0.374010 0.381407 0.387272 0.381407
5 0.329516 0.376514 0.342779 0.376514
5 0.366298 0.406325 0.379560 0.406325
5 0.388544 0.430352 0.401806 0.430352
5 0.373119 0.429016 0.386382 0.429016
5 0.406934 0.381853 0.420196 0.381853
5 0.422952 0.384968 0.436214 0.384968
5 0.350577 0.405434 0.363839 0.405434
5 0.342272 0.425011 0.355534 0.425011
5 0.357993 0.427236 0.371256 0.427236
5 0.364519 0.449483 0.377782 0.449483
5 0.434226 0.435245 0.447488 0.435245
5 0.433039 0.362721 0.446301 0.362721
5 0.334857 0.401876 0.348119 0.401876
5 0.326849 0.422788 0.340111 0.422788
5 0.318544 0.444589 0.331806 0.444589
5 0.304306 0.396538 0.317569 0.396538
5 0.319434 0.397428 0.332696 0.397428
5 0.297188 0.372956 0.310451 0.372956
5 0.313503 0.374291 0.326765 0.374291
5 0.288883 0.397873 0.302146 0.397873
5 0.280585 0.420120 0.293544 0.420120
5 0.264963 0.419665 0.277922 0.419665
5 0.263446 0.459480 0.276405 0.459480
5 0.273609 0.399416 0.286568 0.399416
5 0.281495 0.377802 0.294455 0.377802
5 0.265720 0.379168 0.278680 0.379168
5 0.257378 0.398280 0.270337 0.398280
5 0.249794 0.377804 0.262753 0.377804
5 0.256923 0.358010 0.269882 0.358010
5 0.249188 0.418074 0.262147 0.418074
5 0.256317 0.438095 0.269276 0.438095
5 0.248279 0.458344 0.261238 0.458344
5 0.231898 0.456978 0.244857 0.456978
5 0.224163 0.436048 0.237122 0.436048
5 0.233263 0.417847 0.246222 0.417847
5 0.225528 0.394186 0.238487 0.394186
5 0.216882 0.413752 0.229841 0.413752
5 0.208236 0.433774 0.221196 0.433774
5 0.199893 0.452202 0.212853 0.452202
5 0.200956 0.411705 0.213915 0.411705
5 0.255165 0.479004 0.268124 0.479004
5 0.209106 0.392597 0.222065 0.392597
5 0.217318 0.373923 0.230277 0.373923
5 0.225264 0.354851 0.238224 0.354851
5 0.209901 0.352069 0.222861 0.352069
5 0.241156 0.356042 0.254115 0.356042
5 0.201955 0.371536 0.214914 0.371536
5 0.185798 0.369152 0.198757 0.369152
5 0.193214 0.390608 0.206173 0.390608
5 0.207518 0.473248 0.220477 0.473248
5 0.183680 0.449013 0.196639 0.449013
5 0.168052 0.447027 0.181011 0.447027
5 0.176527 0.427559 0.189486 0.427559
5 0.176527 0.427559 0.189486 0.427559
5 0.198247 0.491925 0.211207 0.491925
5 0.153748 0.403324 0.166707 0.403324
5 0.344614 0.380089 0.357876 0.380089
5 0.380107 0.357044 0.393369 0.357044
5 0.404088 0.432680 0.418134 0.432680
5 0.355779 0.470143 0.369041 0.470143
5 0.654291 0.383151 0.667130 0.383151