6 0.180556 0.319129 0.178504 0.323153
5 0.338226 0.379498 0.342172 0.380682
5 0.340751 0.355824 0.341698 0.353930
5 0.360322 0.399384 0.365846 0.402225
5 0.354640 0.397491 0.355745 0.395833
5 0.354482 0.420455 0.359691 0.422348
5 0.320234 0.418797 0.323706 0.420928
5 0.310764 0.437027 0.314236 0.439867
5 0.296494 0.419772 0.301387 0.414327
5 0.389362 0.384706 0.396622 0.381392
5 0.407355 0.422822 0.411616 0.418797
5 0.425663 0.418797 0.426768 0.408381
5 0.412563 0.400568 0.416035 0.398674
5 0.406723 0.383523 0.407039 0.384233
5 0.291824 0.517519 0.293245 0.513731
4 0.277462 0.464252 0.274779 0.471591
5 0.289773 0.499763 0.295928 0.501184
5 0.305398 0.458097 0.307607 0.459517
5 0.249842 0.495502 0.251263 0.494081
5 0.237216 0.515152 0.240057 0.512784
5 0.237532 0.556818 0.242424 0.553267
5 0.219697 0.594460 0.223011 0.591383
5 0.213699 0.615530 0.217961 0.612216
5 0.196970 0.634470 0.201705 0.636127
5 0.221907 0.611269 0.225537 0.615057
5 0.204703 0.552794 0.206597 0.550189
5 0.190341 0.573153 0.196181 0.573627
5 0.232323 0.593750 0.237058 0.596354
5 0.231534 0.494081 0.234217 0.488873
5 0.231376 0.475852 0.237374 0.477273
5 0.216225 0.472064 0.219539 0.473722
5 0.196338 0.489583 0.199337 0.487689
5 0.237058 0.437263 0.243529 0.433949
5 0.254261 0.437973 0.257260 0.436316
5 0.318971 0.483902 0.322759 0.481771
5 0.306818 0.501420 0.313605 0.503551
5 0.300189 0.539773 0.303188 0.537405
5 0.359848 0.442235 0.366477 0.444602
5 0.375947 0.401752 0.377841 0.404830
5 0.342487 0.342330 0.344223 0.341856
5 0.331124 0.482955 0.336963 0.484375
5 0.501894 0.424716 0.502999 0.422348
5 0.477746 0.424242 0.483586 0.424953
5 0.481218 0.396544 0.481534 0.389678
5 0.485006 0.399384 0.485953 0.401278
5 0.487216 0.380919 0.491162 0.377841
5 0.504104 0.381615 0.505051 0.378537
5 0.431345 0.396780 0.432765 0.395123
5 0.448548 0.395360 0.448864 0.391335
5 0.452809 0.421875 0.455019 0.420691
5 0.460951 0.446733 0.463634 0.444366
5 0.471275 0.447917 0.477431 0.447206
5 0.442708 0.371922 0.445707 0.377604
5 0.540924 0.388494 0.544396 0.387311
5 0.530145 0.388494 0.531408 0.386600
5 0.512626 0.388494 0.516414 0.383523
5 0.525568 0.363400 0.527462 0.366477
5 0.565341 0.369555 0.569444 0.368134
5 0.582860 0.369792 0.586648 0.368845
5 0.595170 0.390388 0.598169 0.386837
5 0.596749 0.368608 0.600379 0.370265
5 0.606218 0.347538 0.611900 0.350142
5 0.553819 0.410511 0.556345 0.407197
5 0.589665 0.435397 0.593926 0.433740
5 0.575999 0.453013 0.577735 0.454434
5 0.611900 0.411695 0.615215 0.410985
5 0.606376 0.391572 0.613005 0.388731
5 0.623106 0.411458 0.626420 0.414299
5 0.641971 0.415023 0.647653 0.415260
5 0.665404 0.412879 0.666824 0.407907
5 0.645731 0.394051 0.652044 0.395708
5 0.646927 0.372588 0.661652 0.372588
5 0.664733 0.393703 0.670533 0.392519
5 0.670573 0.371922 0.658854 0.370975
5 0.670533 0.415009 0.658933 0.413826
5 0.635899 0.438461 0.642528 0.434200
5 0.617898 0.435843 0.623895 0.435606
5 0.674598 0.437263 0.650805 0.435606
5 0.675939 0.417377 0.648122 0.415720
5 0.677083 0.398911 0.645833 0.397254
5 0.674558 0.394886 0.650884 0.393466
5 0.675545 0.375000 0.648911 0.373580
5 0.680161 0.379025 0.639678 0.377841
5 0.680792 0.400095 0.638415 0.395123
5 0.685014 0.375947 0.629972 0.373343
5 0.689552 0.376420 0.620896 0.375000
5 0.683712 0.354403 0.632576 0.354640
5 0.688605 0.357008 0.622790 0.354403
5 0.693853 0.378551 0.612295 0.374290
5 0.686987 0.395360 0.626026 0.397017
5 0.693932 0.395360 0.612137 0.389678
5 0.697443 0.395360 0.605114 0.392519
5 0.700876 0.394650 0.598248 0.392992
5 0.689828 0.419034 0.620344 0.417140
5 0.697562 0.414773 0.604877 0.415956
5 0.701586 0.415956 0.596828 0.413116
5 0.689710 0.461174 0.620581 0.456913
5 0.687342 0.461648 0.625316 0.458807
5 0.698469 0.435843 0.603062 0.437737
5 0.692432 0.355350 0.615136 0.355587
5 0.705177 0.393466 0.589646 0.389678
5 0.706834 0.414536 0.586332 0.412169
5 0.709280 0.415009 0.581439 0.412642
5 0.714173 0.414299 0.571654 0.412879
5 0.713305 0.390388 0.573390 0.392519
5 0.718351 0.413589 0.563298 0.410985
5 0.717882 0.390625 0.564236 0.391335
5 0.722498 0.393229 0.555003 0.392756
5 0.707702 0.438210 0.584596 0.436553
5 0.710188 0.437263 0.579624 0.437027
5 0.715238 0.439631 0.569523 0.438684
5 0.724511 0.438210 0.550979 0.436316
5 0.725300 0.417614 0.549400 0.412879
5 0.719697 0.412879 0.560606 0.414536
5 0.728733 0.417850 0.542535 0.417850
5 0.725574 0.392171 0.548853 0.393354
5 0.729364 0.393939 0.541272 0.394176
5 0.732008 0.375947 0.535985 0.375000
5 0.732718 0.417377 0.534564 0.416430
5 0.738676 0.412879 0.522648 0.401278
5 0.748619 0.417377 0.502762 0.414062
5 0.741930 0.418211 0.516140 0.417974
5 0.748658 0.397964 0.502683 0.395360