5 0.577604 0.138987 0.844793 0.277974
5 0.575320 0.153472 0.849360 0.306945
5 0.573474 0.138437 0.853051 0.276875
5 0.569443 0.139419 0.861114 0.278839
5 0.557993 0.133863 0.884013 0.267727
5 0.559967 0.148160 0.880066 0.296320
5 0.563901 0.176924 0.872197 0.353849
5 0.562041 0.162457 0.875917 0.324914
5 0.565912 0.191436 0.868175 0.382873
5 0.567139 0.153811 0.865721 0.307623
5 0.565074 0.139049 0.869852 0.278097
5 0.575145 0.182664 0.849711 0.365329
5 0.573193 0.167731 0.853614 0.335462
5 0.571352 0.153296 0.857296 0.306592
5 0.569934 0.191266 0.860132 0.382531
5 0.568113 0.176583 0.863774 0.353166
5 0.571869 0.236850 0.856262 0.473700
5 0.569896 0.221484 0.860208 0.442969
5 0.567884 0.207017 0.864232 0.414034
5 0.572944 0.198201 0.854112 0.396401
5 0.574031 0.220972 0.851937 0.441944
5 0.576004 0.236679 0.847992 0.473358
5 0.576270 0.206460 0.847460 0.412921
5 0.553916 0.133727 0.892168 0.267455
5 0.555973 0.148599 0.888055 0.297197
5 0.557968 0.162777 0.884064 0.325554
5 0.559907 0.177363 0.880186 0.354726
5 0.561918 0.191875 0.876164 0.383749
5 0.563744 0.207455 0.872513 0.414911
5 0.565630 0.221083 0.868739 0.442165
5 0.567819 0.236916 0.864362 0.473832
5 0.549845 0.134700 0.900310 0.269401
5 0.551795 0.148612 0.896410 0.297223
5 0.553897 0.163590 0.892205 0.327180
5 0.555765 0.177536 0.888470 0.355072
5 0.557705 0.192048 0.884590 0.384096
5 0.559602 0.207308 0.880797 0.414617
5 0.561417 0.222216 0.877165 0.444431
5 0.565703 0.251485 0.868593 0.502971
5 0.569810 0.251792 0.860380 0.503584
5 0.574002 0.251726 0.851997 0.503452
5 0.567694 0.265882 0.864612 0.531764
5 0.572049 0.266189 0.855901 0.532377
5 0.569933 0.280278 0.860133 0.560557