6 0.091289 0.220719 0.083661 0.219980
5 0.670194 0.289776 0.659611 0.296018
5 0.674436 0.290309 0.651128 0.296551
5 0.678656 0.290841 0.642689 0.297084
5 0.681165 0.269522 0.637670 0.275765
5 0.676679 0.265791 0.646642 0.272034
5 0.672304 0.265525 0.655392 0.271767
5 0.693824 0.269655 0.612353 0.275898
5 0.689804 0.264858 0.620392 0.271101
5 0.685518 0.264325 0.628964 0.270568
5 0.687050 0.288310 0.625900 0.294553
5 0.674725 0.240474 0.650550 0.246717
5 0.706743 0.266521 0.586514 0.272764
5 0.702285 0.265845 0.595430 0.272088
5 0.697948 0.267744 0.604104 0.273987
5 0.704621 0.292844 0.590758 0.299087
5 0.717717 0.292836 0.564566 0.299079
5 0.726216 0.293977 0.547568 0.300220
5 0.730674 0.294654 0.538652 0.300896
5 0.732475 0.268611 0.535050 0.274854
5 0.728445 0.270916 0.543109 0.277159
5 0.724280 0.269320 0.551441 0.275563
5 0.745933 0.269900 0.508134 0.276143
5 0.741501 0.268821 0.516999 0.275064
5 0.736932 0.268353 0.526136 0.274595
5 0.748109 0.295366 0.503782 0.301609
5 0.743838 0.294287 0.512324 0.300530
5 0.739350 0.294141 0.521301 0.300384
5 0.743555 0.244928 0.512890 0.251171
5 0.738890 0.245477 0.522220 0.251720
5 0.363712 0.231692 0.363795 0.237935
5 0.384178 0.233922 0.384261 0.240165
5 0.405176 0.234119 0.405259 0.240362
5 0.348107 0.281092 0.348190 0.287335
5 0.373985 0.258178 0.374068 0.264421
5 0.355360 0.256990 0.355443 0.263233
5 0.330928 0.280419 0.331011 0.286662
5 0.396161 0.268701 0.396407 0.268701
5 0.289230 0.252197 0.289313 0.258440
5 0.271402 0.251864 0.271486 0.258107
5 0.297432 0.278512 0.297515 0.284755
5 0.279377 0.276300 0.279460 0.282542
5 0.183254 0.251213 0.183337 0.257456
5 0.201081 0.251546 0.201164 0.257789
5 0.212661 0.274343 0.212744 0.280586
5 0.194833 0.274010 0.194917 0.280253
5 0.205544 0.299195 0.205628 0.305438
5 0.225977 0.300614 0.226060 0.306857
5 0.218450 0.251329 0.218534 0.257572
5 0.192107 0.229400 0.192190 0.235643
5 0.193202 0.382229 0.193448 0.382229
5 0.192308 0.346286 0.192391 0.352529
5 0.198247 0.322104 0.198331 0.328347
5 0.175168 0.348577 0.175252 0.354820
5 0.171944 0.377087 0.172027 0.383330
5 0.188620 0.408702 0.188866 0.408702
5 0.168720 0.407123 0.168803 0.413366
5 0.156841 0.348832 0.156924 0.355075
5 0.152259 0.379887 0.152342 0.386130
5 0.149035 0.409923 0.149118 0.416166
5 0.131941 0.396229 0.132187 0.396229
5 0.129225 0.424993 0.129472 0.424993
5 0.116283 0.313450 0.116366 0.319693
5 0.108646 0.288504 0.108730 0.294747
5 0.121204 0.269158 0.121287 0.275401
5 0.139362 0.274249 0.139445 0.280492
5 0.158877 0.275777 0.158960 0.282020
5 0.149883 0.296141 0.149966 0.302383
5 0.129689 0.294359 0.129772 0.300602
5 0.713629 0.241910 0.572742 0.248153