5 0.688775 0.368719 0.622449 0.375093
5 0.684934 0.414121 0.630131 0.420495
5 0.692967 0.368719 0.614067 0.375093
5 0.682761 0.391767 0.634478 0.398141
5 0.686912 0.392047 0.626176 0.398421
5 0.689013 0.414401 0.621974 0.420775
5 0.693176 0.414140 0.613648 0.420513
5 0.691075 0.391786 0.617850 0.398160
5 0.695151 0.392047 0.609698 0.398421
5 0.697252 0.414401 0.605497 0.420775
5 0.676681 0.369060 0.646639 0.375433
5 0.680696 0.370464 0.638607 0.376837
5 0.678889 0.348990 0.642222 0.355363
5 0.690794 0.340950 0.618411 0.347324
5 0.674506 0.391325 0.650988 0.397699
5 0.678718 0.391015 0.642563 0.397389
5 0.676717 0.413142 0.646566 0.419516
5 0.680794 0.412832 0.638411 0.419206
5 0.674712 0.435677 0.650576 0.442051
5 0.678887 0.434974 0.642225 0.441347
5 0.682929 0.435541 0.634142 0.441915
5 0.687008 0.435821 0.625985 0.442195
5 0.691205 0.436629 0.617590 0.443002
5 0.695313 0.436824 0.609373 0.443198
5 0.689058 0.458077 0.621884 0.464451
5 0.693255 0.458885 0.613490 0.465258
5 0.697364 0.459080 0.605272 0.465454
5 0.670600 0.435806 0.658799 0.442179
5 0.672627 0.413271 0.654746 0.419644
5 0.670373 0.391325 0.659254 0.397699
5 0.631840 0.389734 0.631067 0.396108
5 0.647773 0.388442 0.646999 0.394815
5 0.664522 0.390867 0.663749 0.397241
5 0.639971 0.366915 0.639198 0.373288
5 0.607503 0.365305 0.606729 0.371678
5 0.615450 0.389094 0.614676 0.395467
5 0.632782 0.342425 0.632009 0.348798
5 0.616879 0.339192 0.616106 0.345566
5 0.599938 0.338393 0.599164 0.344767
5 0.567442 0.336375 0.566668 0.342749
5 0.575637 0.361987 0.574864 0.368360
5 0.583180 0.388070 0.582406 0.394443
5 0.599570 0.388710 0.598797 0.395083
5 0.640595 0.412251 0.639822 0.418624
5 0.624242 0.411632 0.623469 0.418005
5 0.607852 0.410991 0.607078 0.417365
5 0.533612 0.385842 0.532838 0.392216
5 0.550002 0.386483 0.549229 0.392856
5 0.566681 0.386867 0.565908 0.393240
5 0.575269 0.410611 0.574496 0.416984
5 0.558686 0.410166 0.557913 0.416539
5 0.541864 0.408619 0.541532 0.415183
5 0.525617 0.409142 0.524844 0.415515
5 0.566509 0.432470 0.565735 0.438843
5 0.549926 0.432025 0.549152 0.438399
5 0.533451 0.431380 0.532677 0.437753
5 0.525032 0.453880 0.524258 0.460253
5 0.541507 0.454525 0.540733 0.460899
5 0.558089 0.454970 0.557316 0.461343
5 0.508585 0.410593 0.507811 0.416967
5 0.516903 0.431670 0.516129 0.438044
5 0.509064 0.454606 0.508290 0.460979
5 0.542003 0.362859 0.541229 0.369232
5 0.558393 0.363499 0.557620 0.369873
5 0.500504 0.386663 0.499731 0.393037
5 0.516895 0.387304 0.516121 0.393677
5 0.508595 0.363362 0.507822 0.369736
5 0.491749 0.362722 0.490975 0.369095
5 0.516185 0.335691 0.515411 0.342065
5 0.451420 0.385505 0.450647 0.391879
5 0.482446 0.336181 0.481672 0.342555
5 0.475095 0.361459 0.474321 0.367832
5 0.466020 0.336899 0.465246 0.343273
5 0.443004 0.362722 0.442230 0.369095
5 0.427005 0.365388 0.426231 0.371762
5 0.484176 0.386098 0.483402 0.392471
5 0.467984 0.385598 0.467211 0.391971
5 0.499511 0.335544 0.498737 0.341917
5 0.459470 0.408894 0.458697 0.415268
5 0.476317 0.408973 0.475543 0.415347
5 0.450933 0.433782 0.450160 0.440155
5 0.467725 0.432516 0.466952 0.438890
5 0.484607 0.430602 0.483833 0.436975
5 0.501027 0.432143 0.500253 0.438517
5 0.492331 0.454207 0.491558 0.460580
5 0.475992 0.454250 0.475219 0.460624
5 0.459517 0.455433 0.458744 0.461807
5 0.442238 0.455845 0.441464 0.462219
5 0.418258 0.387954 0.417926 0.394518
5 0.426194 0.411180 0.425861 0.417744
5 0.442645 0.411616 0.442313 0.418180
5 0.401516 0.387083 0.401184 0.393647
5 0.417449 0.431024 0.416676 0.437397
5 0.434145 0.432952 0.433371 0.439325
5 0.425356 0.454272 0.424583 0.460645
5 0.408850 0.452362 0.408077 0.458735
5 0.393095 0.409119 0.392763 0.415683
5 0.384350 0.428963 0.383577 0.435336
5 0.375751 0.450301 0.374978 0.456674
5 0.392173 0.451450 0.391399 0.457824
5 0.401215 0.429243 0.400441 0.435616
5 0.410054 0.409555 0.409721 0.416119
5 0.359271 0.449667 0.358497 0.456040
5 0.368585 0.386680 0.368253 0.393244
5 0.384868 0.387496 0.384536 0.394060
5 0.393573 0.364930 0.393241 0.371494
5 0.351801 0.383034 0.351028 0.389408
5 0.335307 0.383824 0.334534 0.390197
5 0.318813 0.384350 0.318040 0.390724
5 0.326534 0.404485 0.325760 0.410859
5 0.310040 0.405012 0.309266 0.411385
5 0.302441 0.426752 0.301668 0.433125
5 0.335409 0.426052 0.334636 0.432425
5 0.318562 0.426110 0.317789 0.432484
5 0.301663 0.469522 0.300889 0.475895
5 0.318143 0.470156 0.317370 0.476529
5 0.335124 0.472564 0.334350 0.478937
5 0.351242 0.472217 0.350469 0.478590
5 0.367002 0.472449 0.366229 0.478823
5 0.327480 0.448794 0.326707 0.455167
5 0.293907 0.448063 0.293134 0.454437
5 0.284791 0.470361 0.284017 0.476734
5 0.251493 0.468618 0.250720 0.474991
5 0.268194 0.469767 0.267421 0.476141
5 0.268837 0.427436 0.268505 0.434000
5 0.260092 0.447280 0.259319 0.453653
5 0.277143 0.448259 0.276370 0.454632
5 0.285796 0.427872 0.285463 0.434436
5 0.234182 0.467306 0.233409 0.473680
5 0.242781 0.445968 0.242007 0.452342
5 0.251788 0.425994 0.251456 0.432558
5 0.243831 0.404355 0.243499 0.410919
5 0.260618 0.405535 0.260286 0.412099
5 0.277577 0.405970 0.277245 0.412534
5 0.359182 0.494598 0.358409 0.500972
5 0.342585 0.493795 0.341811 0.500168
5 0.326466 0.493343 0.325693 0.499716
5 0.309486 0.490935 0.308712 0.497308
5 0.292853 0.491900 0.292079 0.498273
5 0.276133 0.491140 0.275359 0.497513
5 0.259232 0.490775 0.258458 0.497148
5 0.242607 0.490082 0.241834 0.496455
5 0.225524 0.488085 0.224751 0.494458
5 0.416870 0.474975 0.416097 0.481348
5 0.400262 0.473831 0.399489 0.480205
5 0.664826 0.435295 0.664053 0.441668
5 0.648473 0.434676 0.647699 0.441050
5 0.632083 0.434036 0.631309 0.440409
5 0.615548 0.432469 0.614775 0.438843
5 0.599616 0.433762 0.598842 0.440136
5 0.583225 0.433122 0.582452 0.439495
5 0.709231 0.410385 0.581539 0.416758
5 0.707739 0.435682 0.584521 0.442055
5 0.699338 0.437457 0.601325 0.443830
5 0.701183 0.415175 0.597633 0.421548
5 0.705203 0.413477 0.589595 0.419850
5 0.703535 0.437019 0.592930 0.443393
5 0.711699 0.433862 0.576602 0.440235
5 0.715787 0.435394 0.568427 0.441768
5 0.713903 0.458482 0.572195 0.464856
5 0.709751 0.457620 0.580497 0.463993
5 0.705680 0.458099 0.588640 0.464472
5 0.701475 0.459436 0.597049 0.465810
5 0.730089 0.417683 0.539822 0.424056
5 0.726047 0.417248 0.547906 0.423622
5 0.721996 0.417283 0.556008 0.423657
5 0.717929 0.412991 0.564143 0.419365
5 0.727901 0.394593 0.544199 0.400967
5 0.731920 0.395440 0.536161 0.401813
5 0.719776 0.438291 0.560448 0.444664
5 0.723988 0.438667 0.552025 0.445041
5 0.727961 0.439376 0.544079 0.445750
5 0.732171 0.438964 0.535657 0.445338
5 0.734162 0.461070 0.531676 0.467443
5 0.730112 0.461482 0.539777 0.467855
5 0.721905 0.460223 0.556189 0.466597
5 0.748263 0.439988 0.503474 0.446362
5 0.744153 0.439196 0.511694 0.445569
5 0.740180 0.438487 0.519640 0.444860
5 0.746156 0.418112 0.507688 0.424485
5 0.742046 0.417320 0.515909 0.423693
5 0.748497 0.397841 0.503005 0.404215
5 0.746223 0.461764 0.507554 0.468137
5 0.742113 0.460972 0.515775 0.467345
5 0.738140 0.460263 0.523721 0.466636
5 0.748216 0.482741 0.503568 0.489114
5 0.744132 0.482937 0.511737 0.489310
5 0.740046 0.482291 0.519908 0.488664
5 0.736073 0.482313 0.527854 0.488687
5 0.732022 0.482389 0.535956 0.488762
5 0.727972 0.482216 0.544056 0.488589