5 0.558419 0.484345 0.883163 0.485500
5 0.556584 0.466024 0.886832 0.467179
5 0.560233 0.502709 0.879534 0.503864
5 0.556577 0.503359 0.886846 0.504514
5 0.552812 0.466307 0.894375 0.467461
5 0.541817 0.466307 0.916367 0.467461
5 0.550808 0.485646 0.898384 0.486800
5 0.549102 0.466794 0.901796 0.467949
5 0.569557 0.519003 0.860886 0.520158
5 0.565650 0.519773 0.868700 0.520928
5 0.561912 0.521073 0.876175 0.522228
5 0.441896 0.448704 0.883791 0.449859
5 0.434814 0.427635 0.869628 0.428790
5 0.436676 0.469584 0.873352 0.470739
5 0.386317 0.449671 0.772633 0.450826
5 0.364375 0.448704 0.728750 0.449859
5 0.342633 0.450444 0.685266 0.451599
5 0.331796 0.450089 0.663591 0.451244
5 0.283318 0.469268 0.566636 0.470423