6 0.567827 0.362926 0.864347 0.364347
5 0.190238 0.520917 0.380476 0.525168
5 0.196365 0.540673 0.392730 0.544924
5 0.213412 0.519489 0.426825 0.523740
5 0.220259 0.539577 0.440517 0.543828
5 0.207828 0.499676 0.415656 0.503928
5 0.219388 0.498791 0.438777 0.503043
5 0.231226 0.498570 0.462451 0.502821
5 0.243395 0.496689 0.486789 0.500941
5 0.237715 0.518195 0.475430 0.522446
5 0.249573 0.516729 0.499145 0.520981
5 0.232019 0.538309 0.464038 0.542560
5 0.191185 0.560375 0.382369 0.564626
5 0.202745 0.559490 0.405490 0.563741
5 0.214582 0.559269 0.429165 0.563520
5 0.226484 0.559168 0.452969 0.563419
5 0.256049 0.537597 0.512099 0.541848
5 0.250353 0.557711 0.500707 0.561962
5 0.244819 0.578570 0.489637 0.582821
5 0.291099 0.493307 0.582198 0.497559
5 0.309813 0.511920 0.619627 0.516171
5 0.297620 0.513031 0.595240 0.517283
5 0.286060 0.513916 0.572119 0.518168
5 0.261373 0.476219 0.522745 0.480470
5 0.267894 0.495943 0.535788 0.500195
5 0.218652 0.459131 0.437305 0.463382
5 0.224741 0.478637 0.449483 0.482888
5 0.212973 0.480102 0.425946 0.484354
5 0.268723 0.576881 0.537447 0.581132
5 0.256821 0.576982 0.513643 0.581233
5 0.274507 0.554178 0.549015 0.558429
5 0.286238 0.553293 0.572477 0.557545
5 0.298075 0.553072 0.596151 0.557323
5 0.310500 0.553405 0.621000 0.557657
5 0.304122 0.532804 0.608243 0.537055
5 0.298720 0.595206 0.597439 0.599457
5 0.292592 0.574913 0.585185 0.579165
5 0.310962 0.594083 0.621924 0.598335
5 0.239166 0.599653 0.478333 0.603904
5 0.251238 0.598598 0.502476 0.602849
5 0.262905 0.597695 0.525810 0.601946
5 0.275244 0.596496 0.550488 0.600747
5 0.232950 0.579215 0.465900 0.583466
5 0.322057 0.549735 0.644113 0.553986
5 0.316369 0.573159 0.632738 0.577411
5 0.328148 0.572632 0.656296 0.576883
5 0.339831 0.570633 0.679663 0.574884
5 0.358279 0.590925 0.716558 0.595177
5 0.346519 0.591387 0.693037 0.595638
5 0.357433 0.547881 0.714867 0.552133
5 0.345673 0.548343 0.691346 0.552594
5 0.375496 0.569403 0.750993 0.573655
5 0.363198 0.569557 0.726396 0.573808
5 0.173824 0.581800 0.347647 0.586052
5 0.185384 0.579745 0.370768 0.583996
5 0.197221 0.579523 0.394443 0.583775
5 0.209123 0.579423 0.418247 0.583674
5 0.191709 0.600922 0.383419 0.605173
5 0.203530 0.600297 0.407060 0.604548
5 0.215107 0.599815 0.430214 0.604067
5 0.227009 0.599715 0.454018 0.603966
5 0.154455 0.523397 0.308911 0.527649
5 0.148848 0.543099 0.297697 0.547350
5 0.143581 0.563748 0.287162 0.568000
5 0.142725 0.523824 0.285450 0.528075
5 0.171731 0.501643 0.343462 0.505894
5 0.138739 0.584786 0.277478 0.589037
5 0.150299 0.582730 0.300599 0.586982
5 0.162136 0.582509 0.324273 0.586760
5 0.133023 0.604272 0.266047 0.608523
5 0.144861 0.604051 0.289721 0.608302
5 0.156548 0.603342 0.313095 0.607593
5 0.168108 0.602391 0.336217 0.606642
5 0.139494 0.624411 0.278989 0.628662
5 0.151182 0.623701 0.302363 0.627953
5 0.476397 0.586763 0.952794 0.591014
5 0.464208 0.585715 0.928415 0.589966
5 0.452541 0.586617 0.905081 0.590869
5 0.440469 0.587673 0.880938 0.591924
5 0.428312 0.587734 0.856624 0.591986
5 0.416410 0.587835 0.832820 0.592086
5 0.411531 0.609931 0.823063 0.614182
5 0.423075 0.609974 0.846149 0.614225
5 0.435304 0.608764 0.870608 0.613015
5 0.447088 0.608139 0.894177 0.612391
5 0.458755 0.607237 0.917510 0.611488
5 0.470592 0.607329 0.941185 0.611580
5 0.399479 0.610648 0.798958 0.614900
5 0.417728 0.630286 0.835455 0.634537
5 0.388575 0.650966 0.777149 0.655218
5 0.400627 0.650249 0.801254 0.654500
5 0.412170 0.650292 0.824341 0.654543
5 0.397901 0.528864 0.795802 0.533116
5 0.409875 0.568221 0.819749 0.572472
5 0.422032 0.568159 0.844064 0.572411
5 0.434103 0.567104 0.868207 0.571355
5 0.428168 0.546699 0.856337 0.550950
5 0.440326 0.546637 0.880651 0.550888
5 0.452039 0.544147 0.904077 0.548398
5 0.470019 0.565627 0.940037 0.569879
5 0.481999 0.563998 0.963998 0.568249
5 0.409621 0.529133 0.819242 0.533384
5 0.445438 0.525495 0.890877 0.529746
5 0.457536 0.525453 0.915071 0.529704
5 0.438955 0.505027 0.877910 0.509279
5 0.369972 0.591356 0.739945 0.595607
5 0.515519 0.580945 0.968963 0.585197
5 0.511406 0.582145 0.977189 0.586396
5 0.507517 0.583047 0.984967 0.587299
5 0.503493 0.584103 0.993014 0.588354
5 0.517429 0.560277 0.965142 0.564529
5 0.513347 0.561289 0.973306 0.565540
5 0.509458 0.562191 0.981084 0.566443
5 0.505434 0.563247 0.989131 0.567498
5 0.521281 0.560465 0.957439 0.564717
5 0.519370 0.581133 0.961259 0.585384
5 0.521563 0.600110 0.956875 0.604362
5 0.549070 0.594599 0.901859 0.598851
5 0.545178 0.594777 0.909644 0.599029
5 0.551202 0.614117 0.897596 0.618369
5 0.547273 0.615028 0.905455 0.619279
5 0.549257 0.635742 0.901487 0.639993
5 0.551412 0.656114 0.897175 0.660366
5 0.555281 0.655082 0.889438 0.659333
5 0.553251 0.633367 0.893498 0.637618
5 0.561264 0.632879 0.877472 0.637130
5 0.557168 0.633057 0.885663 0.637308
5 0.559007 0.612988 0.881987 0.617239
5 0.559223 0.652582 0.881555 0.656834
5 0.563196 0.653380 0.873607 0.657632
5 0.537521 0.638176 0.924958 0.642427
5 0.541390 0.637143 0.917221 0.641395
5 0.545331 0.636718 0.909337 0.640969
5 0.541220 0.595820 0.917561 0.600071
5 0.539381 0.617347 0.921238 0.621598
5 0.551023 0.573610 0.897954 0.577861
5 0.554725 0.572755 0.890551 0.577007
5 0.552772 0.593745 0.894456 0.597996
5 0.523738 0.662429 0.952523 0.666680
5 0.571020 0.652369 0.857959 0.656620
5 0.567080 0.652987 0.865839 0.657238
5 0.564992 0.632045 0.870015 0.636297
5 0.568987 0.631058 0.862026 0.635309
5 0.564925 0.591779 0.870150 0.596030
5 0.570885 0.610686 0.858229 0.614937
5 0.557405 0.668019 0.885189 0.663962
5 0.561314 0.667597 0.877373 0.664807
5 0.533674 0.669390 0.932653 0.661220
5 0.537576 0.668930 0.924849 0.662141
5 0.541484 0.668507 0.917032 0.662986
5 0.545559 0.668403 0.908882 0.663194
5 0.549443 0.668305 0.901115 0.663390
5 0.578466 0.568914 0.843069 0.573165
5 0.576670 0.590249 0.846661 0.594500
5 0.580553 0.589856 0.838893 0.594107
5 0.582460 0.567927 0.835080 0.572178
5 0.569224 0.667178 0.861552 0.665644
5 0.563389 0.672580 0.873222 0.654841
5 0.571213 0.672327 0.857574 0.655347
5 0.567273 0.672481 0.865454 0.655038
5 0.574831 0.610878 0.850338 0.615130
5 0.572933 0.631250 0.854134 0.635502
5 0.568768 0.592016 0.862463 0.596267
5 0.583183 0.671929 0.833635 0.656143
5 0.579243 0.672083 0.841515 0.655833
5 0.575359 0.672182 0.849283 0.655636
5 0.535663 0.674264 0.928674 0.651471
5 0.537785 0.679288 0.924430 0.641425
5 0.584459 0.546097 0.831083 0.550348
5 0.580464 0.547085 0.839072 0.551336
5 0.588532 0.545328 0.822935 0.549580
5 0.590326 0.523499 0.819348 0.527750
5 0.578209 0.525101 0.843581 0.529353
5 0.587145 0.608656 0.825710 0.612907
5 0.582983 0.609049 0.834035 0.613300
5 0.587238 0.649320 0.825524 0.653571
5 0.585132 0.666846 0.829735 0.666308
5 0.581192 0.667000 0.837616 0.665999
5 0.575129 0.652229 0.849743 0.656481
5 0.573395 0.677340 0.853211 0.645320
5 0.585364 0.676942 0.829271 0.646116
5 0.523408 0.579611 0.953184 0.583862
5 0.493443 0.563105 0.986886 0.567356
5 0.468820 0.526220 0.937640 0.530472
5 0.475348 0.545108 0.950696 0.549359
5 0.507340 0.543176 0.985319 0.547428
5 0.513084 0.479945 0.973832 0.484196
5 0.509303 0.434241 0.981394 0.438492
5 0.137461 0.543998 0.274921 0.548250
5 0.131819 0.563598 0.263637 0.567850
5 0.130718 0.523470 0.261436 0.527722
5 0.177530 0.480844 0.355060 0.485095
5 0.165350 0.481720 0.330700 0.485971
5 0.153418 0.483464 0.306837 0.487715
5 0.184360 0.539952 0.368719 0.544204
5 0.179092 0.560602 0.358185 0.564853
5 0.167255 0.561950 0.334510 0.566202
5 0.172972 0.540852 0.345944 0.545103
5 0.128377 0.665134 0.256754 0.669386
5 0.181261 0.642725 0.362521 0.646976
5 0.169437 0.642974 0.338874 0.647225
5 0.157750 0.643683 0.315500 0.647934
5 0.145913 0.643904 0.291826 0.648156
5 0.134054 0.645013 0.268108 0.649264
5 0.140017 0.664654 0.280033 0.668905
5 0.163800 0.663499 0.327600 0.667751
5 0.175049 0.623158 0.350097 0.627409
5 0.186609 0.622207 0.373219 0.626458
5 0.175663 0.663667 0.351325 0.667919
5 0.187486 0.663418 0.374972 0.667669
5 0.204584 0.642374 0.409168 0.646625
5 0.192761 0.642623 0.385521 0.646875
5 0.135303 0.670555 0.270607 0.658890
5 0.146990 0.670378 0.293981 0.659244
5 0.158814 0.669965 0.317628 0.660070
5 0.170314 0.669940 0.340628 0.660121
5 0.182137 0.669877 0.364275 0.660246
4 0.551610 0.366477 0.896780 0.365530