5 0.327071 0.416691 0.654143 0.422934
5 0.314322 0.464656 0.628645 0.470899
5 0.294798 0.490154 0.589596 0.496396
5 0.232317 0.491097 0.464634 0.497340
5 0.238942 0.468699 0.477883 0.474942
5 0.226008 0.467911 0.452015 0.474153
5 0.232396 0.445355 0.464792 0.451598
5 0.226323 0.421537 0.452646 0.427780
5 0.207474 0.444408 0.414948 0.450651
5 0.188940 0.420748 0.377881 0.426991
5 0.182869 0.443781 0.365739 0.450024
5 0.189177 0.374848 0.378354 0.381091
5 0.233106 0.351819 0.466211 0.358062
5 0.170539 0.443459 0.341079 0.449701
5 0.164495 0.466346 0.328991 0.472588
5 0.176745 0.466184 0.353490 0.472427
5 0.152488 0.466023 0.304975 0.472266
5 0.170781 0.488588 0.341562 0.494831
5 0.183031 0.488427 0.366061 0.494670
5 0.207392 0.490314 0.414784 0.496557
5 0.219923 0.490458 0.439846 0.496701
5 0.195142 0.489508 0.390285 0.495751
5 0.176906 0.510508 0.353812 0.516751
5 0.201348 0.510945 0.402695 0.517188
5 0.213597 0.511751 0.427194 0.517993
5 0.226128 0.511895 0.452256 0.518137
5 0.133981 0.487358 0.267962 0.493601
5 0.152619 0.508919 0.305237 0.515162
5 0.140611 0.508597 0.281222 0.514840
5 0.146205 0.531162 0.292411 0.537405
5 0.158455 0.531001 0.316910 0.537243
5 0.170566 0.532082 0.341133 0.538325
5 0.182816 0.532888 0.365632 0.539131
5 0.207286 0.533419 0.414572 0.539662
5 0.189037 0.554113 0.378074 0.560356
5 0.201081 0.554922 0.402161 0.561165
5 0.213603 0.555455 0.427205 0.561698
5 0.176720 0.553593 0.353439 0.559836
5 0.133545 0.572797 0.267090 0.579040
5 0.146203 0.573725 0.292406 0.579968
5 0.158519 0.574262 0.317038 0.580505
5 0.139902 0.595093 0.279804 0.601336
5 0.127246 0.636379 0.254492 0.642622
5 0.164630 0.595871 0.329261 0.602114
5 0.177152 0.596405 0.354304 0.602648
5 0.201751 0.639465 0.403502 0.645707
5 0.214067 0.640001 0.428134 0.646244