5 0.403059 0.494309 0.806119 0.491009
5 0.391211 0.495454 0.782423 0.492154
5 0.380244 0.494397 0.760489 0.491097
5 0.369365 0.493516 0.738730 0.490216
5 0.407658 0.470832 0.815316 0.467532
5 0.336160 0.534257 0.672319 0.530957
5 0.347358 0.534372 0.694716 0.531072
5 0.358325 0.534918 0.716650 0.531618
5 0.369343 0.535689 0.738686 0.532389
5 0.320013 0.514296 0.640026 0.510996
5 0.331093 0.514016 0.662186 0.510717
5 0.342100 0.514089 0.684199 0.510790
5 0.287739 0.473124 0.575477 0.469824
5 0.247421 0.493157 0.494842 0.489857
5 0.281624 0.494047 0.563247 0.490747
5 0.270086 0.493402 0.540172 0.490102
5 0.258795 0.492951 0.517590 0.489651
5 0.275953 0.472650 0.551907 0.469351
5 0.265044 0.514277 0.530088 0.510977
5 0.242732 0.515444 0.485463 0.512144
5 0.220632 0.516369 0.441264 0.513069
5 0.211321 0.471867 0.422643 0.468568
5 0.225900 0.497091 0.451800 0.493791
5 0.160945 0.494946 0.321889 0.491647
5 0.166922 0.474635 0.333845 0.471336
5 0.166107 0.514692 0.332214 0.511392
5 0.281639 0.576722 0.563278 0.573423
5 0.292433 0.576189 0.584866 0.572890
5 0.303562 0.576574 0.607124 0.573274
5 0.514182 0.573855 0.971635 0.570556
5 0.510447 0.575069 0.979106 0.571769
5 0.508703 0.554896 0.982594 0.551597
5 0.506648 0.535336 0.986703 0.532036
5 0.504736 0.514760 0.990527 0.511460
5 0.514149 0.533114 0.971703 0.529814
5 0.510413 0.534327 0.979173 0.531027
5 0.515897 0.553485 0.968207 0.550185
5 0.505013 0.594268 0.989975 0.590968
5 0.503020 0.575586 0.993959 0.572286
5 0.501104 0.555694 0.997793 0.552394
5 0.500000 0.533959 1.000000 0.530660
5 0.502980 0.534508 0.994041 0.531208
5 0.512163 0.512921 0.975675 0.509621
5 0.525288 0.572420 0.949424 0.569121
5 0.523461 0.552414 0.953077 0.549114
5 0.521545 0.529874 0.956911 0.526574
5 0.517876 0.531198 0.964249 0.527898
5 0.532543 0.572420 0.934914 0.569121
5 0.530716 0.552414 0.938567 0.549114
5 0.529048 0.531529 0.941904 0.528229
5 0.523344 0.592782 0.953311 0.589482
5 0.519672 0.592248 0.960656 0.588948
5 0.515937 0.593462 0.968127 0.590162
5 0.512404 0.593228 0.975191 0.589928
5 0.525191 0.611426 0.949618 0.608126
5 0.537995 0.548536 0.924010 0.545236
5 0.534499 0.552348 0.931002 0.549048
5 0.353304 0.595846 0.706608 0.592546
5 0.364502 0.595960 0.729004 0.592661
5 0.375469 0.596507 0.750939 0.593207
5 0.386487 0.597277 0.772974 0.593977
5 0.298047 0.514836 0.596095 0.511536