5 0.130063 0.156983 0.260127 0.313967
5 0.135613 0.140785 0.271225 0.281570
5 0.146861 0.140336 0.293723 0.280671
5 0.124663 0.141685 0.249326 0.283370
5 0.129764 0.125257 0.259528 0.250515
5 0.152112 0.125257 0.304225 0.250515
5 0.140862 0.125032 0.281725 0.250064
5 0.192158 0.140556 0.384317 0.281112
5 0.180759 0.141230 0.361519 0.282461
5 0.169511 0.141005 0.339021 0.282010
5 0.158262 0.140556 0.316523 0.281112
5 0.141763 0.157205 0.283526 0.314411
5 0.152562 0.156756 0.305124 0.313512
5 0.164411 0.156531 0.328822 0.313061
5 0.175660 0.156531 0.351320 0.313061
5 0.170560 0.172280 0.341121 0.344560
5 0.136214 0.171606 0.272428 0.343212
5 0.148213 0.171606 0.296426 0.343212
5 0.130964 0.186904 0.261928 0.373809
5 0.125265 0.172055 0.250529 0.344110
5 0.131915 0.217951 0.263830 0.435902
5 0.127115 0.232800 0.254230 0.465600
5 0.198809 0.186005 0.397618 0.372010
5 0.126215 0.202878 0.252431 0.405756
5 0.210208 0.185556 0.420416 0.371112
5 0.204358 0.170707 0.408716 0.341413
5 0.198359 0.155858 0.396718 0.311715
5 0.209608 0.155632 0.419216 0.311264
5 0.203460 0.139883 0.406919 0.279766
5 0.225956 0.138757 0.451912 0.277514
5 0.221007 0.154506 0.442014 0.309013
5 0.237355 0.139432 0.474710 0.278864
5 0.259853 0.137859 0.519706 0.275717
5 0.248754 0.138533 0.497509 0.277067
5 0.266302 0.153382 0.532603 0.306765
5 0.277551 0.152482 0.555101 0.304964
5 0.271551 0.136958 0.543103 0.273917
5 0.283250 0.136509 0.566500 0.273018
5 0.288799 0.151358 0.577599 0.302717
5 0.311297 0.150458 0.622594 0.300916
5 0.294949 0.166431 0.589897 0.332862
5 0.283400 0.166206 0.566801 0.332411
5 0.316697 0.134034 0.633394 0.268068
5 0.304698 0.134483 0.609396 0.268967
5 0.328095 0.133358 0.656190 0.266715
5 0.350743 0.134032 0.701486 0.268065
5 0.373391 0.132232 0.746782 0.264464
5 0.384790 0.132006 0.769580 0.264013
5 0.390789 0.146855 0.781578 0.293709
5 0.402038 0.146406 0.804076 0.292813
5 0.413737 0.145732 0.827473 0.291463
5 0.407887 0.130882 0.815773 0.261765
5 0.419287 0.129533 0.838574 0.259066
5 0.430686 0.128184 0.861372 0.256367
5 0.436386 0.144157 0.872771 0.288313
5 0.447934 0.143482 0.895868 0.286964
5 0.442234 0.127733 0.884469 0.255465
5 0.453483 0.126833 0.906967 0.253667
5 0.464583 0.126159 0.929166 0.252319
5 0.470882 0.141909 0.941764 0.283817
5 0.482131 0.140783 0.964261 0.281566
5 0.506076 0.139434 0.987849 0.278867
5 0.476881 0.156982 0.953761 0.313963
5 0.476881 0.156982 0.953761 0.313963
5 0.513725 0.138759 0.972551 0.277518
5 0.527023 0.152708 0.945953 0.305415
5 0.544122 0.133811 0.911757 0.267623
5 0.547971 0.132236 0.904058 0.264473
5 0.552021 0.132236 0.895959 0.264473
5 0.555870 0.131562 0.888260 0.263123
5 0.563520 0.129085 0.872961 0.258169
5 0.563720 0.160132 0.872561 0.320265
5 0.557970 0.176331 0.884059 0.352662
5 0.573269 0.142584 0.853462 0.285169
5 0.571369 0.128186 0.857262 0.256373