5 0.324414 0.343164 0.648828 0.340619
5 0.337219 0.342652 0.674439 0.340106
5 0.317819 0.365446 0.635638 0.362900
5 0.330368 0.365190 0.660737 0.362644
5 0.343174 0.366214 0.686348 0.363669
5 0.355723 0.365958 0.711447 0.363413
5 0.349449 0.388624 0.698897 0.386078
5 0.336899 0.388496 0.673798 0.385950
5 0.324158 0.387855 0.648315 0.385310
5 0.311608 0.388112 0.623216 0.385566
5 0.299315 0.387343 0.598630 0.384798
5 0.305526 0.364677 0.611051 0.362132
5 0.248857 0.339448 0.497714 0.336902
5 0.255418 0.362264 0.510836 0.359719
5 0.267857 0.363220 0.535714 0.360675
5 0.280608 0.364245 0.561215 0.361700
5 0.292992 0.364209 0.585983 0.361664
5 0.249116 0.384056 0.498233 0.381510
5 0.261867 0.385080 0.523734 0.382535
5 0.236567 0.383320 0.473134 0.380774
5 0.217533 0.359803 0.435066 0.357258
5 0.230283 0.360828 0.460567 0.358282
5 0.223834 0.338011 0.447669 0.335466
5 0.205346 0.403974 0.410692 0.401429
5 0.217896 0.404159 0.435791 0.401613
5 0.230591 0.404853 0.461182 0.402307
5 0.243030 0.405919 0.486060 0.403374
5 0.255454 0.406608 0.510908 0.404062
5 0.267857 0.407597 0.535715 0.405051
5 0.280462 0.408443 0.560924 0.405898
5 0.292882 0.409467 0.585763 0.406922
5 0.305211 0.410314 0.610421 0.407768
5 0.318000 0.410385 0.635999 0.407839
5 0.330356 0.410129 0.660713 0.407583
5 0.343098 0.410769 0.686196 0.408223
5 0.355680 0.410852 0.711361 0.408307
5 0.199318 0.381478 0.398636 0.378932
5 0.211868 0.381662 0.423735 0.379117
5 0.192669 0.359106 0.385337 0.356560
5 0.361963 0.389882 0.723926 0.387337
5 0.368195 0.412111 0.736389 0.409565
5 0.393014 0.412670 0.786027 0.410125
5 0.387095 0.390128 0.774191 0.387583
5 0.380908 0.366726 0.761816 0.364181
5 0.368202 0.366669 0.736404 0.364123
5 0.374424 0.389392 0.748849 0.386847
5 0.380499 0.411411 0.760998 0.408866
5 0.398888 0.435370 0.797775 0.432825
5 0.386373 0.434111 0.772747 0.431566
5 0.374069 0.434811 0.748137 0.432265
5 0.361554 0.433552 0.723109 0.431007
5 0.348972 0.433321 0.697944 0.430775
5 0.336230 0.432829 0.672461 0.430283
5 0.323874 0.433085 0.647747 0.430539
5 0.311381 0.432422 0.622761 0.429876
5 0.298978 0.432167 0.597955 0.429622
5 0.374599 0.344015 0.749199 0.341470
5 0.361893 0.343958 0.723786 0.341412
5 0.349415 0.343247 0.698829 0.340701
5 0.442942 0.414802 0.885885 0.412256
5 0.430428 0.414115 0.860856 0.411570
5 0.418123 0.414671 0.836247 0.412126
5 0.405609 0.413556 0.811218 0.411011
5 0.399468 0.390787 0.798935 0.388241
5 0.411982 0.392045 0.823964 0.389500
5 0.424443 0.391555 0.848887 0.389010
5 0.430806 0.369039 0.861611 0.366494
5 0.406053 0.368529 0.812105 0.365983
5 0.393346 0.368471 0.786693 0.365926
5 0.387398 0.344679 0.774797 0.342133
5 0.399744 0.345817 0.799488 0.343272
5 0.355945 0.320886 0.711890 0.318340
5 0.362073 0.299616 0.724147 0.297071
5 0.374780 0.299674 0.749559 0.297128
5 0.418129 0.368709 0.836259 0.366164
5 0.424438 0.345817 0.848876 0.343272
5 0.437114 0.346147 0.874229 0.343602
5 0.462059 0.348385 0.924118 0.345839
5 0.394683 0.277583 0.789366 0.275037
5 0.487067 0.395201 0.974134 0.392655
5 0.474400 0.394592 0.948800 0.392047
5 0.461886 0.393471 0.923771 0.390926
5 0.449513 0.392813 0.899027 0.390267
5 0.480784 0.372624 0.961569 0.370079
5 0.493452 0.373233 0.986903 0.370687
5 0.468270 0.371503 0.936540 0.368958
5 0.455898 0.370844 0.911796 0.368299
5 0.502315 0.350990 0.995370 0.348444
5 0.499595 0.350381 0.999189 0.347836
5 0.487080 0.349260 0.974161 0.346715
5 0.474708 0.348602 0.949416 0.346056
5 0.500312 0.326903 0.999376 0.324358
5 0.467787 0.415840 0.935573 0.413295
5 0.480373 0.417247 0.960745 0.414702
5 0.492811 0.417970 0.985621 0.415425
5 0.424040 0.436639 0.848079 0.434094
5 0.436344 0.436512 0.872689 0.433967
5 0.449073 0.437056 0.898146 0.434510
5 0.461524 0.437136 0.923047 0.434591
5 0.486410 0.438916 0.972820 0.436371
5 0.498892 0.439209 0.997785 0.436664
5 0.473935 0.438431 0.947870 0.435885
5 0.430099 0.458638 0.860197 0.456093
5 0.442310 0.458884 0.884620 0.456339
5 0.455039 0.459428 0.910078 0.456882
5 0.467489 0.459508 0.934979 0.456963
5 0.479901 0.460803 0.959801 0.458257
5 0.492376 0.461288 0.984752 0.458743
5 0.500000 0.461925 1.000000 0.459379
5 0.500000 0.417669 1.000000 0.415124
5 0.501900 0.439481 0.996199 0.436935
5 0.503889 0.461853 0.992222 0.459307
5 0.504207 0.419158 0.991586 0.416613
5 0.506139 0.440970 0.987722 0.438425
5 0.508128 0.463342 0.983745 0.460797
5 0.502126 0.396476 0.995748 0.393931
5 0.508503 0.374825 0.982994 0.372280
5 0.504264 0.373336 0.991471 0.370791
5 0.518854 0.398248 0.962291 0.395703
5 0.514616 0.397668 0.970768 0.395123
5 0.510478 0.397060 0.979043 0.394514
5 0.506332 0.396337 0.987335 0.393792
5 0.516910 0.374913 0.966180 0.372368
5 0.512671 0.374333 0.974657 0.371788
5 0.514944 0.352514 0.970112 0.349968
5 0.519183 0.353094 0.961634 0.350549
5 0.508803 0.329002 0.982393 0.326456
5 0.504565 0.328422 0.990870 0.325876
5 0.523097 0.397339 0.953806 0.394793
5 0.508226 0.418762 0.983547 0.416217
5 0.512423 0.419485 0.975154 0.416940
5 0.516687 0.420245 0.966626 0.417700
5 0.514317 0.442062 0.971366 0.439517
5 0.510323 0.441188 0.979355 0.438643
5 0.518606 0.442519 0.962788 0.439974
5 0.525122 0.420699 0.949757 0.418154
5 0.527117 0.443277 0.945767 0.440731
5 0.522878 0.442517 0.954244 0.439971
5 0.535450 0.444186 0.929099 0.441640
5 0.531212 0.443426 0.937576 0.440881
5 0.537652 0.422516 0.924697 0.419970
5 0.533531 0.421154 0.932938 0.418609
5 0.531511 0.398880 0.936978 0.396335
5 0.527247 0.398120 0.945506 0.395575
5 0.512249 0.463881 0.975503 0.461336
5 0.392430 0.457427 0.784859 0.454882
5 0.404641 0.457673 0.809282 0.455128
5 0.417370 0.458216 0.834740 0.455671
5 0.398486 0.479229 0.796972 0.476684
5 0.410697 0.479475 0.821394 0.476930
5 0.423426 0.480018 0.846852 0.477473
5 0.436155 0.480440 0.872310 0.477895
5 0.448366 0.480686 0.896733 0.478141
5 0.473546 0.481310 0.947091 0.478765
5 0.485957 0.482605 0.971914 0.480060
5 0.498432 0.483090 0.996864 0.480545
5 0.501770 0.483727 0.996460 0.481181
5 0.510146 0.485144 0.979707 0.482599
5 0.514267 0.485683 0.971465 0.483138
5 0.505908 0.483655 0.988185 0.481110
5 0.461095 0.481230 0.922190 0.478684
5 0.520561 0.464678 0.958878 0.462133
5 0.524803 0.465217 0.950394 0.462671
5 0.529041 0.465977 0.941917 0.463431
5 0.530933 0.487715 0.938135 0.485170
5 0.526677 0.486638 0.946646 0.484093
5 0.518413 0.486430 0.963174 0.483885
5 0.522551 0.486359 0.954899 0.483813
5 0.539096 0.488191 0.921808 0.485645
5 0.534969 0.487911 0.930061 0.485366
5 0.537222 0.466769 0.925556 0.464224
5 0.541460 0.467529 0.917079 0.464984
5 0.547902 0.445796 0.904195 0.443251
5 0.543664 0.445036 0.912672 0.442491
5 0.550205 0.424374 0.899590 0.421828
5 0.555848 0.491134 0.888303 0.488588
5 0.551722 0.490854 0.896556 0.488309
5 0.547496 0.489753 0.905007 0.487207
5 0.553974 0.469712 0.892052 0.467167
5 0.557834 0.513266 0.884332 0.510721
5 0.562149 0.513319 0.875701 0.510774
5 0.566451 0.512866 0.867099 0.510321
5 0.568436 0.534999 0.863127 0.532453
5 0.541147 0.509817 0.917707 0.507272
5 0.532983 0.509341 0.934033 0.506796
5 0.528728 0.508265 0.942544 0.505719
5 0.524601 0.507985 0.950797 0.505440
5 0.520419 0.508191 0.959161 0.505645
5 0.545277 0.511038 0.909445 0.508493
5 0.503666 0.506845 0.992669 0.504299
5 0.507873 0.507146 0.984253 0.504600
5 0.512073 0.507143 0.975855 0.504598
5 0.537020 0.509537 0.925960 0.506992
5 0.549578 0.511752 0.900843 0.509206
5 0.555535 0.534706 0.888930 0.532160
5 0.551460 0.534532 0.897080 0.531986
5 0.547159 0.533818 0.905681 0.531273
5 0.543029 0.532597 0.913943 0.530051
5 0.538902 0.532317 0.922196 0.529772
5 0.534865 0.532121 0.930269 0.529576
5 0.526483 0.530765 0.947034 0.528219
5 0.522346 0.530837 0.955308 0.528291
5 0.530610 0.531044 0.938780 0.528499
5 0.516180 0.507947 0.967641 0.505401
5 0.505638 0.529254 0.988723 0.526708
5 0.509683 0.528923 0.980635 0.526378
5 0.513940 0.529552 0.972120 0.527007
5 0.518152 0.529725 0.963696 0.527179
5 0.491711 0.505276 0.983421 0.502731
5 0.497629 0.527685 0.995257 0.525140
5 0.500000 0.505577 1.000000 0.503032
5 0.501481 0.527355 0.997037 0.524810
5 0.149062 0.379129 0.298124 0.376583
5 0.174307 0.380007 0.348613 0.377462
5 0.186746 0.381074 0.373492 0.378529
5 0.161611 0.379313 0.323223 0.376768
5 0.136448 0.378364 0.272896 0.375819
5 0.142851 0.400916 0.285701 0.398371
5 0.155464 0.401681 0.310929 0.399135
5 0.168014 0.401865 0.336028 0.399320
5 0.180518 0.402750 0.361036 0.400205
5 0.180439 0.358713 0.360878 0.356168
5 0.168000 0.358029 0.336000 0.355483
5 0.174132 0.336735 0.348264 0.334189
5 0.161614 0.335588 0.323228 0.333043
5 0.149287 0.335779 0.298574 0.333234
5 0.142755 0.357341 0.285510 0.354796
5 0.130141 0.356577 0.260283 0.354031
5 0.136735 0.422303 0.273470 0.419758
5 0.130332 0.399751 0.260665 0.397206
5 0.130584 0.444333 0.261168 0.441787
5 0.155716 0.446262 0.311433 0.443716
5 0.168266 0.446446 0.336531 0.443901
5 0.180770 0.447331 0.361540 0.444786
5 0.143102 0.445497 0.286205 0.442952
5 0.193312 0.447199 0.386624 0.444653
5 0.186910 0.424647 0.373820 0.422101
5 0.174106 0.424462 0.348211 0.421917
5 0.223981 0.426809 0.447962 0.424264
5 0.211431 0.426624 0.422863 0.424079
5 0.236676 0.427503 0.473352 0.424958
5 0.249115 0.428570 0.498231 0.426024
5 0.243030 0.450713 0.486060 0.448168
5 0.230591 0.449646 0.461182 0.447101
5 0.217896 0.448953 0.435791 0.446407
5 0.205346 0.448768 0.410692 0.446222
5 0.136579 0.466440 0.273159 0.463895
5 0.267721 0.451375 0.535441 0.448830
5 0.280325 0.452221 0.560650 0.449676
5 0.305074 0.454092 0.610148 0.451547
5 0.317658 0.454163 0.635317 0.451618
5 0.329811 0.454316 0.659621 0.451771
5 0.342450 0.454956 0.684900 0.452411
5 0.292745 0.453246 0.585490 0.450700
5 0.367382 0.455431 0.734764 0.452886
5 0.354799 0.455200 0.709599 0.452654
5 0.281005 0.319184 0.562010 0.316639
5 0.298368 0.475125 0.596736 0.472579
5 0.310697 0.475971 0.621394 0.473426
5 0.323281 0.476042 0.646563 0.473497
5 0.161557 0.467994 0.323114 0.465449
5 0.148943 0.467230 0.297886 0.464685
5 0.186611 0.469064 0.373221 0.466519
5 0.199153 0.468932 0.398306 0.466386
5 0.211187 0.470501 0.422374 0.467955
5 0.174106 0.468179 0.348213 0.465634
5 0.223736 0.470685 0.447473 0.468140
5 0.236432 0.471379 0.472863 0.468834
5 0.248871 0.472446 0.497742 0.469901
5 0.273749 0.473397 0.547498 0.470852
5 0.261420 0.473102 0.522840 0.470556
5 0.286408 0.430968 0.572815 0.428422
5 0.273803 0.430122 0.547606 0.427576
5 0.256220 0.405125 0.512440 0.402580
5 0.527472 0.353288 0.945055 0.350742
5 0.523294 0.352916 0.953413 0.350371
5 0.537888 0.377234 0.924225 0.374689
5 0.525530 0.330110 0.948940 0.327564
5 0.556147 0.446737 0.887705 0.444192