6 0.593935 0.311147 0.812131 0.308194
4 0.373339 0.357653 0.746678 0.360605
5 0.244736 0.403560 0.489472 0.407699
5 0.256632 0.402927 0.513264 0.407065
5 0.262196 0.380582 0.524391 0.384721
5 0.250299 0.381216 0.500599 0.385354
5 0.238268 0.380854 0.476535 0.384992
5 0.225558 0.381668 0.451115 0.385806
5 0.255501 0.357876 0.511002 0.362014
5 0.243243 0.358871 0.486487 0.363010
5 0.279339 0.357785 0.558677 0.361924
5 0.273775 0.379768 0.547550 0.383907
5 0.218637 0.359414 0.437274 0.363552
5 0.260884 0.335169 0.521768 0.339308
5 0.230940 0.358418 0.461880 0.362557
5 0.335237 0.331250 0.670474 0.335389
5 0.316686 0.354201 0.633373 0.358340
5 0.341598 0.354051 0.683196 0.358190
5 0.322979 0.332245 0.645958 0.336384
5 0.299863 0.317158 0.599726 0.317527
5 0.312834 0.315892 0.625668 0.316261
5 0.275397 0.317580 0.550795 0.317949
5 0.134901 0.360538 0.269802 0.364676
5 0.147686 0.360471 0.295371 0.364609
5 0.160458 0.360171 0.320916 0.364310
5 0.179624 0.383121 0.359248 0.387260
5 0.185985 0.360193 0.371970 0.364331
5 0.175733 0.343960 0.351467 0.344329
5 0.183483 0.320491 0.366965 0.320860
5 0.154106 0.380772 0.308212 0.384911
5 0.141517 0.381354 0.283033 0.385493
5 0.165941 0.427696 0.331882 0.431835
5 0.141446 0.428175 0.282893 0.432313
5 0.154029 0.427249 0.308059 0.431388
5 0.129535 0.428144 0.259070 0.432282
5 0.135574 0.449727 0.271149 0.453866
5 0.166348 0.470305 0.332696 0.474444
5 0.154301 0.471351 0.308602 0.475489
5 0.141718 0.472276 0.283435 0.476415
5 0.129806 0.472245 0.259613 0.476384
5 0.172658 0.492560 0.345316 0.496698
5 0.160543 0.492519 0.321086 0.496658
5 0.148435 0.493038 0.296869 0.497177
5 0.136048 0.493414 0.272097 0.497553
5 0.196977 0.449454 0.393953 0.453593
5 0.190653 0.471280 0.381306 0.475419
5 0.172306 0.448937 0.344611 0.453075
5 0.178884 0.514592 0.357768 0.518731
5 0.142274 0.515447 0.284549 0.519585
5 0.130570 0.514988 0.261140 0.519126
5 0.154379 0.515258 0.308759 0.519397
5 0.166769 0.514552 0.333538 0.518691
5 0.172802 0.535610 0.345604 0.539748
5 0.184917 0.535650 0.369835 0.539789
5 0.160413 0.536315 0.320826 0.540454
5 0.148308 0.536504 0.296615 0.540643
5 0.136603 0.536045 0.273207 0.540184
5 0.324568 0.511987 0.649135 0.516125
5 0.312453 0.511947 0.624905 0.516085
5 0.300063 0.512653 0.600126 0.516791
5 0.264004 0.512198 0.528009 0.516336
5 0.251760 0.512205 0.503521 0.516344
5 0.287958 0.512842 0.575916 0.516980
5 0.276254 0.512383 0.552508 0.516521
5 0.257914 0.534221 0.515827 0.538360
5 0.282287 0.533440 0.564574 0.537578
5 0.293991 0.533899 0.587983 0.538038
5 0.306216 0.534189 0.612433 0.538328
5 0.318726 0.533723 0.637451 0.537862
5 0.270157 0.533974 0.540315 0.538112
5 0.245503 0.534825 0.491006 0.538963
5 0.293712 0.491082 0.587424 0.495221
5 0.281847 0.490552 0.563693 0.494691
5 0.269543 0.490093 0.539086 0.494232
5 0.257653 0.489908 0.515306 0.494047
5 0.245529 0.491833 0.491058 0.495971
5 0.305862 0.491335 0.611723 0.495474
5 0.262806 0.468338 0.525612 0.472476
5 0.274696 0.468523 0.549392 0.472661
5 0.214992 0.470974 0.429983 0.475112
5 0.221343 0.492065 0.442686 0.496204
5 0.209099 0.492073 0.418198 0.496211
5 0.233873 0.491497 0.467747 0.495636
5 0.197089 0.492163 0.394179 0.496301
5 0.227283 0.512828 0.454565 0.516967
5 0.202508 0.513403 0.405016 0.517542
5 0.190498 0.513494 0.380997 0.517633
5 0.214752 0.513396 0.429504 0.517535
5 0.233754 0.535118 0.467507 0.539256
5 0.221582 0.535206 0.443165 0.539344
5 0.209338 0.535214 0.418677 0.539352
5 0.184766 0.492523 0.369532 0.496661
5 0.416386 0.353481 0.832772 0.357620
5 0.404367 0.354296 0.808734 0.358434
5 0.392032 0.354050 0.784063 0.358189
5 0.410784 0.375891 0.821568 0.380029
5 0.398765 0.376705 0.797530 0.380844
5 0.416670 0.398895 0.833341 0.403033
5 0.410344 0.330413 0.820689 0.334552
5 0.398326 0.331227 0.796651 0.335366
5 0.385990 0.330982 0.771980 0.335120
5 0.448572 0.333049 0.897144 0.337188
5 0.435345 0.333424 0.870690 0.337563
5 0.423009 0.333179 0.846019 0.337317
5 0.467796 0.354580 0.935591 0.358719
5 0.455118 0.354735 0.910235 0.358874
5 0.441684 0.354929 0.883368 0.359068
5 0.461138 0.375938 0.922277 0.380077
5 0.506483 0.372797 0.987035 0.376936
5 0.502512 0.328035 0.994975 0.332173
4 0.549582 0.346211 0.900837 0.348425
5 0.510584 0.329082 0.978833 0.333220
5 0.508359 0.395309 0.983283 0.399448
5 0.516517 0.395309 0.966966 0.399448
5 0.514379 0.373844 0.971242 0.377983
5 0.532795 0.348887 0.934409 0.353025
5 0.528864 0.349238 0.942272 0.353377
5 0.524648 0.349824 0.950705 0.353963
5 0.541139 0.348297 0.917722 0.352436
5 0.549090 0.392864 0.901819 0.397002
5 0.535053 0.326505 0.929894 0.330644
5 0.531122 0.326857 0.937757 0.330995
5 0.529027 0.393215 0.941945 0.397354
5 0.524811 0.393802 0.950377 0.397940
5 0.510551 0.416905 0.978898 0.421044
5 0.506384 0.463696 0.987231 0.467835
5 0.508315 0.441119 0.983370 0.445258
5 0.510344 0.463696 0.979313 0.467835
5 0.512405 0.485096 0.975190 0.489235
5 0.508282 0.485685 0.983436 0.489824
5 0.497230 0.464089 0.994460 0.468228
5 0.502229 0.464089 0.995542 0.468228
5 0.504192 0.486078 0.991616 0.490217
5 0.490653 0.486471 0.981306 0.490609
5 0.466044 0.487917 0.932087 0.492055
5 0.477922 0.487917 0.955843 0.492055
5 0.506217 0.507803 0.987567 0.511941
5 0.496727 0.508195 0.993453 0.512334
5 0.520544 0.527470 0.958911 0.531609
5 0.516391 0.529106 0.967219 0.533244
5 0.512235 0.529498 0.975530 0.533637
5 0.508276 0.529498 0.983449 0.533637
5 0.526462 0.548934 0.947076 0.553073
5 0.522542 0.549366 0.954916 0.553504
5 0.518386 0.550160 0.963227 0.554298
5 0.514293 0.550761 0.971413 0.554900
5 0.502024 0.551564 0.995953 0.555702
5 0.505983 0.551564 0.988034 0.555702
5 0.536912 0.483843 0.926176 0.487981
5 0.534519 0.548414 0.930963 0.552552
5 0.386271 0.511342 0.772543 0.515480
5 0.373882 0.512048 0.747764 0.516186
5 0.361777 0.512236 0.723554 0.516375
5 0.398387 0.511382 0.796773 0.515521
5 0.350073 0.511778 0.700146 0.515916
5 0.446593 0.510264 0.893185 0.514402
5 0.434477 0.510223 0.868955 0.514362
5 0.423095 0.510706 0.846189 0.514844
5 0.410990 0.510894 0.821979 0.515033
5 0.404614 0.490314 0.809229 0.494453
5 0.578344 0.393248 0.843313 0.397386
5 0.580887 0.369385 0.838226 0.373523
5 0.576731 0.370179 0.846538 0.374317
5 0.580290 0.415440 0.839419 0.419579
5 0.575930 0.415440 0.848141 0.419579
5 0.584123 0.459697 0.831754 0.463836
5 0.580048 0.460129 0.839905 0.464268
5 0.575814 0.459755 0.848372 0.463893
5 0.592922 0.459230 0.814156 0.463369
5 0.588847 0.459662 0.822307 0.463800
5 0.591183 0.438404 0.817635 0.442542
5 0.582617 0.392150 0.834766 0.396289
5 0.575597 0.503381 0.848807 0.507520
5 0.581877 0.481387 0.836245 0.485526
5 0.577644 0.481013 0.844712 0.485151
5 0.571431 0.503615 0.857139 0.507753
5 0.561375 0.525625 0.877250 0.529764
5 0.565341 0.525193 0.869318 0.529332
5 0.557178 0.525251 0.885643 0.529390
5 0.555128 0.547660 0.889744 0.551799
5 0.559178 0.547375 0.881643 0.551514
5 0.579585 0.544747 0.840830 0.548885
5 0.575509 0.546277 0.848982 0.550415
5 0.571386 0.546123 0.857229 0.550261
5 0.577523 0.524746 0.844954 0.528885
5 0.581599 0.523216 0.836802 0.527355
5 0.583796 0.545186 0.832408 0.549325
5 0.581562 0.566277 0.836875 0.570416
5 0.577351 0.565838 0.845297 0.569976
5 0.573276 0.567368 0.853449 0.571507
5 0.569262 0.567873 0.861476 0.572011
5 0.561053 0.568425 0.877895 0.572564
5 0.553061 0.568133 0.893877 0.572272
5 0.575242 0.587983 0.849516 0.592122
5 0.571167 0.588986 0.857667 0.593125
5 0.567153 0.589491 0.865695 0.593629
5 0.569087 0.610429 0.861827 0.614567
5 0.573192 0.609426 0.853617 0.613565
5 0.559031 0.589692 0.881937 0.593831
5 0.550747 0.590807 0.898506 0.594945
5 0.554936 0.590279 0.890128 0.594418
5 0.552739 0.612073 0.894522 0.616212
5 0.556869 0.611370 0.886261 0.615509
5 0.560965 0.610783 0.878071 0.614922
5 0.544654 0.611897 0.910692 0.616036
5 0.548755 0.612249 0.902490 0.616388
5 0.548843 0.570067 0.902314 0.574205
5 0.589836 0.565908 0.820328 0.570047
5 0.596572 0.544870 0.806856 0.549008
5 0.575040 0.631212 0.849921 0.635350
5 0.570909 0.631915 0.858181 0.636054
5 0.566926 0.632091 0.866149 0.636229
5 0.562824 0.631739 0.874351 0.635877
5 0.554778 0.633185 0.890445 0.637324
5 0.550611 0.633345 0.898778 0.637484
5 0.546481 0.634048 0.907038 0.638187
5 0.542497 0.634224 0.915006 0.638363
5 0.538396 0.633873 0.923208 0.638011
5 0.548561 0.653925 0.902879 0.658064
5 0.544430 0.654628 0.911139 0.658767
5 0.540446 0.654804 0.919107 0.658943
5 0.536345 0.654453 0.927309 0.658591
5 0.538396 0.667835 0.923208 0.664330
5 0.542497 0.667923 0.915006 0.664154
5 0.546481 0.667879 0.907038 0.664242
5 0.550611 0.667703 0.898778 0.664593
5 0.574841 0.667170 0.850317 0.665659
5 0.572892 0.652095 0.854216 0.656233
5 0.570731 0.667405 0.858539 0.665191
5 0.520196 0.613509 0.959608 0.617647
5 0.524297 0.613860 0.951406 0.617999
5 0.528281 0.613685 0.943439 0.617823
5 0.532411 0.612981 0.935178 0.617120
5 0.536577 0.612821 0.926845 0.616960
5 0.540561 0.569901 0.918878 0.574040
5 0.536539 0.569372 0.926923 0.573510
5 0.532523 0.569902 0.934953 0.574041
5 0.528539 0.570078 0.942921 0.574217
5 0.538551 0.591621 0.922898 0.595759
5 0.542660 0.591288 0.914681 0.595427
5 0.530350 0.591810 0.939299 0.595948
5 0.520502 0.570700 0.958996 0.574838
5 0.512193 0.572728 0.975615 0.576867
5 0.508233 0.572728 0.983533 0.576867
5 0.516348 0.572335 0.967303 0.576474
5 0.522448 0.592544 0.955104 0.596683
5 0.518326 0.593050 0.963349 0.597188
5 0.514170 0.593442 0.971660 0.597581
5 0.516273 0.614345 0.967454 0.618484
5 0.522320 0.634951 0.955361 0.639090
5 0.526272 0.634587 0.947456 0.638726
5 0.532278 0.655003 0.935445 0.659142
5 0.534251 0.633803 0.931498 0.637942
5 0.528344 0.655678 0.943313 0.659817
5 0.520279 0.656607 0.959441 0.660746
5 0.511942 0.656528 0.976117 0.660666
5 0.530300 0.668036 0.939399 0.663928
5 0.534368 0.667898 0.931264 0.664203
5 0.522257 0.668343 0.955486 0.663314
5 0.509964 0.668417 0.980071 0.663166
5 0.514065 0.668437 0.971870 0.663126
5 0.506010 0.668794 0.987981 0.662413
5 0.556630 0.672863 0.886739 0.654274
5 0.552500 0.673039 0.895000 0.653923
5 0.540387 0.673058 0.919225 0.653884
5 0.544415 0.672995 0.911170 0.654011
5 0.548516 0.673083 0.902967 0.653835
5 0.564754 0.652751 0.870493 0.656890
5 0.562608 0.667488 0.874784 0.665023
5 0.564658 0.672745 0.870683 0.654510
5 0.580989 0.672317 0.838023 0.655366
5 0.576858 0.672493 0.846283 0.655014
5 0.572874 0.672537 0.854251 0.654926
5 0.570765 0.677671 0.858470 0.644657
5 0.574793 0.677608 0.850415 0.644783
5 0.578894 0.677696 0.842213 0.644607
5 0.581139 0.651873 0.837722 0.656012
5 0.579042 0.667192 0.841917 0.665616
5 0.585325 0.651303 0.829351 0.655441
5 0.546315 0.678261 0.907370 0.643479
5 0.542331 0.678305 0.915338 0.643391
5 0.538298 0.678572 0.923405 0.642857
5 0.534202 0.678533 0.931596 0.642934
5 0.550445 0.678085 0.899110 0.643830
5 0.522136 0.678837 0.955729 0.642325
5 0.526231 0.678876 0.947538 0.642248
5 0.530264 0.678609 0.939471 0.642782
5 0.528270 0.673488 0.943460 0.653024
5 0.560416 0.682952 0.879168 0.634096
5 0.558487 0.677950 0.883025 0.644101
5 0.558483 0.688249 0.883035 0.623503
5 0.562512 0.688174 0.874977 0.623652
5 0.548519 0.683408 0.902963 0.633183
5 0.544388 0.683584 0.911224 0.632832
5 0.540404 0.683628 0.919191 0.632744
5 0.532174 0.683806 0.935652 0.632388
5 0.528236 0.683882 0.943527 0.632237
5 0.524203 0.684149 0.951594 0.631703
5 0.520108 0.684110 0.959785 0.631780
5 0.530112 0.689079 0.939775 0.621842
5 0.526175 0.689154 0.947651 0.621691
5 0.546416 0.688755 0.907167 0.622489
5 0.542432 0.688799 0.915135 0.622401
5 0.550547 0.688580 0.898907 0.622841
5 0.404961 0.532794 0.809922 0.536932
5 0.417066 0.532605 0.834132 0.536744
5 0.428941 0.531631 0.857882 0.535769
5 0.441056 0.531671 0.882112 0.535810
5 0.500014 0.529531 0.999972 0.533670
5 0.477855 0.530978 0.955709 0.535117
5 0.447208 0.553078 0.894416 0.557217
5 0.435093 0.553038 0.870185 0.557177
5 0.423218 0.554013 0.846436 0.558151
5 0.411113 0.554201 0.822225 0.558340
5 0.490023 0.573748 0.980046 0.577886
5 0.477538 0.573215 0.955077 0.577354
5 0.465295 0.574190 0.930589 0.578328
5 0.453189 0.574379 0.906379 0.578517
5 0.496297 0.595647 0.992595 0.599786
5 0.483813 0.595115 0.967626 0.599254
5 0.459822 0.595669 0.919644 0.599807
5 0.471661 0.552967 0.943323 0.557105
5 0.441026 0.574117 0.882051 0.578256
5 0.428910 0.574077 0.857820 0.578215
5 0.417035 0.575051 0.834071 0.579190
5 0.447284 0.595786 0.894568 0.599925
5 0.435120 0.595524 0.870240 0.599663
5 0.423005 0.595484 0.846009 0.599623
5 0.490272 0.617076 0.980544 0.621215
5 0.477734 0.617194 0.955468 0.621332
5 0.465570 0.616932 0.931141 0.621070
5 0.453455 0.616892 0.906910 0.621030
5 0.501917 0.637376 0.996165 0.641515
5 0.500000 0.615415 1.000000 0.619554
5 0.495635 0.637494 0.991271 0.641632
5 0.508130 0.615969 0.983739 0.620108
5 0.459584 0.464278 0.919167 0.468417
5 0.504136 0.351392 0.991728 0.355530
5 0.313089 0.555541 0.626178 0.559680
5 0.300580 0.556008 0.601160 0.560146
5 0.264521 0.555792 0.529042 0.559931
5 0.276651 0.555258 0.553302 0.559397
5 0.288355 0.555717 0.576710 0.559856
5 0.252277 0.556039 0.504554 0.560178
5 0.239867 0.556643 0.479733 0.560781
5 0.228117 0.556936 0.456234 0.561075
5 0.215946 0.557024 0.431892 0.561163
5 0.203702 0.557032 0.407404 0.561171
5 0.179281 0.557468 0.358562 0.561607
5 0.130967 0.557863 0.261934 0.562002
5 0.154673 0.557512 0.309345 0.561650
5 0.142671 0.557908 0.285342 0.562046
5 0.167166 0.557428 0.334331 0.561567
5 0.190760 0.557272 0.381520 0.561410
5 0.374395 0.554480 0.748789 0.558618
5 0.386386 0.554206 0.772772 0.558345
5 0.398385 0.553546 0.796769 0.557684
5 0.362289 0.554669 0.724579 0.558807
5 0.380351 0.532988 0.760703 0.537127
5 0.356173 0.533222 0.712347 0.537361
5 0.343835 0.533878 0.687669 0.538016
5 0.331103 0.534111 0.662206 0.538250
5 0.324913 0.555369 0.649825 0.559508
5 0.337644 0.555136 0.675288 0.559274
5 0.380429 0.575931 0.760859 0.580070
5 0.368438 0.576205 0.736875 0.580344
5 0.356332 0.576394 0.712665 0.580532
5 0.344068 0.577095 0.688137 0.581233
5 0.331337 0.577328 0.662673 0.581467
5 0.319513 0.577500 0.639026 0.581639
5 0.307249 0.577033 0.614498 0.581172
5 0.282515 0.577209 0.565030 0.581347
5 0.270577 0.577451 0.541154 0.581589
5 0.258564 0.577751 0.517128 0.581890
5 0.246320 0.577998 0.492641 0.582137
5 0.233910 0.578602 0.467819 0.582740
5 0.398650 0.596956 0.797301 0.601094
5 0.386075 0.596996 0.772149 0.601134
5 0.373970 0.597185 0.747939 0.601323
5 0.428845 0.617676 0.857690 0.621815
5 0.368129 0.618676 0.736259 0.622815
5 0.355865 0.619377 0.711731 0.623515
5 0.343959 0.620082 0.687918 0.624221
5 0.331664 0.619075 0.663328 0.623214
5 0.319046 0.619315 0.638092 0.623454
5 0.350264 0.598387 0.700528 0.602525
5 0.301122 0.598675 0.602245 0.602813
5 0.313418 0.598974 0.626835 0.603113
5 0.288799 0.598915 0.577598 0.603054
5 0.276654 0.598594 0.553307 0.602733
5 0.264320 0.599153 0.528640 0.603291
5 0.252703 0.599136 0.505406 0.603275
5 0.240459 0.599384 0.480918 0.603522
5 0.228049 0.599987 0.456097 0.604126
5 0.295452 0.620300 0.590905 0.624439
5 0.283307 0.619979 0.566614 0.624118
5 0.270973 0.620538 0.541946 0.624677
5 0.246921 0.621314 0.493842 0.625452
5 0.234677 0.621561 0.469354 0.625700
5 0.222267 0.622164 0.444533 0.626303
5 0.210027 0.578265 0.420053 0.582403
5 0.197783 0.578273 0.395565 0.582411
5 0.184840 0.578512 0.369681 0.582651
5 0.173361 0.578708 0.346723 0.582847
5 0.161246 0.578668 0.322492 0.582807
5 0.148753 0.578752 0.297507 0.582891
5 0.136752 0.579148 0.273504 0.583287