5 0.165547 0.170579 0.331093 0.341157
5 0.155500 0.173946 0.311001 0.347893
5 0.150548 0.157588 0.301096 0.315177
5 0.162997 0.153646 0.325994 0.307292
5 0.143605 0.170632 0.287209 0.341264
5 0.180674 0.144531 0.361348 0.289062
5 0.210898 0.133641 0.421796 0.267282
5 0.202454 0.150450 0.404908 0.300900
5 0.196141 0.172881 0.392282 0.345762
5 0.594223 0.581439 0.811553 0.837121
5 0.191091 0.139856 0.382181 0.279711
5 0.182015 0.189690 0.364031 0.379380
5 0.191485 0.184008 0.382970 0.368016
5 0.202956 0.194178 0.405912 0.388357
5 0.213996 0.196131 0.427991 0.392262
5 0.175623 0.201231 0.351247 0.402462
5 0.154751 0.202770 0.309501 0.405540
5 0.144479 0.212422 0.288959 0.424845
5 0.133253 0.200758 0.266506 0.401515
5 0.137468 0.188625 0.274937 0.377249
5 0.127525 0.189039 0.255051 0.378078
5 0.148793 0.185961 0.297585 0.371922
5 0.162208 0.194780 0.324416 0.389560
5 0.170006 0.184005 0.340013 0.368009
5 0.233902 0.189749 0.467803 0.379498
5 0.245462 0.188625 0.490925 0.377249
5 0.558436 0.186375 0.883128 0.372751
5 0.556272 0.168433 0.887456 0.336866
5 0.552202 0.172526 0.895597 0.345052
5 0.554175 0.185961 0.891651 0.371922
5 0.541530 0.167682 0.916939 0.335364
5 0.539676 0.157088 0.920648 0.314176
5 0.535117 0.157552 0.929766 0.315104
5 0.532276 0.157611 0.935448 0.315223
5 0.528370 0.158677 0.943261 0.317353
5 0.524661 0.158440 0.950679 0.316880
5 0.535077 0.126006 0.929845 0.252012
5 0.536765 0.140111 0.926470 0.280222
5 0.552249 0.154590 0.895503 0.309180
5 0.548331 0.156110 0.903339 0.312219
5 0.544412 0.156717 0.911175 0.313434
5 0.540765 0.157933 0.918471 0.315866
5 0.542724 0.139695 0.914553 0.279389
5 0.538603 0.141822 0.922794 0.283643
5 0.559409 0.185289 0.881183 0.370579
5 0.563259 0.185595 0.873482 0.371190
5 0.561435 0.200792 0.877130 0.401584
5 0.565151 0.200490 0.869699 0.400980
5 0.567110 0.214473 0.865780 0.428945
5 0.564678 0.228759 0.870644 0.457518
5 0.562922 0.214776 0.874156 0.429553
5 0.559004 0.215689 0.881993 0.431378
5 0.571298 0.214169 0.857405 0.428338
5 0.568866 0.229368 0.862268 0.458736
5 0.567582 0.184682 0.864835 0.369364
5 0.569609 0.198968 0.860782 0.397937
5 0.561503 0.170394 0.876995 0.340788
5 0.565421 0.170394 0.869159 0.340788
5 0.567785 0.156108 0.864430 0.312216
5 0.565893 0.142733 0.868213 0.285465
5 0.559679 0.152765 0.880642 0.305529
5 0.555761 0.152765 0.888479 0.305529
5 0.537185 0.190763 0.925630 0.381527
5 0.517795 0.161399 0.964410 0.322798
5 0.516572 0.178030 0.966856 0.356061
5 0.519650 0.174775 0.960701 0.349550
5 0.436001 0.170336 0.872001 0.340672
5 0.391454 0.196674 0.782907 0.393348
5 0.343789 0.188388 0.687579 0.376776
5 0.364938 0.215080 0.729877 0.430161
5 0.387666 0.218632 0.775331 0.437263
5 0.329230 0.206321 0.658460 0.412642
5 0.321733 0.219519 0.643466 0.439039
5 0.331242 0.153764 0.662484 0.307528
5 0.283341 0.179747 0.566682 0.359493
5 0.261640 0.179569 0.523280 0.359138
5 0.396465 0.184186 0.792929 0.368371