5 0.531960 0.404119 0.936080 0.406487
5 0.522806 0.541667 0.954388 0.542614
5 0.521110 0.522491 0.957781 0.524858
5 0.519334 0.539773 0.961332 0.542140
5 0.515296 0.538568 0.969409 0.542120
5 0.511460 0.541644 0.977080 0.544508
5 0.512688 0.559639 0.974624 0.563663
5 0.517045 0.558475 0.965909 0.560843
5 0.514977 0.577321 0.970045 0.579699
5 0.518860 0.580492 0.962279 0.582623
5 0.520873 0.559659 0.958254 0.562737
5 0.522925 0.559422 0.954151 0.564867
5 0.522530 0.579782 0.954940 0.580729
5 0.526476 0.571023 0.947049 0.577178
5 0.529474 0.577178 0.941051 0.580729
5 0.533460 0.580966 0.933081 0.582860
5 0.536892 0.577415 0.926215 0.580019
5 0.541114 0.577178 0.917771 0.579309
5 0.543008 0.558002 0.913984 0.560133
5 0.544887 0.577753 0.910226 0.580019
5 0.548769 0.575521 0.902462 0.578125
5 0.551847 0.579782 0.896307 0.582150
5 0.553741 0.561790 0.892519 0.559659
5 0.557489 0.553504 0.885022 0.556818
5 0.561750 0.548059 0.876499 0.553741
5 0.563250 0.537879 0.873501 0.540246
5 0.563210 0.571496 0.873580 0.574811
5 0.561829 0.597775 0.876342 0.598958
5 0.557703 0.594615 0.884593 0.595799
5 0.553372 0.594697 0.893257 0.597064
5 0.549598 0.598011 0.900805 0.599195
5 0.547016 0.601542 0.905969 0.598701
5 0.542883 0.595407 0.914234 0.598485
5 0.538450 0.597003 0.923100 0.599370
5 0.537105 0.610403 0.925791 0.615376
5 0.544369 0.614151 0.911263 0.618176
5 0.548060 0.615376 0.903880 0.618836
5 0.550426 0.634943 0.899148 0.635890
5 0.546587 0.632675 0.906827 0.635417
5 0.547772 0.652351 0.904457 0.654297
5 0.551711 0.612926 0.896578 0.615057
5 0.561363 0.629647 0.877274 0.632617
5 0.558594 0.647727 0.882812 0.653409
5 0.553483 0.665246 0.893033 0.669508
5 0.545717 0.665142 0.908565 0.669716
5 0.544261 0.648201 0.911479 0.653172
5 0.544547 0.672467 0.910906 0.655066
5 0.520873 0.589489 0.958254 0.594697
5 0.516605 0.594697 0.966790 0.596828
5 0.527617 0.595606 0.944766 0.598447
5 0.531294 0.600369 0.937412 0.602737
5 0.513576 0.599195 0.972847 0.600616
5 0.511165 0.577623 0.977670 0.580937
5 0.509785 0.562263 0.980429 0.564157
5 0.510298 0.527225 0.979403 0.524858
5 0.508761 0.545436 0.982478 0.546382
5 0.505563 0.525312 0.988873 0.527443
5 0.502801 0.521544 0.994397 0.523911
5 0.504493 0.537140 0.991013 0.540218
5 0.506308 0.559650 0.987383 0.561544
5 0.504301 0.577860 0.991398 0.579990
5 0.506550 0.598958 0.986900 0.599905
5 0.502762 0.562027 0.994476 0.563447
5 0.500473 0.536458 0.999053 0.542377
5 0.495344 0.541667 0.990688 0.543324
5 0.489228 0.522017 0.978456 0.524858
5 0.487847 0.545455 0.975694 0.541903
5 0.482797 0.500710 0.965593 0.505919
5 0.479285 0.523911 0.958570 0.526989
5 0.472025 0.541667 0.944050 0.542850
5 0.467794 0.525123 0.935587 0.527017
5 0.460749 0.542140 0.921498 0.544744
5 0.452454 0.544271 0.904908 0.545691
5 0.466067 0.553741 0.932134 0.559422
5 0.477677 0.558030 0.955355 0.562361
5 0.491876 0.563684 0.983752 0.562973
5 0.497711 0.557528 0.995423 0.559659
5 0.482716 0.577178 0.965431 0.581203
5 0.471481 0.575126 0.942962 0.579782
5 0.459565 0.576459 0.919130 0.578116
5 0.476229 0.595398 0.952459 0.599423
5 0.443813 0.559186 0.887626 0.561553
5 0.444111 0.546156 0.888222 0.544972
5 0.444800 0.522964 0.889599 0.524384
5 0.433758 0.559169 0.867517 0.561677
5 0.431068 0.544271 0.862137 0.546402
5 0.436874 0.526572 0.873748 0.527712
5 0.439490 0.502096 0.878981 0.505173
5 0.423085 0.521079 0.846170 0.524867
5 0.419512 0.542806 0.839024 0.545884
5 0.422436 0.558677 0.844872 0.560808
5 0.428857 0.579001 0.857714 0.581685
5 0.438820 0.577406 0.877639 0.578826
5 0.450126 0.577178 0.900253 0.580019
5 0.412169 0.559186 0.824337 0.561790
5 0.416513 0.576494 0.833026 0.578625
5 0.406802 0.541903 0.813605 0.545455
5 0.413308 0.524604 0.826617 0.528628
5 0.400437 0.518939 0.800873 0.522017
5 0.390751 0.523153 0.781503 0.525888
5 0.380520 0.524384 0.761039 0.525331
5 0.385193 0.501175 0.770386 0.506147
5 0.379437 0.559861 0.758873 0.561044
5 0.384217 0.574214 0.768433 0.577178
5 0.384862 0.540705 0.769725 0.543897
5 0.399512 0.544981 0.799023 0.544744
5 0.432619 0.590855 0.865237 0.594958
5 0.423444 0.598248 0.846889 0.600616
5 0.373658 0.538589 0.747317 0.541903
5 0.370050 0.559878 0.740099 0.564184
5 0.373737 0.577178 0.747475 0.579545
5 0.351523 0.537607 0.703046 0.541632
5 0.343290 0.545621 0.686579 0.547988
5 0.347459 0.524621 0.694918 0.526515
5 0.358560 0.523174 0.717119 0.526489
5 0.364748 0.543897 0.729495 0.546857
5 0.368511 0.520342 0.737023 0.524367
5 0.374092 0.500947 0.748185 0.504972
5 0.339958 0.529067 0.679915 0.530250
5 0.332158 0.546130 0.664317 0.547313
5 0.330989 0.504689 0.661979 0.506056
5 0.354118 0.505647 0.708237 0.507304
5 0.363597 0.501420 0.727194 0.506629
5 0.325521 0.524384 0.651042 0.528646
5 0.357376 0.559431 0.714752 0.562746
5 0.347373 0.559853 0.694746 0.562237
5 0.336358 0.560124 0.672717 0.563438
5 0.343206 0.580229 0.686413 0.583070
5 0.355745 0.581439 0.711490 0.581676
5 0.305832 0.544271 0.611664 0.543324
5 0.308633 0.541903 0.617266 0.544508
5 0.319442 0.542539 0.638885 0.544196
5 0.304253 0.561080 0.608507 0.565341
5 0.319538 0.577178 0.639076 0.580256
5 0.308808 0.577760 0.617615 0.580127
5 0.300110 0.580492 0.600221 0.582150
5 0.286789 0.576941 0.573577 0.580256
5 0.272268 0.561316 0.544537 0.563447
5 0.265939 0.543702 0.531877 0.544649
5 0.272767 0.524384 0.545533 0.528172
5 0.286735 0.541430 0.573469 0.543561
5 0.277462 0.541903 0.554924 0.546638
5 0.281487 0.555161 0.562973 0.559422
5 0.294152 0.560606 0.588305 0.564867
5 0.282000 0.594223 0.563999 0.596828
5 0.273911 0.599195 0.547822 0.601326
5 0.305072 0.598647 0.610143 0.600541
5 0.295455 0.599303 0.590909 0.601671
5 0.266466 0.578050 0.532932 0.581601
5 0.277097 0.579782 0.554193 0.581439
5 0.255842 0.542194 0.511683 0.545745
5 0.240007 0.562824 0.480014 0.563771
5 0.234730 0.545218 0.469460 0.546402
5 0.228220 0.547585 0.456439 0.544508
5 0.215635 0.546036 0.431270 0.546510
5 0.206360 0.545928 0.412721 0.544271
5 0.208238 0.561464 0.416476 0.565626
5 0.195574 0.559422 0.391148 0.560843
5 0.202088 0.578089 0.404177 0.582351
5 0.212082 0.576941 0.424164 0.580492
5 0.219579 0.562263 0.439157 0.564631
5 0.223804 0.601807 0.447608 0.595415
5 0.191635 0.578400 0.383270 0.580722
5 0.173649 0.553570 0.347297 0.559024
5 0.171032 0.543820 0.342065 0.545477
5 0.164280 0.562067 0.328560 0.564198
5 0.168352 0.572957 0.336705 0.577692
5 0.154186 0.524148 0.308372 0.526515
5 0.163989 0.522662 0.327978 0.524793
5 0.162062 0.544483 0.324125 0.545193
5 0.147672 0.536417 0.295344 0.542932
5 0.136977 0.539160 0.273954 0.541903
5 0.145195 0.562405 0.290389 0.563743
5 0.153450 0.560091 0.306901 0.563642
5 0.159131 0.577958 0.318261 0.581302
5 0.127604 0.541903 0.255208 0.544744
5 0.315775 0.583097 0.631550 0.585938