6 0.566130 0.289062 0.867740 0.287169
5 0.131844 0.470526 0.263687 0.470526
5 0.137259 0.449749 0.274519 0.449749
5 0.143787 0.470030 0.287575 0.470030
5 0.127680 0.344134 0.255360 0.344134
5 0.139417 0.341166 0.278833 0.341166
5 0.123034 0.368127 0.246069 0.368127
5 0.142463 0.429220 0.284925 0.429220
5 0.148813 0.450986 0.297625 0.450986
5 0.153924 0.429219 0.307849 0.429219
5 0.147576 0.409432 0.295151 0.409432
5 0.181916 0.365405 0.363833 0.365405
5 0.177808 0.427240 0.355616 0.427240
5 0.165919 0.428973 0.331838 0.428973
5 0.172528 0.449750 0.345055 0.449750
5 0.160845 0.449996 0.321690 0.449996
5 0.155389 0.470772 0.310778 0.470772
5 0.190009 0.467558 0.380019 0.467558
5 0.189116 0.426995 0.378232 0.426995
5 0.200839 0.425756 0.401677 0.425756
5 0.212473 0.424026 0.424945 0.424026
5 0.186445 0.343887 0.372890 0.343887
5 0.197523 0.340672 0.395046 0.340672
5 0.199680 0.316680 0.399360 0.316680
5 0.215568 0.357738 0.431136 0.357738
5 0.206002 0.403496 0.412005 0.403496
5 0.228803 0.402259 0.457606 0.402259
5 0.224020 0.423694 0.448039 0.423694
5 0.207157 0.445543 0.414314 0.445543
5 0.221061 0.333499 0.442121 0.333499
5 0.232042 0.337456 0.464084 0.337456
5 0.231932 0.313958 0.463863 0.313958
5 0.243435 0.333004 0.486869 0.333004
5 0.233732 0.379258 0.467464 0.379258
5 0.245455 0.378514 0.490911 0.378514
5 0.256821 0.378268 0.513641 0.378268
5 0.252121 0.400034 0.504242 0.400034
5 0.240260 0.401269 0.480520 0.401269
5 0.246664 0.423284 0.493329 0.423284
5 0.258759 0.421799 0.517518 0.421799
5 0.263789 0.400033 0.527578 0.400033
5 0.269232 0.378021 0.538464 0.378021
5 0.275622 0.399786 0.551243 0.399786
5 0.262497 0.356007 0.524993 0.356007
5 0.268050 0.335065 0.536100 0.335065
5 0.274550 0.355511 0.549099 0.355511
5 0.255556 0.334487 0.511113 0.334487
5 0.287125 0.398055 0.574250 0.398055
5 0.286383 0.352790 0.572766 0.352790
5 0.292568 0.376288 0.585136 0.376288
5 0.271746 0.313216 0.543492 0.313216
5 0.291467 0.330777 0.582935 0.330777
5 0.238762 0.357738 0.477525 0.357738
5 0.227026 0.358728 0.454051 0.358728
5 0.293725 0.419326 0.587451 0.419326
5 0.305682 0.419574 0.611363 0.419574
5 0.297917 0.351553 0.595834 0.351553
5 0.316924 0.373073 0.633848 0.373073
5 0.323370 0.395580 0.646740 0.395580
5 0.335684 0.393601 0.671368 0.393601
5 0.329183 0.372826 0.658365 0.372826
5 0.322160 0.351803 0.644321 0.351803
5 0.313543 0.307034 0.627086 0.307034
5 0.328427 0.307528 0.656855 0.307528
5 0.337993 0.324594 0.675985 0.324594
5 0.334776 0.349988 0.669553 0.349988
5 0.341209 0.369858 0.682418 0.369858
5 0.347915 0.391375 0.695830 0.391375
5 0.359130 0.390388 0.718260 0.390388
5 0.353000 0.367630 0.706000 0.367630
5 0.304344 0.374309 0.608687 0.374309
5 0.309539 0.350813 0.619077 0.350813
5 0.303905 0.329295 0.607809 0.329295
5 0.315654 0.330284 0.631309 0.330284
5 0.349876 0.321628 0.699753 0.321628
5 0.358012 0.344629 0.716024 0.344629
5 0.346399 0.344877 0.692798 0.344877
5 0.370271 0.347844 0.740542 0.347844
5 0.364925 0.369117 0.729850 0.369117
5 0.376181 0.370352 0.752362 0.370352
5 0.381939 0.348091 0.763878 0.348091
5 0.363055 0.323111 0.726111 0.323111
5 0.382695 0.392120 0.765390 0.392120
5 0.319071 0.459643 0.638142 0.459643
5 0.388558 0.412153 0.777116 0.412153
5 0.394289 0.391623 0.788579 0.391623
5 0.405614 0.389397 0.811228 0.389397
5 0.399717 0.367878 0.799435 0.367878
5 0.393753 0.347348 0.787505 0.347348
5 0.405641 0.344876 0.811282 0.344876
5 0.399250 0.324099 0.798500 0.324099
5 0.411248 0.320141 0.822496 0.320141
5 0.423947 0.319399 0.847895 0.319399
5 0.393423 0.304312 0.786847 0.304312
5 0.381247 0.302580 0.762494 0.302580
5 0.404692 0.301346 0.809385 0.301346
5 0.416554 0.299366 0.833107 0.299366
5 0.429060 0.299614 0.858121 0.299614
5 0.422620 0.363922 0.845239 0.363922
5 0.410773 0.365406 0.821546 0.365406
5 0.428694 0.386677 0.857389 0.386677
5 0.440541 0.386925 0.881083 0.386925
5 0.452595 0.386925 0.905190 0.386925
5 0.445695 0.364664 0.891390 0.364664
5 0.434246 0.364665 0.868493 0.364665
5 0.429134 0.341661 0.858268 0.341661
5 0.417027 0.341661 0.834053 0.341661
5 0.439771 0.343639 0.879543 0.343639
5 0.450849 0.343639 0.901699 0.343639
5 0.444308 0.299118 0.888615 0.299118
5 0.452058 0.318658 0.904116 0.318658
5 0.462298 0.340672 0.924595 0.340672
5 0.457817 0.363673 0.915634 0.363673
5 0.464441 0.385440 0.928883 0.385440
5 0.464890 0.429716 0.929779 0.429716
5 0.475908 0.384203 0.951817 0.384203
5 0.469572 0.361942 0.939145 0.361942
5 0.474150 0.338280 0.948299 0.338280
5 0.481076 0.360954 0.962152 0.360954
5 0.487508 0.383709 0.975016 0.383709
5 0.494571 0.360954 0.982330 0.360954
5 0.486160 0.338198 0.972321 0.338198
5 0.471800 0.296892 0.943599 0.296892
5 0.457272 0.297634 0.914544 0.297634
5 0.501827 0.337951 0.989584 0.337951
5 0.506102 0.360954 0.987796 0.360954
5 0.503257 0.382968 0.990739 0.382968
5 0.495670 0.407208 0.983484 0.407208
5 0.505781 0.406216 0.988438 0.406216
5 0.510070 0.405969 0.979859 0.405969
5 0.508132 0.428229 0.983736 0.428229
5 0.507706 0.383462 0.984588 0.383462
5 0.511720 0.384205 0.976560 0.384205
5 0.510071 0.360953 0.979859 0.360953
5 0.507925 0.337208 0.984149 0.337208
5 0.505039 0.314701 0.989922 0.314701
5 0.498464 0.293429 0.986947 0.293429
5 0.506620 0.291946 0.986760 0.291946
5 0.510428 0.294171 0.979145 0.294171
5 0.514469 0.311733 0.971061 0.311733
5 0.515872 0.333993 0.968255 0.333993
5 0.511803 0.336796 0.976395 0.336796
5 0.516161 0.381978 0.967679 0.381978
5 0.513810 0.405475 0.972380 0.405475
5 0.518154 0.403744 0.963692 0.403744
5 0.522196 0.401600 0.955608 0.401600
5 0.520381 0.381153 0.959238 0.381153
5 0.517912 0.357492 0.964175 0.357492
5 0.514145 0.358479 0.971709 0.358479
5 0.524318 0.380246 0.951363 0.380246
5 0.530148 0.403002 0.939704 0.403002
5 0.528567 0.424272 0.942867 0.424272
5 0.524278 0.425508 0.951445 0.425508
5 0.518188 0.447853 0.963624 0.447853
5 0.526629 0.446781 0.946742 0.446781
5 0.530272 0.445545 0.939456 0.445545
5 0.532527 0.424767 0.934947 0.424767
5 0.536678 0.424767 0.926644 0.424767
5 0.534135 0.402507 0.931730 0.402507
5 0.532320 0.381731 0.935360 0.381731
5 0.526120 0.355759 0.947760 0.355759
5 0.522449 0.358316 0.955101 0.358316
5 0.527106 0.307775 0.945788 0.307775
5 0.528673 0.332508 0.942654 0.332508
5 0.530337 0.356500 0.939327 0.356500
5 0.528316 0.379008 0.943368 0.379008
5 0.538717 0.357446 0.922566 0.357446
5 0.534309 0.356022 0.931383 0.356022
5 0.532896 0.331799 0.934208 0.331799
5 0.531075 0.307105 0.937850 0.307105
5 0.534955 0.307106 0.930090 0.307106
5 0.539007 0.307105 0.921986 0.307105
5 0.543164 0.307343 0.913671 0.307343
5 0.541172 0.285260 0.917656 0.285260
5 0.545317 0.285735 0.909367 0.285735
5 0.549065 0.287160 0.901870 0.287160
5 0.548889 0.332276 0.902223 0.332276
5 0.552901 0.330852 0.894198 0.330852
5 0.554630 0.354121 0.890740 0.354121
5 0.550248 0.354596 0.899504 0.354596
5 0.546936 0.356259 0.906128 0.356259
5 0.544732 0.332988 0.910537 0.332988
5 0.542527 0.356022 0.914945 0.356022
5 0.540389 0.331802 0.919222 0.331802
5 0.548480 0.376680 0.903040 0.376680
5 0.552413 0.375966 0.895174 0.375966
5 0.550077 0.397100 0.899847 0.397100
5 0.554115 0.397575 0.891770 0.397575
5 0.558071 0.396863 0.883858 0.396863
5 0.556289 0.375256 0.887421 0.375256
5 0.560196 0.373988 0.879608 0.373988
5 0.558203 0.353171 0.883593 0.353171
5 0.555310 0.307580 0.889381 0.307580
5 0.550902 0.308293 0.898197 0.308293
5 0.556814 0.330138 0.886371 0.330138
5 0.547127 0.308531 0.905747 0.308531
5 0.560787 0.326815 0.878426 0.326815
5 0.552710 0.285497 0.894580 0.285497
5 0.562001 0.350559 0.875998 0.350559
5 0.563888 0.373830 0.872223 0.373830
5 0.561974 0.395437 0.876051 0.395437
5 0.557924 0.417045 0.884152 0.417045
5 0.568083 0.373353 0.863834 0.373353
5 0.568411 0.326577 0.863177 0.326577
5 0.566590 0.303781 0.866821 0.303781
5 0.562776 0.303781 0.874448 0.303781
5 0.564676 0.283362 0.870647 0.283362
5 0.560770 0.283597 0.878461 0.283597
5 0.556810 0.283598 0.886380 0.283598
5 0.558579 0.303782 0.882842 0.303782
5 0.572001 0.372167 0.855997 0.372167
5 0.569903 0.394725 0.860195 0.394725
5 0.567844 0.417047 0.864312 0.417047
5 0.565917 0.396388 0.868166 0.396388
5 0.573941 0.395675 0.852118 0.395675
5 0.575683 0.416095 0.848634 0.416095
5 0.578529 0.348421 0.842942 0.348421
5 0.576312 0.373355 0.847376 0.373355
5 0.580351 0.370743 0.839298 0.370743
5 0.574319 0.349846 0.851362 0.349846
5 0.582212 0.392826 0.835576 0.392826
5 0.579875 0.414910 0.840249 0.414910
5 0.578529 0.436280 0.842942 0.436280
5 0.574094 0.437311 0.851811 0.437311
5 0.580113 0.457412 0.839774 0.457412
5 0.584178 0.455039 0.831644 0.455039
5 0.582357 0.435567 0.835287 0.435567
5 0.590064 0.432481 0.819871 0.432481
5 0.586171 0.434619 0.827659 0.434619
5 0.584323 0.413723 0.831354 0.413723
5 0.587953 0.412061 0.824094 0.412061
5 0.586540 0.390452 0.826920 0.390452
5 0.584428 0.323491 0.831143 0.323491
5 0.580443 0.325389 0.839114 0.325389
5 0.570703 0.305205 0.858595 0.305205
5 0.568433 0.285021 0.863134 0.285021
5 0.576377 0.283835 0.847246 0.283835
5 0.580640 0.284548 0.838721 0.284548
5 0.584877 0.284548 0.830247 0.284548
5 0.586685 0.304257 0.826630 0.304257
5 0.584188 0.368842 0.831624 0.368842
5 0.588029 0.368368 0.823943 0.368368
5 0.588358 0.454800 0.823284 0.454800
5 0.592436 0.453853 0.815128 0.453853
5 0.586048 0.475697 0.827903 0.475697
5 0.581931 0.477122 0.836137 0.477122
5 0.578302 0.478071 0.843396 0.478071
5 0.574171 0.479021 0.851658 0.479021
5 0.575900 0.500393 0.848200 0.500393
5 0.579992 0.498493 0.840017 0.498493
5 0.588412 0.495882 0.823176 0.495882
5 0.584070 0.497463 0.831861 0.497463
5 0.586195 0.518123 0.827611 0.518123
5 0.590220 0.475223 0.819560 0.475223
5 0.594430 0.473561 0.811139 0.473561
5 0.584028 0.538859 0.831944 0.538859
5 0.581665 0.518677 0.836670 0.518677
5 0.588225 0.536959 0.823550 0.536959
5 0.582298 0.560231 0.835403 0.560231
5 0.586245 0.557856 0.827511 0.557856
5 0.588264 0.576615 0.823471 0.576615
5 0.592118 0.536246 0.815764 0.536246
5 0.590296 0.516302 0.819407 0.516302
5 0.592473 0.410395 0.815054 0.410395
5 0.593695 0.389169 0.812611 0.389169
5 0.589919 0.390168 0.820162 0.390168
5 0.591793 0.368108 0.816414 0.368108
5 0.578456 0.305009 0.843088 0.305009
5 0.572431 0.286280 0.855137 0.286280
5 0.582301 0.304010 0.835399 0.304010
5 0.538208 0.403114 0.923585 0.403114
5 0.540138 0.424425 0.919724 0.424425
5 0.526469 0.486771 0.947062 0.486771
5 0.540097 0.463621 0.919806 0.463621
5 0.547876 0.462833 0.904248 0.462833
5 0.544652 0.379420 0.910696 0.379420
5 0.516098 0.319129 0.967803 0.313447
5 0.519531 0.325047 0.960937 0.319366
5 0.514205 0.353220 0.971591 0.354640
5 0.518190 0.336648 0.963621 0.348485
5 0.492139 0.316367 0.979856 0.316367
5 0.509584 0.315320 0.980833 0.315320
5 0.465354 0.317415 0.930707 0.317415
5 0.453519 0.471484 0.907037 0.471484
5 0.459010 0.450816 0.918021 0.450816
5 0.465445 0.470425 0.930890 0.470425
5 0.497130 0.449225 0.984540 0.449225
5 0.412973 0.492153 0.825946 0.492153
5 0.407202 0.512289 0.814403 0.512289
5 0.431157 0.513350 0.862314 0.513350
5 0.390020 0.494273 0.780039 0.494273