4 0.235638 0.477983 0.235953 0.476799
5 0.241773 0.481912 0.229537 0.481912
5 0.224833 0.481911 0.211850 0.481911
5 0.234932 0.501721 0.221283 0.501721
5 0.251385 0.502428 0.238735 0.502428
5 0.279241 0.460333 0.267741 0.460333
5 0.269955 0.439815 0.259486 0.439815
5 0.255294 0.441290 0.242563 0.441290
5 0.176125 0.481229 0.163505 0.481229
5 0.247785 0.462541 0.237171 0.462541
5 0.312970 0.458840 0.299249 0.458840
5 0.300642 0.442325 0.291085 0.442325
5 0.333307 0.436345 0.322978 0.436345
5 0.341308 0.413279 0.328295 0.413279
5 0.360325 0.457985 0.347468 0.457985
5 0.329372 0.459125 0.315574 0.459125
5 0.305895 0.479628 0.293174 0.479628
5 0.198226 0.561571 0.184776 0.561571
5 0.221834 0.543127 0.208886 0.543127
5 0.211473 0.522625 0.198824 0.522625
5 0.227867 0.523020 0.215163 0.523020
5 0.217112 0.502124 0.204899 0.502124
5 0.200455 0.503262 0.188952 0.503262
5 0.193898 0.522363 0.182308 0.522363
5 0.178027 0.523196 0.166171 0.523196
5 0.171995 0.543130 0.159337 0.543130
5 0.181175 0.563346 0.168639 0.563346
5 0.191013 0.581902 0.177942 0.581902
5 0.183536 0.602074 0.170918 0.602074
5 0.177372 0.621722 0.163704 0.621722
5 0.151010 0.602929 0.139025 0.602929
5 0.144687 0.622861 0.132191 0.622861
5 0.153474 0.642794 0.142820 0.642794
5 0.169999 0.643080 0.156869 0.643080
5 0.163007 0.662726 0.149846 0.662726
5 0.173369 0.670523 0.160097 0.658954
5 0.181761 0.675434 0.169018 0.649131
5 0.164974 0.675292 0.151554 0.649415
5 0.147531 0.675434 0.136746 0.649131
5 0.156055 0.680062 0.142632 0.639876
5 0.166693 0.685615 0.152884 0.628770
5 0.158299 0.690527 0.144719 0.618946
5 0.158210 0.582425 0.145859 0.582425
5 0.174083 0.581856 0.160857 0.581856
5 0.165295 0.562778 0.152123 0.562778
5 0.148770 0.561921 0.137127 0.561921
5 0.156377 0.542560 0.143771 0.542560
5 0.141950 0.543414 0.130102 0.543414
5 0.162017 0.522625 0.149656 0.522625
5 0.167152 0.460833 0.154401 0.460833
5 0.183284 0.461403 0.170538 0.461403
5 0.189448 0.442894 0.178131 0.442894
5 0.175022 0.443462 0.161995 0.443462
5 0.160202 0.481335 0.146998 0.481335
5 0.153512 0.503262 0.141302 0.503262
5 0.137906 0.502408 0.127445 0.502408
5 0.143544 0.482475 0.132760 0.482475
5 0.257839 0.482759 0.244955 0.482759
5 0.372022 0.412691 0.360043 0.412691
5 0.388022 0.412995 0.375563 0.412995
5 0.402449 0.412711 0.391130 0.412711
5 0.381202 0.436059 0.369679 0.436059
5 0.375301 0.458140 0.362496 0.458140
5 0.421336 0.455797 0.409838 0.455797
5 0.434845 0.410717 0.423213 0.410717
5 0.451240 0.410432 0.438590 0.410432
5 0.442190 0.388505 0.430616 0.388505
5 0.426714 0.389930 0.413911 0.389930
5 0.410319 0.390586 0.398652 0.390586
5 0.395367 0.391068 0.382777 0.391068
5 0.474411 0.387366 0.461180 0.387366
5 0.489494 0.386512 0.477507 0.386512
5 0.480706 0.408152 0.469344 0.408152
5 0.457229 0.387300 0.445877 0.387300
5 0.518610 0.389929 0.507122 0.389929
5 0.573647 0.402459 0.560656 0.402459
5 0.582041 0.424100 0.569768 0.424100
5 0.575352 0.446881 0.562745 0.446881
5 0.536399 0.429226 0.524018 0.429226
5 0.527744 0.409008 0.515855 0.409008
5 0.511742 0.410430 0.500287 0.410430
5 0.520923 0.431219 0.508830 0.431219
5 0.529972 0.449728 0.517184 0.449728
5 0.564335 0.380533 0.552493 0.380533
5 0.547809 0.382810 0.536357 0.382810
5 0.579549 0.379677 0.568440 0.379677
5 0.595419 0.379677 0.584196 0.379677
5 0.611158 0.380533 0.600332 0.380533
5 0.588467 0.401889 0.576223 0.401889
5 0.596600 0.423531 0.585335 0.423531
5 0.612864 0.422676 0.600713 0.422676
4 0.684659 0.400095 0.630682 0.407434
5 0.643946 0.421254 0.632415 0.421254
5 0.678252 0.438338 0.643497 0.438338
5 0.682022 0.437199 0.635957 0.437199
5 0.685999 0.436059 0.628002 0.436059
5 0.684219 0.458271 0.631562 0.458271
5 0.688054 0.457132 0.623892 0.457132
5 0.692359 0.456277 0.615282 0.456277
5 0.689977 0.435490 0.620046 0.435490
5 0.693699 0.434910 0.612603 0.434910
5 0.697527 0.434613 0.604946 0.434613
5 0.700963 0.432527 0.598074 0.432527
5 0.699756 0.413765 0.600488 0.413765
5 0.686109 0.390835 0.627782 0.390835
5 0.706000 0.432231 0.587999 0.432231
5 0.709418 0.431336 0.581165 0.431336
5 0.703010 0.411384 0.593980 0.411384
5 0.713090 0.431336 0.573819 0.431336
5 0.716912 0.428954 0.566175 0.428954
5 0.720890 0.428359 0.558220 0.428359
5 0.725012 0.427167 0.549976 0.427167
5 0.726837 0.447715 0.546327 0.447715
5 0.719309 0.449503 0.561381 0.449503
5 0.715064 0.449801 0.569872 0.449801
5 0.707756 0.452781 0.584488 0.452781
5 0.712976 0.472756 0.574048 0.472756
5 0.724720 0.468565 0.550561 0.468565
5 0.730793 0.445929 0.538413 0.445929
5 0.735133 0.445335 0.529734 0.445335
5 0.739087 0.444441 0.521826 0.444441
5 0.742362 0.443250 0.515275 0.443250
5 0.740786 0.466480 0.518428 0.466480
5 0.746950 0.442654 0.506099 0.442654
5 0.724089 0.380411 0.551822 0.380411
5 0.706588 0.364998 0.586824 0.364998
5 0.713903 0.362950 0.572195 0.362950
5 0.482460 0.367924 0.469235 0.367924
5 0.466826 0.368217 0.452849 0.368217
5 0.404343 0.372021 0.390423 0.372021
5 0.386553 0.372607 0.375401 0.372607
5 0.363506 0.392211 0.351797 0.392211
5 0.238788 0.401284 0.226165 0.401284
5 0.230970 0.423524 0.217970 0.423524
5 0.198085 0.422938 0.186776 0.422938
5 0.175172 0.403625 0.162176 0.403625
5 0.182720 0.422964 0.170013 0.422964
5 0.261101 0.522720 0.248208 0.522720
4 0.590751 0.416903 0.590278 0.418324
4 0.263573 0.415956 0.260101 0.412405
4 0.310133 0.418561 0.309028 0.415009