5 0.383318 0.445170 0.766637 0.449106
5 0.371397 0.444680 0.742793 0.448616
5 0.359270 0.444771 0.718540 0.448707
5 0.335423 0.445099 0.670845 0.449035
5 0.323363 0.445146 0.646726 0.449082
5 0.347385 0.444384 0.694769 0.448320
5 0.394815 0.489797 0.789631 0.493733
5 0.382894 0.489307 0.765787 0.493243
5 0.364984 0.466268 0.729969 0.470204
5 0.358882 0.489011 0.717763 0.492948
5 0.346919 0.489727 0.693839 0.493663
5 0.317172 0.467051 0.634345 0.470987
5 0.388897 0.466667 0.777794 0.470603
5 0.376975 0.466177 0.753950 0.470113
5 0.353351 0.466404 0.706702 0.470340
5 0.341466 0.466018 0.682932 0.469954
5 0.317772 0.422049 0.635544 0.425985
5 0.353779 0.421118 0.707559 0.425054
5 0.341953 0.421833 0.683907 0.425769
5 0.329572 0.423058 0.659144 0.426994
5 0.275191 0.444397 0.550381 0.448333
5 0.287400 0.445099 0.574799 0.449035
5 0.299362 0.445133 0.598724 0.449069
5 0.311322 0.444920 0.622644 0.448857
5 0.305478 0.422445 0.610957 0.426381
5 0.293518 0.422658 0.587036 0.426594
5 0.281556 0.422624 0.563112 0.426560
5 0.269347 0.421921 0.538694 0.425857
5 0.281259 0.466572 0.562518 0.470509
5 0.257809 0.422970 0.515619 0.426906
5 0.239976 0.443901 0.479953 0.447837
5 0.233611 0.465673 0.467222 0.469609
5 0.389425 0.423908 0.778851 0.427844
5 0.377504 0.423418 0.755007 0.427354
5 0.365377 0.423509 0.730754 0.427445
5 0.425389 0.422099 0.850778 0.426035
5 0.413467 0.421609 0.826935 0.425545
5 0.401341 0.422604 0.802681 0.426540
5 0.419207 0.443964 0.838414 0.447900
5 0.407059 0.444680 0.814117 0.448616
5 0.395234 0.445072 0.790467 0.449008
5 0.425088 0.466431 0.850175 0.470367
5 0.412940 0.467147 0.825879 0.471084
5 0.401039 0.467389 0.802078 0.471326
5 0.430742 0.489050 0.861485 0.492986
5 0.418594 0.489766 0.837189 0.493702
5 0.406694 0.490008 0.813387 0.493944
5 0.436548 0.511216 0.873096 0.515152
5 0.424400 0.511933 0.848799 0.515869
5 0.448460 0.511820 0.896920 0.515756
5 0.442655 0.489653 0.885310 0.493589
5 0.437000 0.467035 0.874000 0.470971
5 0.431119 0.444567 0.862239 0.448503
5 0.443183 0.445170 0.886365 0.449106
5 0.449063 0.467638 0.898127 0.471574
5 0.454718 0.488899 0.909436 0.492835
5 0.460524 0.511066 0.921047 0.515002
5 0.449496 0.423791 0.898991 0.427727
5 0.437432 0.423188 0.874865 0.427124
5 0.473385 0.422643 0.946770 0.426580
5 0.461322 0.422040 0.922644 0.425976
5 0.455367 0.445141 0.910735 0.449077
5 0.467502 0.445026 0.935005 0.448962
5 0.473313 0.466692 0.946627 0.470628
5 0.461178 0.466806 0.922357 0.470742
5 0.477833 0.534271 0.955666 0.538207
5 0.465698 0.534385 0.931396 0.538321
5 0.466989 0.489332 0.933979 0.493269
5 0.479124 0.489218 0.958249 0.493154
5 0.504483 0.532210 0.991034 0.538911
5 0.485339 0.467059 0.970679 0.470996
5 0.491220 0.487961 0.982440 0.491897
5 0.484662 0.508652 0.969323 0.515352
5 0.472441 0.509164 0.944881 0.515864
5 0.500524 0.534157 0.998951 0.538094
5 0.489810 0.533623 0.979619 0.537560
5 0.506752 0.510867 0.986495 0.514803
5 0.502784 0.510333 0.994431 0.514269
5 0.496517 0.510981 0.993033 0.514917
5 0.509056 0.487449 0.981888 0.491385
5 0.501074 0.488586 0.997852 0.492522
5 0.505067 0.487938 0.989867 0.491875
5 0.505133 0.444665 0.989733 0.448601
5 0.501125 0.444297 0.997751 0.448233
5 0.491443 0.445307 0.982886 0.449243
5 0.497190 0.466938 0.994380 0.470874
5 0.503062 0.466824 0.993877 0.470760
5 0.507094 0.465566 0.985813 0.469502
5 0.497627 0.422926 0.995255 0.426863
5 0.503171 0.423294 0.993658 0.427230
5 0.485534 0.422799 0.971069 0.426735
5 0.479350 0.445179 0.958700 0.449116
5 0.512559 0.531359 0.974881 0.535295
5 0.510810 0.509673 0.978380 0.513609
5 0.508488 0.532831 0.983023 0.536767
5 0.509170 0.444121 0.981661 0.448057
5 0.511130 0.465022 0.977740 0.468958
5 0.512956 0.487449 0.974088 0.491385
5 0.514756 0.510353 0.970488 0.514289
5 0.516525 0.533347 0.966951 0.537283
5 0.514169 0.555986 0.971661 0.559922
5 0.510234 0.556369 0.979531 0.560305
5 0.520402 0.531850 0.959196 0.535787
5 0.518633 0.508857 0.962733 0.512793
5 0.517015 0.487040 0.965970 0.490977
5 0.515189 0.464614 0.969622 0.468550
5 0.513352 0.443525 0.973296 0.447461
5 0.524959 0.484042 0.950082 0.487978
5 0.521084 0.484292 0.957832 0.488228
5 0.522726 0.506881 0.954548 0.510817
5 0.524495 0.529875 0.951010 0.533811
5 0.528399 0.529641 0.943202 0.533577
5 0.526630 0.506647 0.946740 0.510583
5 0.523013 0.461157 0.953975 0.465093
5 0.519190 0.462828 0.961619 0.466764
5 0.526958 0.461157 0.946083 0.465093
5 0.530628 0.508225 0.938743 0.512161
5 0.528905 0.484042 0.942190 0.487978
5 0.532371 0.530272 0.935258 0.534208
5 0.203990 0.442383 0.407980 0.446319
5 0.215764 0.442912 0.431528 0.446848
5 0.233914 0.421763 0.467829 0.425699
5 0.186155 0.419498 0.372311 0.423434
5 0.197930 0.420027 0.395859 0.423963
5 0.511122 0.423980 0.977756 0.427289
5 0.516893 0.443650 0.966213 0.446959
5 0.524863 0.440823 0.950273 0.444132
5 0.536701 0.447053 0.926599 0.450362
5 0.540413 0.448455 0.919175 0.451764
5 0.548512 0.449545 0.902977 0.452854
5 0.544488 0.449234 0.911024 0.452543
5 0.534676 0.465743 0.930649 0.469052
5 0.538388 0.467145 0.923224 0.470454
5 0.542463 0.470105 0.915073 0.473413
5 0.544412 0.490625 0.911175 0.494561
5 0.540414 0.489047 0.919172 0.492983
5 0.536510 0.488035 0.926980 0.491971
5 0.546411 0.512742 0.907178 0.516678
5 0.542413 0.511164 0.915174 0.515100
5 0.538509 0.510152 0.922982 0.514088
5 0.530756 0.463251 0.938488 0.466560
5 0.532746 0.486322 0.934508 0.490258
5 0.534667 0.508750 0.930666 0.512686
5 0.532833 0.441914 0.934335 0.445222
5 0.546643 0.427740 0.906715 0.431049
5 0.542334 0.428207 0.915333 0.431516
5 0.538310 0.427117 0.923380 0.430426
5 0.529992 0.553185 0.940017 0.559885
5 0.525911 0.552030 0.948177 0.558730
5 0.521966 0.552954 0.956069 0.559654
5 0.527701 0.575935 0.944597 0.582636
5 0.544253 0.532857 0.911493 0.536794
5 0.540281 0.532226 0.919437 0.536162
5 0.536377 0.531780 0.927245 0.535716
5 0.538082 0.553859 0.923837 0.557795
5 0.542054 0.554491 0.915893 0.558427
5 0.534178 0.553413 0.931645 0.557349
5 0.541616 0.599537 0.916769 0.603473
5 0.545656 0.599439 0.908689 0.603375
5 0.543868 0.577485 0.912264 0.581421
5 0.539741 0.578437 0.920519 0.582373
5 0.535769 0.577806 0.928463 0.581742
5 0.546083 0.555157 0.907835 0.559094
5 0.547897 0.578152 0.904206 0.582088
5 0.549824 0.599106 0.900353 0.603042
5 0.548310 0.534024 0.903380 0.537960
5 0.550140 0.556325 0.899721 0.560261
5 0.552120 0.577651 0.895759 0.581587
5 0.548469 0.491959 0.903061 0.495895
5 0.550496 0.513409 0.899008 0.517345
5 0.552367 0.535358 0.895266 0.539294
5 0.554610 0.472953 0.890780 0.476889
5 0.550581 0.471452 0.898838 0.475389
5 0.546583 0.469874 0.906835 0.473810
5 0.556510 0.454060 0.886980 0.457369
5 0.556353 0.495415 0.887294 0.498724
5 0.552278 0.494637 0.895445 0.497945
5 0.537442 0.600358 0.925116 0.604294
5 0.559836 0.621001 0.880328 0.624937
5 0.555668 0.621197 0.888664 0.625134
5 0.551651 0.621022 0.896698 0.624958
5 0.547545 0.620611 0.904909 0.624547
5 0.557934 0.599905 0.884132 0.603841
5 0.553894 0.599458 0.892211 0.603394
5 0.554172 0.557134 0.891656 0.561070
5 0.556048 0.578229 0.887903 0.582165
5 0.558361 0.515145 0.883278 0.519081
5 0.554382 0.514794 0.891237 0.518730
5 0.556359 0.536234 0.887281 0.540170
5 0.560285 0.537252 0.879431 0.541188
5 0.562143 0.558554 0.875715 0.562490
5 0.558163 0.557745 0.883675 0.561681
5 0.567877 0.580492 0.864246 0.584428
5 0.564002 0.579999 0.871996 0.583935
5 0.560012 0.579387 0.879976 0.583324
5 0.569718 0.601799 0.860563 0.605735
5 0.565843 0.601306 0.868313 0.605242
5 0.561853 0.600694 0.876294 0.604630
5 0.571533 0.622474 0.856933 0.626411
5 0.567685 0.622612 0.864630 0.626549
5 0.563695 0.622001 0.872611 0.625937
5 0.566062 0.559185 0.867876 0.563121
5 0.564230 0.537726 0.871539 0.541662
5 0.562359 0.515934 0.875282 0.519870
5 0.554750 0.432364 0.890500 0.435673
5 0.550657 0.429872 0.898687 0.433181
5 0.552626 0.451823 0.894748 0.455132
5 0.558640 0.434126 0.882719 0.437435
5 0.560394 0.454598 0.879211 0.457906
5 0.558388 0.475255 0.883225 0.478564
5 0.560268 0.495970 0.879464 0.499279
5 0.573230 0.643494 0.853541 0.647430
5 0.565494 0.643020 0.869013 0.646956
5 0.561532 0.642513 0.876935 0.646449
5 0.557364 0.642217 0.885271 0.646153
5 0.553347 0.642041 0.893306 0.645977
5 0.549242 0.641630 0.901516 0.645567
5 0.569381 0.643632 0.861238 0.647568
5 0.545152 0.642247 0.909695 0.646183
5 0.575079 0.664209 0.849842 0.668145
5 0.571231 0.664347 0.857539 0.668283
5 0.567384 0.663612 0.865232 0.667548
5 0.563361 0.663845 0.873277 0.667781
5 0.559317 0.663055 0.881367 0.666991
5 0.555135 0.662509 0.889730 0.666445
5 0.550906 0.663078 0.898187 0.667015
5 0.561145 0.670044 0.877709 0.659911
5 0.556911 0.670090 0.886177 0.659820
5 0.552730 0.669954 0.894540 0.660093
5 0.548663 0.669934 0.902673 0.660132
5 0.575579 0.580979 0.848842 0.584915
5 0.577421 0.602286 0.845159 0.606222
5 0.573546 0.601792 0.852908 0.605728
5 0.570332 0.515934 0.859336 0.519870
5 0.566360 0.515631 0.867279 0.519568
5 0.568284 0.538063 0.863432 0.541999
5 0.572203 0.537726 0.855594 0.541662
5 0.566494 0.473288 0.867012 0.477224
5 0.568439 0.494262 0.863123 0.498198
5 0.570467 0.472639 0.859066 0.476576
5 0.576602 0.494044 0.846797 0.497980
5 0.574494 0.515448 0.851013 0.519384
5 0.572575 0.492908 0.854850 0.496845
5 0.564367 0.452490 0.871266 0.455799
5 0.564493 0.494156 0.871014 0.498093
5 0.573886 0.558963 0.852229 0.562899
5 0.569967 0.559300 0.860066 0.563236
5 0.579352 0.623219 0.841296 0.627155
5 0.575373 0.623099 0.849253 0.627035
5 0.581325 0.644276 0.837351 0.648212
5 0.577346 0.644156 0.845308 0.648093
5 0.583547 0.582225 0.832907 0.586161
5 0.577097 0.670374 0.845805 0.659251
5 0.573090 0.670307 0.853820 0.659386
5 0.569153 0.670123 0.861694 0.659754
5 0.565221 0.670181 0.869558 0.659637
5 0.578843 0.675579 0.842313 0.648843
5 0.574993 0.675440 0.850013 0.649119
5 0.570899 0.675327 0.858202 0.649345
5 0.566967 0.675386 0.866066 0.649229
5 0.562891 0.675249 0.874217 0.649503
5 0.582986 0.675790 0.834027 0.648420
5 0.581240 0.670586 0.837519 0.658828
5 0.554549 0.675291 0.890902 0.649418
5 0.558625 0.675428 0.882751 0.649144
5 0.576882 0.680712 0.846236 0.638576
5 0.572950 0.680604 0.854100 0.638791
5 0.568855 0.680491 0.862289 0.639017
5 0.564640 0.680550 0.870719 0.638901
5 0.560565 0.680413 0.878870 0.639175
5 0.574621 0.685829 0.850757 0.628342
5 0.566595 0.685609 0.866810 0.628783
5 0.562380 0.685667 0.875240 0.628666
5 0.570689 0.685721 0.858621 0.628557
5 0.578732 0.685921 0.842537 0.628157
5 0.580951 0.680804 0.838098 0.638391
5 0.582801 0.686014 0.834399 0.627972
5 0.580716 0.691123 0.838567 0.617755
5 0.572674 0.690923 0.854652 0.618155
5 0.568580 0.690810 0.862841 0.618381
5 0.564365 0.690868 0.871271 0.618264
5 0.574539 0.696124 0.850921 0.607752
5 0.570445 0.696011 0.859110 0.607978
5 0.566230 0.696069 0.867540 0.607862
5 0.578588 0.696252 0.842824 0.607496
5 0.561997 0.696069 0.876006 0.607862
5 0.576221 0.701381 0.847559 0.597237
5 0.572172 0.701253 0.855656 0.597494
5 0.568078 0.701140 0.863845 0.597720
5 0.573925 0.706403 0.852150 0.587194
5 0.569876 0.706275 0.860248 0.587450
5 0.565782 0.706162 0.868436 0.587676
5 0.143999 0.434265 0.287997 0.438201
5 0.167745 0.439906 0.335491 0.443843
5 0.179894 0.440920 0.359788 0.444856
5 0.156019 0.437232 0.312038 0.441168
5 0.161914 0.415255 0.323828 0.419191
5 0.149988 0.411157 0.299976 0.415093
5 0.173970 0.462638 0.347941 0.466574
5 0.186119 0.463651 0.372239 0.467587
5 0.149794 0.456616 0.299588 0.463316
5 0.155931 0.483177 0.311863 0.487113
5 0.161806 0.458896 0.323613 0.465596
5 0.144138 0.479063 0.288277 0.485763
5 0.138039 0.408142 0.276078 0.412078
5 0.132050 0.431250 0.264100 0.435186
5 0.138263 0.457556 0.276527 0.461492
5 0.126243 0.454812 0.252486 0.458749
5 0.132134 0.478839 0.264268 0.485540
5 0.126075 0.405595 0.252151 0.409531
5 0.132236 0.383250 0.264471 0.387186
5 0.579844 0.711660 0.840313 0.576679
5 0.575795 0.711532 0.848411 0.576936
5 0.571700 0.711419 0.856599 0.577162
5 0.577731 0.716743 0.844537 0.566513
5 0.569588 0.716502 0.860823 0.566996
5 0.575563 0.721559 0.848875 0.556882
5 0.571468 0.721446 0.857063 0.557108
5 0.388404 0.511348 0.776808 0.515285