5 0.126973 0.464725 0.253946 0.459991
5 0.166272 0.439394 0.332544 0.436316
5 0.174834 0.459991 0.349669 0.455729
5 0.178780 0.436790 0.357560 0.433949
5 0.185093 0.438684 0.370186 0.440104
5 0.218947 0.449811 0.437895 0.447917
5 0.214331 0.425189 0.428662 0.427557
5 0.247041 0.420691 0.494081 0.411695
5 0.254261 0.427083 0.508523 0.424006
5 0.262784 0.430398 0.525568 0.428030
5 0.274108 0.444839 0.548217 0.441998
5 0.287050 0.442235 0.574100 0.430871
5 0.291667 0.466383 0.583333 0.459991
5 0.313881 0.459991 0.627762 0.454072
5 0.297191 0.421165 0.594381 0.420455
5 0.289339 0.424006 0.578677 0.418797
5 0.323785 0.410985 0.647569 0.407434
5 0.306858 0.411695 0.613715 0.410748
5 0.329190 0.434422 0.658381 0.430398
5 0.332544 0.464015 0.665088 0.459754
5 0.331282 0.453835 0.662563 0.456913
5 0.342724 0.431108 0.685448 0.424716
5 0.346788 0.414536 0.693576 0.406960
5 0.342093 0.391809 0.684186 0.393229
5 0.334714 0.412879 0.669429 0.409564
5 0.365925 0.427320 0.731850 0.424716
5 0.360164 0.405066 0.720328 0.401752
5 0.374487 0.428030 0.748974 0.426136
5 0.347064 0.458097 0.694129 0.454072
5 0.382102 0.426847 0.764205 0.430398
5 0.395281 0.430161 0.790562 0.430161
5 0.393860 0.450758 0.787721 0.447680
5 0.402936 0.409091 0.805871 0.407197
5 0.414220 0.398911 0.828441 0.395360
5 0.412682 0.424716 0.825363 0.419508
5 0.425900 0.445549 0.851799 0.440578
5 0.416943 0.449100 0.833886 0.442472
5 0.434541 0.416903 0.869081 0.413116
5 0.462910 0.430398 0.925821 0.424479
5 0.456242 0.415956 0.912484 0.413116
5 0.473840 0.439631 0.947680 0.436553
5 0.500000 0.414062 1.000000 0.410275
5 0.501065 0.433475 0.997869 0.431345
5 0.504656 0.434186 0.990688 0.432055
5 0.508957 0.401278 0.982086 0.395597
5 0.504853 0.392045 0.990294 0.389441
5 0.512942 0.425189 0.974116 0.418797
5 0.516177 0.401752 0.967645 0.400331
5 0.516888 0.426373 0.966225 0.424479
5 0.519334 0.401278 0.961332 0.397964
5 0.522293 0.402225 0.955414 0.395360
5 0.539141 0.393703 0.921717 0.395360
5 0.541903 0.477746 0.916193 0.471591
5 0.540088 0.477509 0.919823 0.465436
5 0.545889 0.474669 0.908223 0.471591
5 0.544429 0.452415 0.911143 0.451231
5 0.537879 0.454545 0.924242 0.449337
5 0.552162 0.424716 0.895676 0.422112
5 0.553859 0.442708 0.892282 0.430871
5 0.546993 0.411458 0.906013 0.407670
5 0.552991 0.429688 0.894018 0.425663
5 0.552517 0.469460 0.894965 0.463305
5 0.557805 0.424953 0.884391 0.422585
5 0.559817 0.405303 0.880366 0.401515
5 0.552044 0.490057 0.895912 0.483428
5 0.559738 0.467566 0.880524 0.463778
5 0.558554 0.464725 0.882891 0.460701
5 0.558791 0.446496 0.882418 0.442235
5 0.560409 0.427083 0.879182 0.425189
5 0.564512 0.426610 0.870975 0.422822
5 0.566919 0.501184 0.866162 0.495975
5 0.560646 0.526515 0.878709 0.523438
5 0.553977 0.508759 0.892045 0.506392
5 0.569839 0.433475 0.860322 0.430634
5 0.562342 0.461884 0.875316 0.466383
5 0.560172 0.386600 0.879656 0.383523
5 0.559067 0.363636 0.881866 0.359375
5 0.554687 0.366004 0.890625 0.364820
5 0.549598 0.366477 0.900805 0.363873
5 0.547506 0.370739 0.904987 0.368608
5 0.542614 0.374527 0.914773 0.371686
5 0.540680 0.372159 0.918640 0.366004
5 0.535432 0.377131 0.929135 0.372159
5 0.526081 0.380919 0.947838 0.378078
5 0.524069 0.378788 0.951862 0.375473
5 0.520636 0.381392 0.958728 0.377841
5 0.524345 0.442235 0.951310 0.430398
5 0.526397 0.443419 0.947206 0.441288
5 0.528409 0.419744 0.943182 0.418324
5 0.529711 0.441761 0.940578 0.439394
5 0.530027 0.420455 0.939946 0.412879
5 0.527462 0.398438 0.945076 0.399858
5 0.535235 0.436553 0.929530 0.434186
5 0.538905 0.433949 0.922191 0.430634
5 0.568142 0.541667 0.863715 0.544981
5 0.562539 0.544034 0.874921 0.540009
5 0.566919 0.571023 0.866162 0.576941
5 0.576783 0.527462 0.846433 0.518466
5 0.568932 0.459991 0.862137 0.456913
5 0.569484 0.421402 0.861032 0.412879
5 0.566248 0.404830 0.867503 0.403409
5 0.579111 0.467093 0.841777 0.460938
5 0.576073 0.585464 0.847854 0.588068
5 0.573153 0.595881 0.853693 0.591383
5 0.550599 0.368965 0.898802 0.374549
5 0.559762 0.400321 0.880476 0.405046
6 0.564591 0.328362 0.870818 0.327415