6 0.175443 0.500492 0.174459 0.506029
5 0.717433 0.552041 0.565135 0.555341
5 0.702645 0.592145 0.594710 0.595445
5 0.697213 0.571138 0.605573 0.574438
5 0.688117 0.551112 0.623766 0.554412
5 0.684321 0.550523 0.631357 0.553823
5 0.673163 0.509295 0.653673 0.512595
5 0.676959 0.509884 0.646082 0.513184
5 0.671396 0.527946 0.657207 0.531246
5 0.629532 0.529169 0.632547 0.532469
5 0.644046 0.528422 0.647061 0.531722
5 0.629684 0.489341 0.632698 0.492641
5 0.665741 0.509049 0.668517 0.512349
5 0.570368 0.566628 0.573382 0.569927
5 0.578102 0.585368 0.581116 0.588668
5 0.556166 0.526765 0.559181 0.530065
5 0.563619 0.546982 0.566634 0.550282
5 0.585473 0.565608 0.588488 0.568908
5 0.600537 0.566037 0.603551 0.569337
5 0.533898 0.508060 0.536913 0.511360
5 0.541240 0.526440 0.544254 0.529740
5 0.505388 0.506733 0.508403 0.510032
5 0.519424 0.507726 0.522438 0.511026
5 0.426186 0.522664 0.429201 0.525964
5 0.433433 0.541896 0.436448 0.545196
5 0.382906 0.521181 0.385920 0.524481
5 0.484550 0.486615 0.487565 0.489915
5 0.682378 0.451444 0.635243 0.454744
5 0.359385 0.539907 0.362400 0.543207