5 0.174400 0.153172 0.178662 0.306345
5 0.183239 0.126894 0.182607 0.253788
5 0.200600 0.128137 0.199495 0.256274
5 0.191604 0.144946 0.191288 0.289891
5 0.178188 0.184304 0.184817 0.368608
5 0.160354 0.171993 0.158933 0.343987
5 0.159407 0.204782 0.159407 0.409564
5 0.154672 0.223189 0.155145 0.446378
5 0.141823 0.203901 0.141665 0.407802
5 0.204072 0.158854 0.202020 0.317708
5 0.231061 0.158973 0.237216 0.317945
5 0.233679 0.134838 0.232732 0.269675
5 0.703480 0.125414 0.593040 0.250829
5 0.705808 0.125473 0.588384 0.250947
5 0.720289 0.125000 0.559422 0.250000
5 0.722104 0.136009 0.555792 0.272017
5 0.717921 0.139500 0.564157 0.279001
5 0.715278 0.131570 0.569444 0.263139
5 0.710464 0.138731 0.579072 0.277462
5 0.734375 0.131747 0.531250 0.263494
5 0.734375 0.133168 0.531250 0.266335
5 0.727904 0.127071 0.544192 0.254143