6 0.229985 0.552282 0.264141 0.895436
5 0.394043 0.152100 0.402832 0.304199
5 0.383789 0.151550 0.389648 0.303101
5 0.370605 0.155945 0.369141 0.311890
5 0.418945 0.147156 0.418945 0.294312
5 0.372070 0.147156 0.372070 0.294312
5 0.366211 0.163635 0.366211 0.327271
5 0.342773 0.144409 0.335449 0.288818
5 0.224121 0.237793 0.229980 0.475586
5 0.205078 0.228455 0.205078 0.456909
5 0.203613 0.254272 0.206543 0.508545
5 0.336914 0.160339 0.336914 0.320679
5 0.442383 0.163635 0.442383 0.327271
5 0.440918 0.152100 0.443848 0.304199
5 0.470215 0.148804 0.479004 0.297607
5 0.682007 0.158691 0.635986 0.317383
5 0.665894 0.175171 0.668213 0.350342
5 0.677612 0.171875 0.644775 0.343750
5 0.711670 0.150452 0.576660 0.300903
5 0.752009 0.154068 0.495982 0.308136
5 0.747935 0.154324 0.504130 0.308647
5 0.690430 0.166931 0.619141 0.333862
5 0.698120 0.171875 0.603760 0.343750
5 0.707642 0.155396 0.584717 0.310791