5 0.577041 0.130597 0.845919 0.261195
5 0.579156 0.171336 0.841687 0.342672
5 0.579156 0.143438 0.841687 0.286877
5 0.575024 0.172442 0.849953 0.344885
5 0.577238 0.185947 0.845525 0.371895
5 0.577238 0.185947 0.845525 0.371895
5 0.575073 0.200338 0.849855 0.400676
5 0.579107 0.200116 0.841786 0.400233
5 0.582994 0.199230 0.834012 0.398461
5 0.581223 0.185059 0.837554 0.370119
5 0.573203 0.186831 0.853594 0.373663
5 0.583142 0.169561 0.833717 0.339121
5 0.577041 0.158048 0.845919 0.316096
5 0.581223 0.128604 0.837554 0.257209
5 0.581469 0.155838 0.837062 0.311676