5 0.744263 0.168579 0.511475 0.337158
5 0.740601 0.168579 0.518799 0.337158
5 0.739868 0.181763 0.520264 0.363526
5 0.740967 0.199890 0.518066 0.399780
5 0.723022 0.165283 0.553955 0.330566
5 0.728882 0.168579 0.542236 0.337158
5 0.720825 0.148804 0.558350 0.297608
5 0.703980 0.148804 0.592041 0.297608
5 0.710571 0.148804 0.578857 0.297608
5 0.698853 0.148804 0.602295 0.297608
5 0.701050 0.165283 0.597900 0.330566
5 0.694458 0.132324 0.611084 0.264648
5 0.496582 0.135620 0.490723 0.271240
5 0.547851 0.141113 0.540527 0.282227
5 0.481934 0.135620 0.473145 0.271240
5 0.477539 0.155945 0.477539 0.311890
5 0.467285 0.132324 0.458496 0.264648
5 0.443848 0.148804 0.440918 0.297608
5 0.413086 0.148804 0.408691 0.297607
5 0.353027 0.129028 0.344238 0.258057
5 0.379395 0.145508 0.370605 0.291016
5 0.366211 0.152649 0.363281 0.305298
5 0.357422 0.165283 0.353027 0.330566
5 0.282715 0.138916 0.276855 0.277832
5 0.268066 0.135620 0.262207 0.271240
5 0.251703 0.165656 0.262776 0.331312
5 0.267522 0.168200 0.277465 0.336399
5 0.227072 0.148370 0.239727 0.296740
5 0.221191 0.132324 0.212402 0.264648
5 0.212402 0.148804 0.203613 0.297608
5 0.217806 0.163113 0.232721 0.326227
5 0.234303 0.164385 0.248314 0.328770
5 0.272461 0.175720 0.272461 0.351440
5 0.218262 0.165283 0.215332 0.330566
5 0.203613 0.168579 0.200684 0.337158