5 0.550080 0.446019 0.547678 0.445929
5 0.526690 0.468797 0.524288 0.468706
5 0.511428 0.468890 0.509026 0.468800
5 0.542904 0.468038 0.540502 0.467947
5 0.537080 0.450027 0.534382 0.448206
5 0.335539 0.446476 0.332841 0.444655
5 0.433767 0.510040 0.431365 0.509950
5 0.449535 0.509911 0.447132 0.509820
5 0.465572 0.509459 0.463170 0.509368
5 0.481443 0.510021 0.479041 0.509931
5 0.304045 0.444911 0.301347 0.443090
5 0.426533 0.531125 0.424131 0.531034
5 0.442301 0.530996 0.439899 0.530905
5 0.458339 0.530544 0.455936 0.530453
5 0.474209 0.531106 0.471807 0.531015
5 0.464263 0.465509 0.461860 0.465418
5 0.448392 0.464946 0.445990 0.464856
5 0.433423 0.462932 0.431021 0.462842
5 0.418395 0.461828 0.415993 0.461738
5 0.406239 0.462790 0.403541 0.460969
5 0.517241 0.489345 0.514113 0.490751
5 0.533024 0.488888 0.529896 0.490294
5 0.548959 0.488316 0.545831 0.489722
5 0.564437 0.487287 0.561309 0.488692
5 0.509998 0.510389 0.506869 0.511795
5 0.525857 0.510389 0.522729 0.511795
5 0.541335 0.510161 0.538206 0.511566
5 0.557041 0.509932 0.553913 0.511337
5 0.470190 0.487224 0.467062 0.488629
5 0.485973 0.486766 0.482845 0.488172
5 0.501611 0.487758 0.498482 0.489163
5 0.454181 0.486952 0.451052 0.488357
5 0.478082 0.464778 0.474954 0.466183
5 0.474842 0.446007 0.472144 0.444186
5 0.444467 0.442545 0.441769 0.440724
5 0.456947 0.443563 0.454544 0.443472
5 0.413988 0.441395 0.411290 0.439574
5 0.426851 0.439729 0.424448 0.439638
5 0.405106 0.420979 0.402408 0.419158
5 0.418033 0.417205 0.415630 0.417114
5 0.437055 0.419254 0.434357 0.417433
5 0.379512 0.442289 0.377110 0.442198
5 0.371997 0.465555 0.369595 0.465465
5 0.356372 0.466936 0.353970 0.466845
5 0.340708 0.466756 0.338306 0.466665
5 0.327811 0.467841 0.325113 0.466020
5 0.385500 0.462367 0.382371 0.463773
5 0.392437 0.484871 0.389309 0.486276
5 0.363469 0.444630 0.361067 0.444540
5 0.348293 0.445671 0.345891 0.445580
5 0.408133 0.484871 0.405005 0.486276
5 0.423222 0.486301 0.420094 0.487707
5 0.438832 0.486822 0.435703 0.488227
5 0.379625 0.486947 0.377222 0.486857
5 0.400328 0.507657 0.397200 0.509063
5 0.416024 0.508545 0.412896 0.509951
5 0.369552 0.509580 0.366423 0.510986
5 0.384952 0.508989 0.381824 0.510394
5 0.377937 0.531479 0.374808 0.532885
5 0.393337 0.530887 0.390208 0.532293
5 0.409009 0.530443 0.405881 0.531849
5 0.402400 0.552490 0.399271 0.553896
5 0.417800 0.551898 0.414672 0.553304
5 0.433472 0.551454 0.430344 0.552860
5 0.331772 0.531331 0.328643 0.532737
5 0.347073 0.531183 0.343945 0.532589
5 0.362844 0.531775 0.359716 0.533181
5 0.307999 0.510764 0.304870 0.512170
5 0.323399 0.510616 0.320271 0.512022
5 0.339071 0.510468 0.335943 0.511874
5 0.330489 0.488126 0.327361 0.489531
5 0.346185 0.488422 0.343057 0.489827
5 0.361858 0.488274 0.358729 0.489679
5 0.285364 0.532013 0.282236 0.533419
5 0.300918 0.532443 0.297790 0.533848
5 0.316359 0.531717 0.313231 0.533123
5 0.292680 0.510154 0.289552 0.511560
5 0.277126 0.509725 0.273998 0.511130
5 0.268580 0.487552 0.265452 0.488958
5 0.284134 0.487982 0.281006 0.489387
5 0.299453 0.488591 0.296325 0.489997
5 0.315005 0.487898 0.311876 0.489304
5 0.276033 0.465928 0.272905 0.467333
5 0.291412 0.465457 0.288283 0.466863
5 0.306963 0.464764 0.303835 0.466170
5 0.278151 0.553009 0.275023 0.554415
5 0.293634 0.552582 0.290505 0.553988
5 0.309146 0.552714 0.306018 0.554119
5 0.324559 0.552327 0.321430 0.553733
5 0.339860 0.552179 0.336732 0.553585
5 0.269775 0.531229 0.266647 0.532635
5 0.286064 0.573364 0.282935 0.574769
5 0.301719 0.573174 0.298591 0.574580
5 0.317346 0.572788 0.314217 0.574194
5 0.332647 0.572640 0.329519 0.574046
5 0.355643 0.552179 0.352515 0.553585
5 0.261986 0.510551 0.258857 0.511956
5 0.254084 0.531504 0.250956 0.532910
5 0.260893 0.466478 0.257764 0.467884
5 0.253256 0.488791 0.250128 0.490196
5 0.246203 0.510688 0.243074 0.512094
5 0.238577 0.531917 0.235448 0.533323
5 0.245385 0.467166 0.242256 0.468572
5 0.223069 0.532606 0.219941 0.534011
5 0.230695 0.511377 0.227567 0.512782
5 0.238024 0.489754 0.234896 0.491160
5 0.222149 0.490030 0.219021 0.491435
5 0.214821 0.511652 0.211692 0.513058
5 0.207195 0.532881 0.204066 0.534286
5 0.199487 0.553940 0.196358 0.555346
5 0.215820 0.554215 0.212692 0.555621
5 0.231328 0.553527 0.228199 0.554933
5 0.246835 0.553114 0.243707 0.554520
5 0.207837 0.574448 0.204709 0.575854
5 0.223803 0.574586 0.220675 0.575992
5 0.239494 0.574173 0.236366 0.575579
5 0.254818 0.573623 0.251690 0.575028
5 0.247019 0.593994 0.243890 0.595399
5 0.262802 0.593994 0.259673 0.595399
5 0.278493 0.593580 0.275364 0.594986
5 0.294184 0.593443 0.291055 0.594848
5 0.309875 0.593168 0.306746 0.594573
5 0.255094 0.614089 0.251965 0.615495
5 0.286568 0.613676 0.283439 0.615082
5 0.302259 0.613539 0.299130 0.614944
5 0.317950 0.613263 0.314821 0.614669
5 0.270877 0.614089 0.267748 0.615495
5 0.341624 0.593168 0.338496 0.594573
5 0.223906 0.615223 0.220778 0.616629
5 0.239689 0.615223 0.236561 0.616629
5 0.216062 0.594384 0.212934 0.595790
5 0.231845 0.594384 0.228716 0.595790
5 0.183326 0.553656 0.180198 0.555062
5 0.191034 0.532597 0.187905 0.534003
5 0.198660 0.511368 0.195531 0.512774
5 0.159793 0.573787 0.156665 0.575192
5 0.176049 0.574070 0.172920 0.575476
5 0.192288 0.574345 0.189159 0.575751
5 0.167827 0.594484 0.164698 0.595889
5 0.184082 0.594768 0.180954 0.596173
5 0.200321 0.595043 0.197193 0.596448
5 0.176521 0.614898 0.173393 0.616303
5 0.192777 0.615181 0.189648 0.616587
5 0.208543 0.614889 0.205415 0.616295
5 0.216645 0.634776 0.213517 0.636181
5 0.232008 0.635110 0.228880 0.636515
5 0.247475 0.634636 0.244347 0.636042
5 0.263301 0.634449 0.260172 0.635855
5 0.279189 0.634133 0.276060 0.635539
5 0.209069 0.654820 0.205941 0.656226
5 0.224432 0.655154 0.221304 0.656559
5 0.239899 0.654680 0.236771 0.656086
5 0.255830 0.655282 0.252702 0.656688
5 0.271192 0.654335 0.268064 0.655741
5 0.295090 0.633878 0.291962 0.635284
5 0.287712 0.654178 0.284583 0.655583
5 0.201493 0.668404 0.198365 0.663192
5 0.216947 0.668352 0.213819 0.663297
5 0.232324 0.668369 0.229195 0.663262
5 0.193392 0.654978 0.190263 0.656383
5 0.184869 0.635407 0.181740 0.636813
5 0.159926 0.614898 0.156797 0.616303
5 0.151231 0.594484 0.148103 0.595889
5 0.153300 0.668699 0.150171 0.662601
5 0.169159 0.668524 0.166030 0.662952
5 0.185338 0.668403 0.182210 0.663194
5 0.161267 0.673762 0.158139 0.652476
5 0.176993 0.673539 0.173865 0.652921
5 0.193149 0.673540 0.190020 0.652920
5 0.225349 0.673438 0.222221 0.653124
5 0.256814 0.673403 0.253686 0.653193
5 0.240893 0.673386 0.237765 0.653229
5 0.218002 0.678506 0.214874 0.642987
5 0.233546 0.678454 0.230418 0.643092
5 0.249467 0.678471 0.246339 0.643057
5 0.210110 0.683473 0.206982 0.633055
5 0.225655 0.683420 0.222527 0.633160
5 0.241576 0.683438 0.238447 0.633125
5 0.265341 0.678438 0.262212 0.643125
5 0.257449 0.683404 0.254321 0.633193
5 0.571681 0.464184 0.568552 0.465590
5 0.556203 0.465786 0.553074 0.467191
5 0.602789 0.464756 0.599660 0.466162
5 0.587387 0.462698 0.584259 0.464103
5 0.579915 0.486715 0.576787 0.488121
5 0.594859 0.440396 0.591731 0.441801
5 0.563370 0.441425 0.560241 0.442831
5 0.634507 0.466357 0.631378 0.467763
5 0.618724 0.466586 0.615596 0.467992
5 0.642589 0.487859 0.639461 0.489264
5 0.611023 0.487287 0.607895 0.488692
5 0.626806 0.487058 0.623678 0.488464
5 0.595088 0.486715 0.591960 0.488121
5 0.634848 0.508478 0.631719 0.509883
5 0.650631 0.509278 0.647502 0.510684
5 0.610417 0.444342 0.607288 0.445747
5 0.665080 0.468532 0.661952 0.469938
5 0.658058 0.488707 0.654929 0.490113
5 0.668931 0.448128 0.662138 0.449533
5 0.672956 0.448632 0.654088 0.450037
5 0.669144 0.488825 0.661712 0.490230
5 0.670900 0.468650 0.658201 0.470055
5 0.676926 0.448556 0.646148 0.449962
5 0.674917 0.468949 0.650166 0.470354
5 0.673070 0.489060 0.653860 0.490466
5 0.662128 0.450391 0.659431 0.448570
5 0.631574 0.447558 0.628877 0.445737
5 0.672048 0.430745 0.655904 0.428924
5 0.676203 0.430358 0.647594 0.428537
5 0.681985 0.451520 0.636031 0.449699
5 0.668006 0.430455 0.663989 0.428634
5 0.680229 0.430552 0.639542 0.428731
5 0.682808 0.469816 0.634383 0.471222
5 0.678853 0.468897 0.642294 0.470303
5 0.678122 0.490915 0.643756 0.489094
5 0.685744 0.452016 0.628511 0.450195
5 0.686609 0.469816 0.626781 0.471222
5 0.689525 0.451148 0.620950 0.449327
5 0.691653 0.471228 0.616695 0.469407
5 0.692538 0.489152 0.614924 0.490558
5 0.688654 0.489276 0.622691 0.490682
5 0.696608 0.489524 0.606784 0.490930
5 0.694397 0.468949 0.611205 0.470354
5 0.696169 0.448415 0.607662 0.449821
5 0.693424 0.450694 0.613152 0.448873
5 0.702269 0.467982 0.595462 0.469388
5 0.699544 0.470866 0.600912 0.469045
5 0.704423 0.487550 0.591155 0.488955
5 0.701698 0.490433 0.596604 0.488612
5 0.701457 0.450453 0.597087 0.448632
5 0.704181 0.447569 0.591638 0.448975
5 0.702188 0.427398 0.595624 0.428804
5 0.699343 0.429073 0.601314 0.427252
5 0.695296 0.429315 0.609407 0.427494
5 0.691210 0.430161 0.617580 0.428339
5 0.712341 0.486407 0.575317 0.487812
5 0.711549 0.427084 0.576902 0.425263
5 0.708418 0.487075 0.583164 0.488481
5 0.706377 0.466830 0.587246 0.468235
5 0.710301 0.466161 0.579399 0.467567
5 0.708336 0.446584 0.583328 0.447990
5 0.712477 0.445099 0.575045 0.446505
5 0.706214 0.426175 0.587573 0.427581
5 0.714555 0.423874 0.570890 0.425279
5 0.704654 0.407180 0.590691 0.407089
5 0.712857 0.405745 0.574286 0.405655
5 0.717329 0.405745 0.565343 0.405655
5 0.696596 0.408041 0.606809 0.407950
5 0.700661 0.407036 0.598678 0.406946
5 0.688035 0.408471 0.623931 0.408381
5 0.692387 0.408041 0.615226 0.407950
5 0.708672 0.405888 0.582656 0.405798
5 0.716851 0.445554 0.566298 0.445464
5 0.719239 0.424896 0.561523 0.424805
5 0.720797 0.445403 0.558406 0.445313
5 0.719465 0.468099 0.561069 0.466278
5 0.715520 0.468250 0.568961 0.466429
5 0.717455 0.488155 0.565090 0.486334
5 0.721400 0.488004 0.557199 0.486183
5 0.722657 0.464252 0.554687 0.464162
5 0.706494 0.507569 0.587012 0.508975
5 0.725367 0.486269 0.549266 0.484448
5 0.728122 0.440017 0.543757 0.439927
5 0.727068 0.462549 0.545865 0.460728
5 0.730827 0.465125 0.538345 0.463304
5 0.732955 0.486173 0.534091 0.484352
5 0.729100 0.485129 0.541800 0.483308
5 0.738862 0.466286 0.522276 0.464465
5 0.734827 0.465648 0.530346 0.463827
5 0.736901 0.486481 0.526197 0.484660
5 0.735029 0.507006 0.529942 0.505185
5 0.738994 0.548403 0.522012 0.546582
5 0.735119 0.548810 0.529761 0.546989
5 0.736959 0.527730 0.526082 0.525909
5 0.733198 0.527282 0.533603 0.525461
5 0.727979 0.525193 0.544041 0.526599
5 0.730020 0.545439 0.539960 0.546844
5 0.744688 0.404750 0.510624 0.402929
5 0.748933 0.403554 0.502134 0.401733
5 0.746711 0.423981 0.506579 0.422159
5 0.738477 0.425348 0.523045 0.423527
5 0.742722 0.425775 0.514555 0.423954
5 0.736683 0.446116 0.526635 0.444295
5 0.740685 0.445433 0.518629 0.443612
5 0.734247 0.424152 0.531506 0.422330
5 0.748863 0.444130 0.502275 0.442309
5 0.746813 0.465271 0.506373 0.463450
5 0.742848 0.465881 0.514305 0.464060
5 0.744741 0.445484 0.510517 0.443662
5 0.748732 0.485844 0.502537 0.484022
5 0.745588 0.504227 0.508825 0.505633
5 0.749503 0.503860 0.500994 0.505266
5 0.743630 0.524415 0.512740 0.525820
5 0.749505 0.544231 0.500990 0.545637
5 0.743713 0.565833 0.512574 0.567238
5 0.747628 0.565466 0.504744 0.566871
5 0.185711 0.678540 0.182582 0.642919
5 0.178091 0.683575 0.174963 0.632851
5 0.161936 0.683574 0.158807 0.632853
5 0.169555 0.678540 0.166427 0.642921
5 0.218002 0.688507 0.214874 0.622986
5 0.249467 0.688472 0.246339 0.623056
5 0.233546 0.688454 0.230418 0.623092
5 0.265341 0.688438 0.262212 0.623124
5 0.272960 0.683234 0.269831 0.633533
5 0.280851 0.688268 0.277723 0.623464
5 0.210383 0.693473 0.207254 0.613054
5 0.225927 0.693420 0.222799 0.613159
5 0.241848 0.693438 0.238719 0.613124
5 0.257721 0.693404 0.254593 0.613192
5 0.273232 0.693234 0.270104 0.613532
5 0.170563 0.688405 0.167434 0.623190
5 0.186107 0.688352 0.182979 0.623296
5 0.178579 0.693522 0.175450 0.612955
5 0.186651 0.698523 0.183523 0.602955
5 0.202572 0.698540 0.199444 0.602920
5 0.218446 0.698506 0.215317 0.602988
5 0.233956 0.698336 0.230828 0.603328
5 0.171107 0.698575 0.167979 0.602850
5 0.273413 0.703574 0.270285 0.592851
5 0.265159 0.698642 0.262031 0.602715
5 0.281033 0.698608 0.277904 0.602784
5 0.288924 0.703404 0.285796 0.593191
5 0.179123 0.703523 0.175994 0.592955
5 0.195044 0.703540 0.191915 0.592919
5 0.210917 0.703506 0.207789 0.592987
5 0.410803 0.572714 0.407675 0.574120
5 0.426463 0.572512 0.423335 0.573918
5 0.395711 0.573010 0.392582 0.574415
5 0.441702 0.572719 0.438574 0.574125
5 0.571782 0.417751 0.568654 0.419156
5 0.579376 0.439750 0.576248 0.441156
5 0.521297 0.450896 0.518599 0.449075