5 0.548352 0.420423 0.551170 0.424857
5 0.540216 0.443172 0.543035 0.447605
5 0.524247 0.443322 0.527066 0.447756
5 0.507977 0.443623 0.510796 0.448057
5 0.515510 0.419519 0.518328 0.423953
5 0.491707 0.444075 0.494525 0.448509
5 0.475637 0.444075 0.478456 0.448509
5 0.556386 0.442870 0.559205 0.447304
5 0.549256 0.465920 0.552074 0.470353
5 0.533287 0.466070 0.536105 0.470504
5 0.517016 0.466372 0.519835 0.470805
5 0.574967 0.488969 0.577785 0.493403
5 0.557692 0.487162 0.560510 0.491595
5 0.541723 0.487312 0.544541 0.491746
5 0.509283 0.488668 0.512101 0.493102
5 0.476341 0.489421 0.479159 0.493855
5 0.484174 0.467426 0.486993 0.471860
5 0.540016 0.397374 0.542834 0.401807
5 0.573720 0.393186 0.576538 0.397620
5 0.582056 0.417477 0.584874 0.421910
5 0.606701 0.394117 0.609519 0.398551
5 0.606943 0.441940 0.609761 0.446373
5 0.590773 0.441776 0.593592 0.446209
5 0.615731 0.465202 0.618549 0.469636
5 0.566501 0.467655 0.569319 0.472089
5 0.669825 0.507740 0.660349 0.512173
5 0.665476 0.508613 0.668294 0.513047
5 0.648876 0.509079 0.651695 0.513513
5 0.598927 0.509868 0.601746 0.514302
5 0.615527 0.509402 0.618346 0.513836
5 0.632171 0.508528 0.634989 0.512962
5 0.647996 0.466708 0.650815 0.471142
5 0.640344 0.487793 0.643162 0.492226
5 0.623390 0.487371 0.626208 0.491805
5 0.567080 0.510579 0.569898 0.515012
5 0.549910 0.509875 0.552729 0.514309
5 0.533941 0.510026 0.536760 0.514459
5 0.607784 0.531286 0.610602 0.535719
5 0.591533 0.531954 0.594351 0.536387
5 0.575319 0.531982 0.578138 0.536416
5 0.559130 0.532161 0.561949 0.536595
5 0.542045 0.532369 0.544864 0.536802
5 0.525813 0.531880 0.528631 0.536313
5 0.677862 0.505954 0.644276 0.510387
5 0.673767 0.506430 0.652465 0.510864
5 0.669501 0.464758 0.660998 0.469192
5 0.667583 0.486983 0.664835 0.491417
5 0.667384 0.442930 0.665232 0.447364
5 0.630815 0.417927 0.633634 0.422361
5 0.674045 0.550449 0.651911 0.554883
5 0.669951 0.550246 0.660097 0.554680
5 0.665790 0.551120 0.668419 0.555553
5 0.649380 0.551586 0.652199 0.556019
5 0.616508 0.552703 0.619326 0.557137
5 0.600256 0.553371 0.603075 0.557805
5 0.583953 0.553938 0.586772 0.558372
5 0.567585 0.553983 0.570403 0.558416
5 0.551218 0.554864 0.554037 0.559297
5 0.534986 0.554375 0.537804 0.558809
5 0.517833 0.554779 0.520652 0.559213
5 0.501627 0.511291 0.504446 0.515724
5 0.485357 0.511743 0.488175 0.516176
5 0.493294 0.532579 0.496113 0.537012
5 0.577057 0.575097 0.579876 0.579530
5 0.560689 0.575141 0.563507 0.579575
5 0.544322 0.576022 0.547140 0.580456
5 0.674180 0.593420 0.651639 0.597854
5 0.670137 0.593217 0.659725 0.597651
5 0.666102 0.594241 0.667796 0.598675
5 0.650326 0.594858 0.653144 0.599292
5 0.617453 0.595523 0.620271 0.599957
5 0.601704 0.596794 0.604522 0.601228
5 0.585401 0.597361 0.588219 0.601795
5 0.569032 0.597406 0.571851 0.601839
5 0.536433 0.597798 0.539252 0.602231
5 0.519281 0.598202 0.522099 0.602636
5 0.552665 0.598287 0.555484 0.602720
5 0.633955 0.595611 0.636773 0.600045
5 0.682366 0.592818 0.635268 0.597251
5 0.678273 0.592916 0.643455 0.597349
5 0.680324 0.570926 0.639353 0.575360
5 0.672051 0.571902 0.655898 0.576336
5 0.677801 0.576878 0.644398 0.574637
5 0.665198 0.578660 0.669083 0.576419
5 0.667893 0.572284 0.664213 0.576718
5 0.648991 0.579551 0.652877 0.577310
5 0.616494 0.580569 0.620379 0.578328
5 0.632615 0.580060 0.636501 0.577819
5 0.610121 0.617598 0.612939 0.622031
5 0.593597 0.618223 0.596416 0.622657
5 0.577122 0.618403 0.579940 0.622837
5 0.560409 0.619351 0.563228 0.623784
5 0.544387 0.619328 0.547205 0.623762
5 0.602201 0.639259 0.605019 0.643692
5 0.635238 0.638355 0.638057 0.642789
5 0.642298 0.616307 0.645116 0.620741
5 0.569701 0.640258 0.572520 0.644691
5 0.536557 0.641397 0.539376 0.645830
5 0.560313 0.647161 0.564198 0.644920
5 0.519015 0.625867 0.522900 0.623626
5 0.503106 0.598589 0.505924 0.603023
5 0.520055 0.641048 0.522873 0.645481
5 0.503622 0.641306 0.506440 0.645740
5 0.445359 0.577474 0.448177 0.581908
5 0.437105 0.627031 0.440990 0.624789
5 0.461533 0.577087 0.464352 0.581521
5 0.453561 0.599254 0.456379 0.603688
5 0.437711 0.643313 0.440529 0.647746
5 0.445683 0.621146 0.448502 0.625579