6 0.137784 0.319465 0.131155 0.318755
4 0.449707 0.391113 0.467285 0.391113
4 0.218262 0.452637 0.235840 0.452637
5 0.725952 0.413086 0.548096 0.413086
5 0.720825 0.408691 0.558350 0.408691
5 0.723022 0.391113 0.553955 0.391113
5 0.726685 0.391113 0.546631 0.391113
5 0.721924 0.369141 0.556152 0.371338
5 0.723755 0.353760 0.552490 0.347168
5 0.712036 0.386719 0.575928 0.386719
5 0.716064 0.391113 0.567871 0.393311
5 0.712036 0.410889 0.575928 0.408691
5 0.709473 0.415283 0.581055 0.410889
5 0.705078 0.419678 0.589844 0.410889
5 0.700317 0.399902 0.599365 0.399902
5 0.686035 0.410889 0.627930 0.406494
5 0.691767 0.441142 0.616465 0.441142
5 0.709839 0.448242 0.580322 0.448242
5 0.701782 0.450439 0.596436 0.443848
5 0.676514 0.432861 0.646973 0.428467
5 0.679077 0.406494 0.641846 0.399902
5 0.680542 0.382324 0.638916 0.382324
5 0.676880 0.377930 0.646240 0.377930
5 0.676147 0.360352 0.647705 0.360352
5 0.689331 0.382324 0.621338 0.382324
5 0.684204 0.382324 0.631592 0.382324
5 0.672852 0.353760 0.654297 0.344971
5 0.671753 0.377930 0.656494 0.377930
5 0.670288 0.355957 0.659424 0.355957
5 0.663574 0.399902 0.654785 0.399902
5 0.625488 0.377930 0.622559 0.377930
5 0.619629 0.413086 0.616699 0.413086
5 0.613770 0.395508 0.607910 0.395508
5 0.599121 0.395508 0.593262 0.395508
5 0.607910 0.373535 0.604980 0.373535
5 0.552246 0.391113 0.546387 0.391113
5 0.612305 0.340576 0.607910 0.333984
5 0.561035 0.373535 0.552246 0.373535
5 0.481934 0.408691 0.476074 0.408691
5 0.496582 0.408691 0.493652 0.408691
5 0.455566 0.408691 0.452637 0.408691
5 0.435059 0.404297 0.429199 0.404297
5 0.420410 0.404297 0.411621 0.404297
4 0.302112 0.373841 0.294122 0.382599
5 0.329590 0.399902 0.320801 0.399902
5 0.344238 0.399902 0.335449 0.399902
5 0.361816 0.399902 0.350098 0.399902
5 0.376465 0.399902 0.367676 0.399902
5 0.379395 0.373535 0.376465 0.373535
5 0.288574 0.417480 0.279785 0.417480
5 0.282715 0.417480 0.281250 0.419678
5 0.306152 0.417480 0.297363 0.417480
5 0.314941 0.399902 0.303223 0.399902
5 0.344238 0.439453 0.338379 0.439453
5 0.377930 0.450439 0.370605 0.439453
5 0.367676 0.421875 0.358887 0.421875
5 0.279785 0.435059 0.273926 0.435059
5 0.270996 0.413086 0.268066 0.413086
5 0.273926 0.457031 0.265137 0.457031
5 0.203613 0.470215 0.194824 0.470215
5 0.227051 0.492188 0.218262 0.492188
5 0.218262 0.470215 0.212402 0.470215
5 0.227051 0.333984 0.224121 0.333984
5 0.159668 0.487793 0.156738 0.487793
5 0.703979 0.388916 0.592041 0.382324
5 0.696655 0.388916 0.606689 0.382324
5 0.692993 0.382324 0.614014 0.382324
5 0.693569 0.404480 0.612862 0.401323
5 0.694458 0.443848 0.611084 0.443848
5 0.698120 0.443848 0.603760 0.443848
5 0.709839 0.465820 0.580322 0.465820
5 0.703979 0.465820 0.592041 0.465820
5 0.672485 0.417480 0.655029 0.417480
5 0.746074 0.416088 0.507853 0.413045
5 0.743997 0.435802 0.512005 0.432759
5 0.747831 0.436623 0.504339 0.433580
5 0.745754 0.456337 0.508492 0.453294
5 0.741967 0.455926 0.516067 0.452883
5 0.738110 0.454968 0.523779 0.451925
5 0.734277 0.453736 0.531446 0.450693
5 0.736399 0.433748 0.527202 0.430705
5 0.740187 0.435117 0.519626 0.432074
5 0.732406 0.432927 0.535188 0.429884
5 0.728527 0.432242 0.542945 0.429199
5 0.726611 0.452093 0.546779 0.449050
5 0.724717 0.432242 0.550566 0.429199
5 0.726770 0.411296 0.546459 0.408253
5 0.730695 0.411433 0.538610 0.408390
5 0.734528 0.413350 0.530944 0.410307
5 0.738430 0.413487 0.523140 0.410444
5 0.742240 0.414856 0.515519 0.411813
5 0.740324 0.394594 0.519353 0.391551
5 0.744111 0.395415 0.511777 0.392372
5 0.748082 0.395826 0.503837 0.392783
5 0.725013 0.390213 0.549973 0.387170
5 0.732748 0.392267 0.534503 0.389224
5 0.728870 0.391035 0.542261 0.387992
5 0.736513 0.393225 0.526973 0.390182
5 0.713132 0.429499 0.573736 0.426456
5 0.710967 0.448888 0.578065 0.445845
5 0.708864 0.469192 0.582272 0.466149
5 0.707004 0.447973 0.585992 0.444930
5 0.703163 0.446693 0.593674 0.443650
5 0.691700 0.443949 0.616600 0.440906
5 0.687950 0.443766 0.624100 0.440723
5 0.684109 0.443400 0.631782 0.440357
5 0.686152 0.422913 0.627697 0.419870
5 0.693834 0.423279 0.612332 0.420236
5 0.701212 0.466997 0.597576 0.463954
5 0.699352 0.445412 0.601296 0.442369
5 0.714778 0.450534 0.570443 0.447491