5 0.516413 0.129948 0.967174 0.259896
5 0.512359 0.128753 0.975282 0.257506
5 0.520476 0.129387 0.959049 0.258774
5 0.524417 0.129314 0.951166 0.258627
5 0.522308 0.145114 0.955385 0.290227
5 0.518245 0.145674 0.963511 0.291349
5 0.514191 0.144479 0.971619 0.288959
5 0.526249 0.145040 0.947502 0.290080
5 0.540200 0.127834 0.919601 0.255668
5 0.536258 0.128330 0.927483 0.256661
5 0.532313 0.127940 0.935374 0.255879
5 0.528353 0.127696 0.943294 0.255392
5 0.542122 0.143769 0.915756 0.287537
5 0.538181 0.144265 0.923638 0.288530
5 0.534235 0.143874 0.931529 0.287749
5 0.550368 0.142061 0.899265 0.284123
5 0.544580 0.126395 0.910840 0.252791
5 0.546426 0.142558 0.907147 0.285115
5 0.530310 0.144651 0.939381 0.289303
5 0.506011 0.145128 0.987977 0.290255
5 0.510123 0.145026 0.979754 0.290053
5 0.508068 0.128010 0.983864 0.256021
5 0.503956 0.128112 0.992087 0.256223
5 0.510121 0.177125 0.979757 0.354249
5 0.508112 0.160731 0.983775 0.321461
5 0.520231 0.160978 0.959538 0.321956
5 0.524240 0.160835 0.951520 0.321671
5 0.528181 0.160762 0.943637 0.321524
5 0.532138 0.160517 0.935725 0.321034
5 0.540186 0.159595 0.919629 0.319191
5 0.544127 0.159099 0.911746 0.318198
5 0.548222 0.157843 0.903556 0.315687
5 0.552391 0.157876 0.895218 0.315753
5 0.554152 0.173143 0.891695 0.346287
5 0.550211 0.173640 0.899578 0.347279
5 0.542087 0.174523 0.915825 0.349046
5 0.556508 0.158848 0.886984 0.317696
5 0.534176 0.176283 0.931648 0.352565
5 0.526133 0.176745 0.947734 0.353489
5 0.506111 0.176773 0.987777 0.353547
5 0.514141 0.177162 0.971718 0.354323
5 0.512117 0.161182 0.975767 0.322364
5 0.536118 0.160212 0.927764 0.320423
5 0.546029 0.174027 0.907943 0.348054
5 0.518209 0.176615 0.963583 0.353230
5 0.516254 0.161165 0.967492 0.322330
5 0.530074 0.176671 0.939852 0.353343
5 0.546419 0.175984 0.907163 0.351969