6 0.123479 0.706326 0.124493 0.587348
4 0.300256 0.300923 0.294029 0.308930
5 0.448138 0.481389 0.451089 0.481717
5 0.464014 0.480875 0.466964 0.481203
5 0.495251 0.480016 0.498202 0.480344
5 0.479318 0.480704 0.482269 0.481032
5 0.511033 0.481583 0.513984 0.481910
5 0.551873 0.463925 0.554823 0.464252
5 0.535548 0.462630 0.538498 0.462958
5 0.519524 0.462639 0.522474 0.462966
5 0.416320 0.480395 0.419271 0.480723
5 0.360473 0.458023 0.363424 0.458351
5 0.297003 0.455786 0.299953 0.456114
5 0.519084 0.503212 0.522035 0.503540
5 0.503302 0.501646 0.506253 0.501974
5 0.487369 0.502334 0.490320 0.502662
5 0.456189 0.503019 0.459140 0.503347
5 0.448075 0.523243 0.451026 0.523570
5 0.667449 0.487131 0.665103 0.487459
5 0.656964 0.485565 0.659915 0.485893
5 0.649769 0.463678 0.652720 0.464006
5 0.664780 0.465502 0.667731 0.465830
5 0.641374 0.485308 0.644325 0.485636
5 0.617304 0.505224 0.620255 0.505551
5 0.633151 0.505095 0.636101 0.505423
5 0.648932 0.506662 0.651883 0.506990
5 0.568179 0.504858 0.571129 0.505186
5 0.584513 0.504729 0.587464 0.505057
5 0.559889 0.484196 0.562840 0.484524
4 0.545411 0.460200 0.539707 0.464943
5 0.657284 0.444681 0.660235 0.445009
5 0.671520 0.487251 0.656960 0.487579
5 0.675371 0.488063 0.649258 0.488391
5 0.679316 0.489630 0.641367 0.489958
5 0.681352 0.468254 0.637296 0.468582
5 0.677268 0.467798 0.645464 0.468126
5 0.673556 0.465875 0.652889 0.466203
5 0.669484 0.465756 0.661031 0.466083
5 0.683157 0.489630 0.633687 0.489958
5 0.685100 0.509895 0.629800 0.510223
5 0.669438 0.508507 0.661124 0.508835
5 0.673509 0.508627 0.652981 0.508955
5 0.681306 0.511006 0.637388 0.511334
5 0.699412 0.490039 0.601175 0.490367
5 0.695334 0.490039 0.609333 0.490367
5 0.691252 0.490517 0.617496 0.490845
5 0.735368 0.492885 0.529263 0.493212
5 0.731310 0.493538 0.537379 0.493865
5 0.727447 0.491481 0.545107 0.491809
5 0.723595 0.492465 0.552809 0.492792
5 0.719633 0.492345 0.560734 0.492673
5 0.715524 0.491921 0.568951 0.492249
5 0.711437 0.491338 0.577127 0.491665
5 0.717702 0.471941 0.564597 0.472269
5 0.737463 0.473787 0.525074 0.474115
5 0.729460 0.471078 0.541080 0.471405
5 0.725527 0.470429 0.548946 0.470757
5 0.733514 0.472644 0.532972 0.472972
5 0.741894 0.431829 0.516213 0.432157
5 0.739535 0.451980 0.520929 0.452308
5 0.741607 0.474343 0.516787 0.474671
5 0.739481 0.495296 0.521038 0.495624
5 0.737131 0.515148 0.525738 0.515475
5 0.733204 0.514405 0.533592 0.514733
5 0.747914 0.453008 0.504171 0.453336
5 0.328779 0.498384 0.331730 0.498712
5 0.735134 0.534417 0.529732 0.534745
5 0.731207 0.533675 0.537586 0.534003
5 0.745378 0.516110 0.509244 0.516438
5 0.743312 0.535394 0.513376 0.535722
5 0.745236 0.555829 0.509529 0.556157
5 0.746099 0.430822 0.507803 0.431150
5 0.305501 0.476892 0.308452 0.477219
4 0.274586 0.410625 0.266784 0.415849