5 0.237468 0.135333 0.474935 0.270666
5 0.249393 0.134904 0.498787 0.269809
5 0.272925 0.134965 0.545850 0.269930
5 0.189596 0.136741 0.379191 0.273482
5 0.201705 0.136333 0.403410 0.272666
5 0.214066 0.135945 0.428131 0.271891
5 0.284641 0.134369 0.569281 0.268738
5 0.278564 0.149876 0.557129 0.299752
5 0.290261 0.149990 0.580523 0.299980
5 0.302146 0.149366 0.604292 0.298731
5 0.307938 0.134128 0.615876 0.268257
5 0.319744 0.133859 0.639488 0.267718
5 0.343576 0.133030 0.687152 0.266061
5 0.367361 0.133300 0.734721 0.266600
5 0.355287 0.133063 0.710573 0.266126
5 0.337894 0.148774 0.675788 0.297547
5 0.349605 0.148806 0.699210 0.297613
5 0.361679 0.148688 0.723357 0.297376
5 0.308222 0.164754 0.616445 0.329508
5 0.319933 0.164786 0.639866 0.329573
5 0.332007 0.164668 0.664014 0.329336
5 0.367566 0.164044 0.735132 0.328087
5 0.379671 0.164550 0.759342 0.329100
5 0.391903 0.163958 0.783806 0.327916
5 0.385637 0.149010 0.771274 0.298021
5 0.397348 0.148925 0.794696 0.297850
5 0.409343 0.148333 0.818686 0.296666
5 0.379561 0.133030 0.759122 0.266061
5 0.391429 0.132945 0.782859 0.265889
5 0.403424 0.133063 0.806848 0.266126
5 0.403582 0.164076 0.807164 0.328152
5 0.338083 0.180411 0.676167 0.360823
5 0.350157 0.180293 0.700314 0.360586
5 0.439209 0.132755 0.878419 0.265510
5 0.427214 0.132637 0.854429 0.265273
5 0.415209 0.133133 0.830418 0.266266
5 0.474936 0.162993 0.949872 0.325987
5 0.463140 0.163353 0.926281 0.326707
5 0.451334 0.163491 0.902668 0.326982
5 0.439151 0.163301 0.878302 0.326603
5 0.427116 0.163602 0.854232 0.327203
5 0.445049 0.147638 0.890099 0.295276
5 0.457233 0.147828 0.914466 0.295656
5 0.502566 0.131497 0.994869 0.262993
5 0.498803 0.131565 0.997605 0.263130
5 0.486846 0.131613 0.973693 0.263226
5 0.504620 0.146323 0.990760 0.292647
5 0.500636 0.146392 0.998727 0.292784
5 0.493009 0.146897 0.986018 0.293795
5 0.510383 0.131137 0.979234 0.262274
5 0.506454 0.130954 0.987093 0.261907
5 0.512360 0.146226 0.975279 0.292451
5 0.508368 0.146173 0.983265 0.292346
5 0.516330 0.146331 0.967341 0.292663
5 0.514415 0.131112 0.971169 0.262224
5 0.520322 0.146384 0.959355 0.292768
5 0.518327 0.130987 0.963346 0.261974
5 0.522273 0.130987 0.955455 0.261974
5 0.524268 0.146384 0.951464 0.292768
5 0.526267 0.130695 0.947466 0.261389
5 0.506481 0.162263 0.987039 0.324526
5 0.510385 0.161911 0.979229 0.323822
5 0.514356 0.161661 0.971289 0.323322
5 0.518258 0.161565 0.963485 0.323130
5 0.522250 0.161618 0.955499 0.323236
5 0.526284 0.161868 0.947433 0.323735
5 0.530261 0.161782 0.939478 0.323564
5 0.520186 0.177202 0.959629 0.354404
5 0.524201 0.177457 0.951598 0.354913
5 0.530280 0.130695 0.939440 0.261389
5 0.532182 0.145476 0.935636 0.290953
5 0.534197 0.160960 0.931605 0.321919
5 0.532164 0.177343 0.935673 0.354687
5 0.536264 0.176913 0.927472 0.353825
5 0.540200 0.176090 0.919599 0.352180
5 0.538152 0.192319 0.923695 0.384639
5 0.542181 0.191842 0.915638 0.383684
5 0.522231 0.193066 0.955539 0.386131
5 0.526244 0.192609 0.947511 0.385217
5 0.530222 0.192523 0.939557 0.385047
5 0.534272 0.130381 0.931456 0.260763
5 0.536151 0.145581 0.927698 0.291161
5 0.538166 0.161064 0.923667 0.322128
5 0.538170 0.130227 0.923660 0.260455
5 0.542185 0.129914 0.915629 0.259828
5 0.542185 0.160830 0.915629 0.321659
5 0.546201 0.160516 0.907599 0.321033
5 0.540213 0.145685 0.919575 0.291370
5 0.544228 0.145372 0.911544 0.290744
5 0.548197 0.175870 0.903606 0.351739
5 0.548313 0.144954 0.903374 0.289908
5 0.552191 0.175656 0.895618 0.351312
5 0.550218 0.160303 0.899565 0.320605
5 0.550123 0.191537 0.899754 0.383073
5 0.554115 0.191537 0.891769 0.383073
5 0.544089 0.207392 0.911821 0.414783
5 0.540070 0.207626 0.919860 0.415252
5 0.536074 0.208018 0.927853 0.416037
5 0.532165 0.208344 0.935670 0.416689
5 0.552110 0.206933 0.895780 0.413866
5 0.556102 0.206933 0.887796 0.413866
5 0.546113 0.222402 0.907774 0.444804
5 0.550104 0.222167 0.899791 0.444335
5 0.554092 0.221730 0.891816 0.443460
5 0.558026 0.221765 0.883947 0.443529
5 0.544075 0.238253 0.911850 0.476505
5 0.548078 0.237812 0.903844 0.475625
5 0.551940 0.237375 0.896120 0.474750
5 0.555942 0.237205 0.888116 0.474411
5 0.536008 0.238884 0.927983 0.477768
5 0.538046 0.223033 0.923908 0.446066
5 0.542006 0.253878 0.915988 0.507755
5 0.546009 0.253437 0.907983 0.506875
5 0.549941 0.252842 0.900119 0.505684
5 0.553925 0.252436 0.892149 0.504872
5 0.559837 0.237252 0.880325 0.474503
5 0.557889 0.252278 0.884223 0.504556
5 0.554186 0.160142 0.891629 0.320284
5 0.552232 0.144293 0.895537 0.288586
5 0.554299 0.128774 0.891402 0.257547
5 0.556200 0.144293 0.887600 0.288586
5 0.558199 0.159632 0.883601 0.319264
5 0.550195 0.129080 0.899611 0.258160
5 0.558086 0.190653 0.883828 0.381307
5 0.556132 0.175519 0.887736 0.351037
5 0.560168 0.175315 0.879663 0.350629
5 0.562100 0.190143 0.875800 0.380286
5 0.560036 0.206368 0.879927 0.412736
5 0.564050 0.205858 0.871900 0.411716
5 0.567928 0.236379 0.864145 0.472758
5 0.570034 0.220926 0.859932 0.441852
5 0.565956 0.221243 0.868088 0.442487
5 0.563880 0.236777 0.872239 0.473553
5 0.561940 0.221558 0.876119 0.443117
5 0.561886 0.252433 0.876228 0.504865
5 0.565818 0.252310 0.868363 0.504621
5 0.569872 0.252005 0.860255 0.504011
5 0.571961 0.236507 0.856079 0.473015
5 0.570310 0.189971 0.859380 0.379942
5 0.568093 0.205585 0.863814 0.411171
5 0.566210 0.190435 0.867581 0.380871
5 0.562212 0.159102 0.875575 0.318204
5 0.564173 0.174252 0.871654 0.348504
5 0.560330 0.144015 0.879341 0.288031
5 0.558319 0.128180 0.883362 0.256359
5 0.566493 0.127304 0.867013 0.254608
5 0.562419 0.127768 0.875163 0.255537
5 0.570465 0.158406 0.859070 0.316811
5 0.566364 0.158406 0.867271 0.316811
5 0.564430 0.143203 0.871140 0.286406
5 0.568505 0.142623 0.862990 0.285245
5 0.574720 0.126608 0.850560 0.253216
5 0.576757 0.142042 0.846486 0.284085
5 0.572605 0.142623 0.854789 0.285245
5 0.570594 0.126608 0.858813 0.253216
5 0.574514 0.158289 0.850973 0.316579
5 0.578666 0.157709 0.842669 0.315418
5 0.574488 0.190087 0.851024 0.380174
5 0.572451 0.174072 0.855099 0.348145
5 0.572312 0.205462 0.855376 0.410924
5 0.574288 0.221061 0.851424 0.442121
5 0.578383 0.220672 0.843234 0.441344
5 0.576448 0.205406 0.847104 0.410812
5 0.578098 0.251478 0.843803 0.502956
5 0.574065 0.251350 0.851869 0.502699
5 0.576172 0.235897 0.847656 0.471793
5 0.576010 0.266976 0.847980 0.533952
5 0.582663 0.251478 0.834674 0.502956
5 0.543888 0.269196 0.912223 0.538393
5 0.547891 0.268756 0.904217 0.537512
5 0.551823 0.268161 0.896353 0.536321
5 0.555834 0.267754 0.888332 0.535509
5 0.559900 0.267481 0.880200 0.534961
5 0.563923 0.267171 0.872153 0.534342
5 0.571910 0.266744 0.856180 0.533488
5 0.567856 0.267049 0.864289 0.534098
5 0.557742 0.283073 0.884516 0.566146
5 0.561809 0.282799 0.876383 0.565598
5 0.565832 0.282490 0.868336 0.564979
5 0.569764 0.282367 0.860472 0.564735
5 0.573947 0.282062 0.852106 0.564125
5 0.578125 0.282062 0.843750 0.564125
5 0.553732 0.283479 0.892537 0.566959
5 0.551643 0.299146 0.896714 0.598292
5 0.555653 0.298740 0.888693 0.597480
5 0.559720 0.298466 0.880561 0.596932
5 0.563743 0.298156 0.872514 0.596313
5 0.567675 0.298034 0.864650 0.596069
5 0.575881 0.297497 0.848238 0.594994
5 0.571703 0.297497 0.856593 0.594994
5 0.547620 0.299262 0.904760 0.598524
5 0.266888 0.180763 0.533775 0.361527
5 0.272964 0.165328 0.545928 0.330656
5 0.154009 0.137123 0.308018 0.274247
5 0.177720 0.136987 0.355439 0.273973
5 0.130167 0.137311 0.260333 0.274621
5 0.130434 0.168312 0.260869 0.336624
5 0.142357 0.167875 0.284715 0.335750
5 0.154162 0.168003 0.308325 0.336006
5 0.147922 0.152666 0.295844 0.305332
5 0.171738 0.152737 0.343476 0.305473
5 0.166173 0.167946 0.332346 0.335891
5 0.183826 0.152252 0.367651 0.304503
5 0.195702 0.152006 0.391403 0.304013
5 0.207811 0.151598 0.415622 0.303196
5 0.177951 0.167761 0.355902 0.335521
5 0.201915 0.167030 0.403830 0.334060
5 0.214024 0.166622 0.428048 0.333244
5 0.190039 0.167276 0.380078 0.334551
5 0.225926 0.166285 0.451852 0.332569
5 0.231748 0.150785 0.463495 0.301570
5 0.136523 0.183952 0.273047 0.367903
5 0.148411 0.183485 0.296821 0.366969
5 0.160523 0.183455 0.321047 0.366910
5 0.172611 0.183229 0.345223 0.366458
5 0.142980 0.199348 0.285960 0.398696
5 0.154867 0.198881 0.309734 0.397762
5 0.500665 0.177817 0.998671 0.355634
5 0.498888 0.162532 0.997775 0.325065
5 0.480991 0.178198 0.961981 0.356396
5 0.577912 0.312642 0.844176 0.625283
5 0.573734 0.312642 0.852531 0.625283
5 0.569706 0.313179 0.860588 0.626358
5 0.557539 0.313884 0.884922 0.627769
5 0.565629 0.313301 0.868743 0.626602
5 0.561664 0.313480 0.876673 0.626960
5 0.559541 0.328768 0.880918 0.657536
5 0.563665 0.328363 0.872669 0.656727
5 0.567631 0.328184 0.864739 0.656369
5 0.571737 0.328323 0.856526 0.656647
5 0.575765 0.327786 0.848470 0.655572
5 0.580001 0.327395 0.839998 0.654789
5 0.545618 0.314537 0.908764 0.629074
5 0.549641 0.314421 0.900718 0.628842
5 0.553593 0.314145 0.892813 0.628291
5 0.565667 0.343508 0.868665 0.687016
5 0.569632 0.343329 0.860735 0.686658
5 0.573739 0.343468 0.852523 0.686936
5 0.577767 0.342931 0.844466 0.685862
5 0.563549 0.358914 0.872901 0.717827
5 0.567515 0.358734 0.864971 0.717469
5 0.571621 0.358221 0.856758 0.716442
5 0.575765 0.357684 0.848470 0.715367
5 0.559580 0.358874 0.880839 0.717747
5 0.555474 0.359387 0.889051 0.718775
5 0.551509 0.359566 0.896982 0.719133
5 0.557418 0.374140 0.885164 0.748280
5 0.561524 0.373626 0.876951 0.747253
5 0.565493 0.373667 0.869014 0.747333
5 0.183797 0.183125 0.367594 0.366249
5 0.207761 0.182394 0.415522 0.364789
5 0.195885 0.182640 0.391770 0.365280
5 0.190150 0.198086 0.380299 0.396172
5 0.202205 0.198489 0.404410 0.396978
5 0.214293 0.198004 0.428586 0.396008
5 0.226169 0.197758 0.452338 0.395517