5 0.138915 0.181367 0.277830 0.362735
5 0.139247 0.150412 0.278494 0.300823
5 0.160546 0.181666 0.321092 0.363332
5 0.182654 0.181794 0.365308 0.363588
5 0.198872 0.166428 0.397744 0.332857
5 0.194348 0.151319 0.388696 0.302638
5 0.220382 0.166044 0.440764 0.332089
5 0.307442 0.168203 0.614885 0.336406
5 0.275348 0.169059 0.550695 0.338118
5 0.280276 0.183644 0.560551 0.367288
5 0.301502 0.183825 0.603004 0.367650
5 0.307408 0.201206 0.614816 0.402412
5 0.291265 0.215466 0.582531 0.430931
5 0.242749 0.167186 0.485498 0.334371
5 0.318578 0.168958 0.637156 0.337916
5 0.330154 0.169902 0.660307 0.339804
5 0.455190 0.185114 0.910381 0.370229
5 0.444859 0.185011 0.889718 0.370022
5 0.434346 0.185563 0.868692 0.371125
5 0.449839 0.168967 0.899679 0.337934
5 0.427937 0.202830 0.855874 0.405660
5 0.438637 0.201532 0.877274 0.403063
5 0.449653 0.200795 0.899306 0.401591
5 0.405538 0.201523 0.811075 0.403047
5 0.416175 0.202092 0.832351 0.404183
5 0.501811 0.168843 0.996377 0.337687
5 0.492782 0.169651 0.985563 0.339303
5 0.482209 0.170560 0.964418 0.341119
5 0.497830 0.153881 0.995660 0.307763
5 0.487614 0.184887 0.975229 0.369773
5 0.465877 0.185332 0.931753 0.370664
5 0.505350 0.167947 0.989299 0.335895
5 0.534191 0.136498 0.931619 0.272995
5 0.539952 0.150724 0.920096 0.301448
5 0.567796 0.193225 0.864408 0.386451
5 0.563497 0.191916 0.873006 0.383832
5 0.559658 0.192911 0.880685 0.385821
5 0.565501 0.177019 0.868998 0.354039
5 0.561734 0.177075 0.876532 0.354150
5 0.552111 0.131806 0.895779 0.263612
5 0.550511 0.148668 0.898978 0.297337
5 0.555844 0.131059 0.888312 0.262119
5 0.557918 0.147300 0.884164 0.294601
5 0.565335 0.206328 0.869330 0.412655