5 0.231376 0.179273 0.233902 0.358546
5 0.242898 0.178267 0.248580 0.356534
5 0.266572 0.178681 0.270360 0.357363
5 0.262784 0.192116 0.264205 0.384233
5 0.255524 0.195017 0.259470 0.390033
5 0.233586 0.194129 0.237216 0.388258
5 0.196181 0.178089 0.202967 0.356179
5 0.286932 0.146662 0.289931 0.293324
5 0.302872 0.146070 0.305240 0.292140
5 0.348643 0.129853 0.351957 0.259706
5 0.348958 0.148497 0.354482 0.296993
5 0.352273 0.163056 0.354324 0.326113
5 0.329072 0.164181 0.331755 0.328362
5 0.342645 0.180516 0.344855 0.361032
5 0.320076 0.179273 0.325442 0.358546
5 0.387468 0.164240 0.389678 0.328480
5 0.383681 0.149444 0.389678 0.298887
5 0.372948 0.165424 0.377683 0.330848
5 0.388731 0.132221 0.395360 0.264441
5 0.404198 0.132517 0.407039 0.265033
5 0.410354 0.147372 0.412879 0.294744
5 0.436553 0.146721 0.437816 0.293442
5 0.441919 0.147313 0.447601 0.294626
5 0.465751 0.148082 0.469223 0.296165
5 0.448548 0.130741 0.453598 0.261482
5 0.449021 0.163116 0.450915 0.326231
5 0.426926 0.178977 0.430398 0.357955
5 0.407039 0.225260 0.413037 0.450521
5 0.481534 0.148793 0.483902 0.297585
5 0.483270 0.131629 0.489741 0.263258
5 0.471433 0.130800 0.474274 0.261600
5 0.488794 0.147431 0.491162 0.294863
5 0.497475 0.131629 0.500473 0.263258
5 0.506629 0.147491 0.512942 0.294981
5 0.500789 0.166075 0.506787 0.332150
5 0.166667 0.205670 0.169981 0.411340
5 0.171717 0.221532 0.178662 0.443063
5 0.190341 0.222301 0.196970 0.444602
5 0.156723 0.198331 0.157039 0.396662
5 0.217803 0.222360 0.219539 0.444721
5 0.202178 0.222360 0.207544 0.444721
5 0.536932 0.149207 0.541824 0.298414
5 0.530777 0.146484 0.532513 0.292969
5 0.530145 0.131214 0.537090 0.262429
5 0.551452 0.130090 0.553662 0.260180
5 0.598643 0.133759 0.600379 0.267519
5 0.577178 0.133168 0.582860 0.266335
5 0.559028 0.130682 0.565657 0.261364
5 0.717527 0.152403 0.564946 0.304806
5 0.711569 0.136364 0.576862 0.272727
5 0.715988 0.167673 0.568024 0.335346
5 0.733625 0.183475 0.532749 0.366951
5 0.512468 0.130741 0.519097 0.261482
5 0.553504 0.149976 0.559501 0.299953