5 0.522095 0.171875 0.955811 0.343750
5 0.522095 0.155396 0.955811 0.310791
5 0.518433 0.155396 0.963135 0.310791
5 0.516968 0.185059 0.966064 0.370117
5 0.515503 0.168579 0.968994 0.337158
5 0.509277 0.172424 0.981445 0.344849
5 0.512573 0.155396 0.974854 0.310791
5 0.509277 0.175720 0.981445 0.351440
5 0.506714 0.156494 0.986572 0.312988
5 0.503052 0.155396 0.993897 0.310791
5 0.573364 0.226807 0.853272 0.453613
5 0.533813 0.172974 0.932373 0.345947
5 0.533081 0.188355 0.933838 0.376709
5 0.525024 0.175171 0.949951 0.350342
5 0.473999 0.168579 0.947998 0.337158
5 0.463013 0.168579 0.926025 0.337158
5 0.466675 0.181763 0.933350 0.363526
5 0.468506 0.199890 0.937012 0.399780
5 0.416138 0.165283 0.832275 0.330566
5 0.427856 0.168579 0.855713 0.337158
5 0.409546 0.148804 0.819092 0.297608
5 0.353149 0.148804 0.706299 0.297608
5 0.375855 0.148804 0.751709 0.297608
5 0.343628 0.148804 0.687256 0.297608
5 0.350220 0.165283 0.700439 0.330566
5 0.324585 0.132324 0.649170 0.264648
5 0.159058 0.141113 0.318115 0.282227
5 0.571818 0.236847 0.856364 0.473693
5 0.578133 0.252001 0.843734 0.504002