5 0.131327 0.177419 0.262653 0.354838
5 0.140428 0.164595 0.280855 0.329190
5 0.140112 0.146070 0.280224 0.292140
5 0.126697 0.148260 0.253393 0.296520
5 0.165522 0.164891 0.331045 0.329782
5 0.174479 0.165838 0.348958 0.331676
5 0.178802 0.136316 0.357604 0.272631
5 0.156131 0.134667 0.312263 0.269335
5 0.215159 0.166252 0.430319 0.332505
5 0.276791 0.134568 0.553582 0.269136
5 0.285354 0.150864 0.570707 0.301728
5 0.328717 0.135949 0.657434 0.271899
5 0.318832 0.133886 0.637663 0.267772
5 0.334579 0.136817 0.669158 0.273635
5 0.345817 0.137646 0.691634 0.275293
5 0.356870 0.137923 0.713741 0.275847
5 0.352081 0.152574 0.704162 0.305147
5 0.363135 0.152297 0.726269 0.304593
5 0.401084 0.137369 0.802169 0.274739
5 0.426649 0.150982 0.853299 0.301965
5 0.437382 0.166548 0.874763 0.333097
5 0.416469 0.136304 0.832939 0.272609
5 0.562604 0.230337 0.874792 0.460675
5 0.564262 0.216239 0.871476 0.432479
5 0.568008 0.242775 0.863984 0.485550
5 0.564324 0.243604 0.871353 0.487209
5 0.560701 0.188597 0.878599 0.377195
5 0.558981 0.203248 0.882038 0.406495
5 0.555297 0.175330 0.889407 0.350661
5 0.555297 0.146307 0.889407 0.292614
5 0.566166 0.145478 0.867668 0.290955
5 0.546331 0.132209 0.907339 0.264418
5 0.573719 0.201312 0.852563 0.402624
5 0.577280 0.201589 0.845439 0.403178
5 0.575500 0.215410 0.849001 0.430820
5 0.575438 0.242223 0.849124 0.484446
5 0.571692 0.242775 0.856616 0.485550
5 0.573719 0.256319 0.852563 0.512638
5 0.569850 0.257148 0.860300 0.514297
5 0.571876 0.270417 0.856247 0.540835
5 0.575622 0.269311 0.848755 0.538622
5 0.575622 0.269311 0.848755 0.538622
5 0.573780 0.283684 0.852440 0.567369
5 0.575561 0.186939 0.848878 0.373878