6 0.586245 0.302657 0.827510 0.307087
4 0.564592 0.331078 0.870817 0.341781
5 0.413140 0.437211 0.826281 0.441644
5 0.456945 0.372112 0.913890 0.376546
5 0.520788 0.537550 0.958425 0.541984
5 0.463029 0.478582 0.926057 0.483016
5 0.407158 0.458505 0.814315 0.462939
5 0.394787 0.459113 0.789574 0.463547
5 0.376231 0.437617 0.752462 0.442050
5 0.437679 0.478379 0.875358 0.482813
5 0.425903 0.479471 0.851806 0.483610
5 0.401361 0.480829 0.802721 0.485262
5 0.389131 0.479838 0.778262 0.483976
5 0.376950 0.480387 0.753900 0.484526
5 0.383086 0.501727 0.766172 0.505866
5 0.419812 0.500170 0.839625 0.504309
5 0.407998 0.500262 0.815995 0.504400
5 0.444354 0.499975 0.888708 0.504114
5 0.431955 0.499190 0.863910 0.503329
5 0.468749 0.499099 0.937498 0.503237
5 0.456691 0.499677 0.913382 0.503816
5 0.480776 0.497638 0.961553 0.501777
5 0.462662 0.520232 0.925325 0.524370
5 0.450458 0.520616 0.900916 0.524754
5 0.438121 0.520913 0.876242 0.525052
5 0.413846 0.521539 0.827692 0.525677
5 0.407928 0.542999 0.815857 0.547138
5 0.419743 0.542907 0.839486 0.547046
5 0.431885 0.541928 0.863771 0.546066
5 0.443985 0.541602 0.887971 0.545741
5 0.456280 0.542073 0.912560 0.546211
5 0.438304 0.564072 0.876608 0.568211
5 0.413762 0.564438 0.827525 0.568576
5 0.401820 0.564871 0.803639 0.569010
5 0.364880 0.565284 0.729759 0.569423
5 0.371077 0.543599 0.742155 0.547737
5 0.358279 0.502890 0.716557 0.507324
5 0.377654 0.522493 0.755308 0.526632
5 0.383516 0.543293 0.767033 0.547431
5 0.389635 0.564384 0.779270 0.568523
5 0.377398 0.564782 0.754796 0.568921
5 0.358523 0.544803 0.717046 0.548941
5 0.365147 0.523456 0.730295 0.527595
5 0.352476 0.524192 0.704953 0.528331
5 0.346220 0.544697 0.692439 0.548836
5 0.345624 0.459329 0.691247 0.463468
5 0.352077 0.480890 0.704154 0.485028
5 0.351662 0.437889 0.703324 0.442028
5 0.382473 0.416298 0.764946 0.420437
5 0.395161 0.416434 0.790321 0.420572
5 0.388987 0.437060 0.777973 0.441198
5 0.333125 0.501817 0.666250 0.505956
5 0.346039 0.502194 0.692077 0.506332
5 0.315281 0.524478 0.630562 0.528617
5 0.327991 0.524177 0.655982 0.528315
5 0.320962 0.502890 0.641924 0.507324
5 0.308767 0.502496 0.617535 0.506634
5 0.314085 0.438755 0.628171 0.443188
5 0.302873 0.481164 0.605746 0.485303
5 0.308837 0.459832 0.617675 0.463971
5 0.327012 0.438080 0.654023 0.442218
5 0.320275 0.416748 0.640550 0.420887
5 0.307855 0.416748 0.615710 0.420887
5 0.295856 0.416467 0.591712 0.420606
5 0.289962 0.395276 0.579924 0.399414
5 0.301961 0.395557 0.603922 0.399695
5 0.307364 0.374927 0.614728 0.379065
5 0.289892 0.437799 0.579783 0.441937
5 0.284208 0.459131 0.568416 0.463269
5 0.296417 0.459973 0.592835 0.464111
5 0.290874 0.481164 0.581748 0.485303
5 0.272637 0.501606 0.545274 0.505744
5 0.284847 0.502448 0.569693 0.506587
5 0.297267 0.502308 0.594533 0.506446
5 0.302903 0.523710 0.605806 0.527849
5 0.291403 0.523522 0.582805 0.527660
5 0.278982 0.523662 0.557965 0.527801
5 0.266773 0.522820 0.533546 0.526959
5 0.334286 0.545046 0.668573 0.549185
5 0.321662 0.546038 0.643324 0.550176
5 0.309285 0.545269 0.618570 0.549408
5 0.297439 0.545598 0.594878 0.549737
5 0.340528 0.566429 0.681056 0.570568
5 0.316057 0.567252 0.632114 0.571391
5 0.303593 0.567001 0.607186 0.571140
5 0.291747 0.567330 0.583495 0.571469
5 0.267082 0.566953 0.534164 0.571092
5 0.272946 0.545739 0.545892 0.549877
5 0.279502 0.566813 0.559004 0.570952
5 0.235632 0.414469 0.471265 0.418608
5 0.247842 0.415311 0.495684 0.419450
5 0.260072 0.415171 0.520144 0.419309
5 0.271763 0.415359 0.543525 0.419498
5 0.241305 0.392542 0.482611 0.396680
5 0.248226 0.369307 0.496451 0.373446
5 0.266490 0.390616 0.532980 0.394754
5 0.216477 0.393303 0.432954 0.397441
5 0.222919 0.416072 0.445837 0.420211
5 0.210709 0.415230 0.421418 0.419369
5 0.278041 0.437048 0.556082 0.441187
5 0.266065 0.436860 0.532130 0.440999
5 0.253645 0.437191 0.507289 0.441329
5 0.241625 0.437300 0.483251 0.441438
5 0.229197 0.437761 0.458394 0.441900
5 0.272333 0.458737 0.544667 0.462876
5 0.260357 0.458549 0.520715 0.462688
5 0.247937 0.458880 0.495874 0.463018
5 0.235632 0.459179 0.471265 0.463318
5 0.223489 0.459450 0.446979 0.463589
5 0.266340 0.480616 0.532681 0.484755
5 0.241944 0.480759 0.483888 0.484898
5 0.229639 0.481058 0.459279 0.485197
5 0.217496 0.481329 0.434993 0.485468
5 0.242368 0.524185 0.484737 0.528323
5 0.248361 0.502305 0.496723 0.506444
5 0.260494 0.501796 0.520988 0.505934
5 0.236192 0.502892 0.472383 0.507030
5 0.211789 0.503392 0.423579 0.507531
5 0.199517 0.503019 0.399034 0.507157
5 0.223965 0.502448 0.447930 0.506587
5 0.254622 0.522960 0.509244 0.527099
5 0.230475 0.524613 0.460951 0.528751
5 0.217922 0.524822 0.435845 0.528961
5 0.205910 0.525440 0.411820 0.529579
5 0.193719 0.525393 0.387439 0.529531
5 0.248579 0.546151 0.497158 0.550290
5 0.236326 0.545906 0.472651 0.550045
5 0.211880 0.546543 0.423759 0.550682
5 0.199867 0.547161 0.399735 0.551300
5 0.187677 0.547114 0.375354 0.551253
5 0.260730 0.544541 0.521460 0.548680
5 0.224433 0.546334 0.448866 0.550472
5 0.242945 0.567546 0.485889 0.571685
5 0.230528 0.567953 0.461056 0.572092
5 0.218390 0.568055 0.436780 0.572193
5 0.205919 0.568591 0.411837 0.572729
5 0.193824 0.568882 0.387649 0.573021
5 0.181634 0.568835 0.363268 0.572974
5 0.261128 0.588894 0.522256 0.593032
5 0.285635 0.588795 0.571270 0.592934
5 0.297797 0.588149 0.595595 0.592288
5 0.224416 0.590052 0.448831 0.594191
5 0.212278 0.590153 0.424555 0.594292
5 0.199965 0.590214 0.399929 0.594353
5 0.175522 0.590934 0.351044 0.595072
5 0.304213 0.609059 0.608426 0.613198
5 0.292051 0.609705 0.584101 0.613844
5 0.230831 0.610962 0.461662 0.615101
5 0.218693 0.611064 0.437387 0.615202
5 0.206380 0.611125 0.412760 0.615263
5 0.194262 0.612075 0.388524 0.616214
5 0.249563 0.632185 0.499125 0.636324
5 0.225112 0.632347 0.450223 0.636486
5 0.207211 0.655231 0.414421 0.659370
5 0.125849 0.463107 0.251698 0.467246
5 0.138049 0.461693 0.276098 0.465832
5 0.150582 0.462307 0.301165 0.466446
5 0.174979 0.461251 0.349957 0.465390
5 0.187082 0.460502 0.374163 0.464641
5 0.199405 0.459973 0.398811 0.464111
5 0.211825 0.459832 0.423651 0.463971
5 0.162774 0.461977 0.325548 0.466116
5 0.205712 0.481886 0.411424 0.486025
5 0.193635 0.482370 0.387270 0.486508
5 0.168694 0.483305 0.337388 0.487444
5 0.156489 0.484031 0.312978 0.488170
5 0.174887 0.505414 0.349774 0.509552
5 0.187453 0.504345 0.374905 0.508483
5 0.150630 0.505122 0.301261 0.509261
5 0.126024 0.505318 0.252048 0.509456
5 0.168437 0.439714 0.336875 0.443853
5 0.180642 0.438988 0.361284 0.443127
5 0.186501 0.416140 0.373001 0.420278
5 0.162592 0.416220 0.325185 0.420358
5 0.138168 0.419014 0.276335 0.423152
5 0.144514 0.441137 0.289028 0.445275
5 0.150177 0.418874 0.300354 0.423012
5 0.131820 0.439965 0.263640 0.444103
5 0.132442 0.527094 0.264884 0.531233
5 0.144759 0.526290 0.289517 0.530429
5 0.156985 0.526734 0.313970 0.530872
5 0.169155 0.526148 0.338310 0.530286
5 0.163043 0.548570 0.326086 0.552708
5 0.150816 0.548126 0.301633 0.552264
5 0.138782 0.548648 0.277563 0.552787
5 0.175213 0.547984 0.350425 0.552122
5 0.126596 0.548507 0.253192 0.552646
5 0.169374 0.569584 0.338748 0.573722
5 0.157148 0.569140 0.314295 0.573278
5 0.145113 0.569662 0.290225 0.573801
5 0.163613 0.590693 0.327227 0.594832
5 0.126989 0.591533 0.253978 0.595672
5 0.133354 0.613315 0.266708 0.617454
5 0.145280 0.612936 0.290559 0.617075
5 0.157488 0.612414 0.314976 0.616553
5 0.169974 0.611818 0.339948 0.615957
5 0.151778 0.634250 0.303556 0.638389
5 0.127623 0.634686 0.255246 0.638825
5 0.170394 0.654599 0.340787 0.658738
5 0.157907 0.655195 0.315814 0.659334
5 0.145699 0.655717 0.291398 0.659856
5 0.133773 0.656096 0.267547 0.660235
5 0.175741 0.632999 0.351483 0.637138
5 0.176685 0.667858 0.353370 0.664284
5 0.164618 0.667902 0.329236 0.664195
5 0.152410 0.668033 0.304820 0.663935
5 0.140484 0.668127 0.280968 0.663745
5 0.128255 0.668142 0.256510 0.663716
5 0.134479 0.673538 0.268959 0.652925
5 0.183186 0.673258 0.366372 0.653484
5 0.171119 0.673302 0.342238 0.653396
5 0.158911 0.673433 0.317822 0.653134
5 0.188744 0.667858 0.377487 0.664284
5 0.419914 0.585188 0.839828 0.589327
5 0.407971 0.585621 0.815942 0.589760
5 0.383550 0.585532 0.767099 0.589671
5 0.371031 0.586034 0.742063 0.590173
5 0.395786 0.585134 0.791573 0.589273
5 0.334489 0.588422 0.668978 0.592560
5 0.347007 0.587919 0.694015 0.592058
5 0.359244 0.587521 0.718489 0.591660
5 0.425882 0.607040 0.851764 0.611178
5 0.413939 0.607473 0.827878 0.611612
5 0.401754 0.606986 0.803509 0.611125
5 0.389518 0.607384 0.779035 0.611522
5 0.376999 0.607886 0.753999 0.612025
5 0.340824 0.608804 0.681649 0.612943
5 0.450580 0.605387 0.901160 0.609526
5 0.444337 0.583719 0.888673 0.587858
5 0.438362 0.606004 0.876723 0.610143
5 0.487054 0.561637 0.974107 0.565775
5 0.493205 0.582387 0.986411 0.586525
5 0.486989 0.603752 0.973977 0.607890
5 0.474752 0.604150 0.949503 0.608288
5 0.468879 0.582868 0.937758 0.587007
5 0.474869 0.561150 0.949738 0.565288
5 0.481021 0.581900 0.962041 0.586038
5 0.504756 0.581587 0.990488 0.585726
5 0.506745 0.603439 0.986510 0.607578
5 0.500775 0.582020 0.998450 0.586159
5 0.498529 0.603385 0.997058 0.607524
5 0.518948 0.558878 0.962103 0.563016
5 0.514887 0.558391 0.970227 0.562529
5 0.510840 0.559359 0.978321 0.563498
5 0.512989 0.579589 0.974023 0.583727
5 0.510918 0.602421 0.978163 0.606559
5 0.508856 0.537967 0.982288 0.542105
5 0.492758 0.539624 0.985515 0.543763
5 0.522917 0.514917 0.954167 0.519056
5 0.504862 0.453272 0.990275 0.457410
5 0.524999 0.534924 0.950001 0.539063
5 0.533034 0.534321 0.933932 0.538460
5 0.529217 0.620540 0.941566 0.624679
5 0.527244 0.598554 0.945513 0.602692
5 0.525076 0.620523 0.949848 0.624662
5 0.516991 0.622105 0.966018 0.626244
5 0.502703 0.644567 0.994594 0.648705
5 0.547371 0.554502 0.905259 0.558641
5 0.543333 0.554159 0.913334 0.558297
5 0.539286 0.555128 0.921429 0.559266
5 0.541250 0.575845 0.917499 0.579984
5 0.537203 0.576814 0.925594 0.580953
5 0.545264 0.575758 0.909472 0.579896
5 0.547323 0.596726 0.905355 0.600864
5 0.543309 0.596813 0.913382 0.600952
5 0.551423 0.553154 0.897153 0.557292
5 0.553355 0.574752 0.893291 0.578891
5 0.531195 0.556564 0.937609 0.560703
5 0.535242 0.555595 0.929515 0.559734
5 0.533062 0.619899 0.933875 0.624037
5 0.535145 0.598212 0.929711 0.602351
5 0.549285 0.616258 0.901429 0.620396
5 0.545415 0.617494 0.909169 0.621632
5 0.541368 0.618462 0.917264 0.622601
5 0.537325 0.618930 0.925350 0.623069
5 0.547251 0.638662 0.905498 0.642800
5 0.559291 0.636795 0.881419 0.640933
5 0.557232 0.615827 0.885536 0.619965
5 0.551105 0.637369 0.897791 0.641508
5 0.543187 0.639574 0.913625 0.643713
5 0.545246 0.660829 0.909508 0.664968
5 0.541203 0.661297 0.917595 0.665436
5 0.553163 0.658624 0.893674 0.662763
5 0.543211 0.669163 0.913578 0.661673
5 0.539168 0.669280 0.921664 0.661440
5 0.535171 0.640472 0.929658 0.644611
5 0.529067 0.662015 0.941866 0.666154
5 0.527105 0.669816 0.945790 0.660367
5 0.529018 0.675075 0.941964 0.649851
5 0.524975 0.675192 0.950051 0.649617
5 0.545230 0.674450 0.909541 0.651100
5 0.541187 0.674567 0.917627 0.650867
5 0.567329 0.678753 0.865342 0.642493
5 0.565310 0.673467 0.869379 0.653066
5 0.563286 0.678870 0.873429 0.642259
5 0.567326 0.668233 0.865347 0.663534
5 0.569345 0.673519 0.861310 0.652961
5 0.575221 0.635032 0.849558 0.639170
5 0.577184 0.654564 0.845633 0.658702
5 0.579269 0.667635 0.841462 0.664730
5 0.581327 0.672949 0.837345 0.654103
5 0.577307 0.672922 0.845386 0.654156
5 0.583256 0.678136 0.833488 0.643728
5 0.579235 0.678309 0.841529 0.643383
5 0.591735 0.631690 0.816530 0.635829
5 0.587715 0.632381 0.824571 0.636520
5 0.583620 0.549184 0.832761 0.553322
5 0.581604 0.570120 0.836793 0.574259
5 0.575618 0.422682 0.848763 0.426820
5 0.578034 0.402544 0.843933 0.406682
5 0.576138 0.381795 0.847724 0.385933
5 0.555156 0.386982 0.889688 0.391121
5 0.553294 0.363639 0.893412 0.367778
5 0.561873 0.363041 0.876254 0.367179
4 0.586983 0.588706 0.826033 0.593135
4 0.577633 0.635581 0.844734 0.639272
4 0.573880 0.319267 0.852239 0.324803
4 0.144439 0.489050 0.288878 0.493848
4 0.179626 0.484252 0.359252 0.489050