5 0.382186 0.134816 0.764372 0.269633
5 0.369803 0.133587 0.739605 0.267174
5 0.375812 0.150933 0.751625 0.301866
5 0.363594 0.149704 0.727189 0.299407
5 0.381640 0.166913 0.763280 0.333826
5 0.369256 0.165684 0.738513 0.331368
5 0.406316 0.135499 0.812631 0.270998
5 0.394114 0.134680 0.788228 0.269359
5 0.393659 0.166503 0.787318 0.333007
5 0.399669 0.151479 0.799337 0.302959
5 0.387832 0.150523 0.775663 0.301046
5 0.406042 0.167732 0.812085 0.335465
5 0.411415 0.183440 0.822829 0.366879
5 0.399213 0.182620 0.798427 0.365240
5 0.387012 0.182620 0.774024 0.365240
5 0.423525 0.152709 0.847050 0.305417
5 0.411688 0.152162 0.823376 0.304324
5 0.435544 0.152709 0.871088 0.305417
5 0.442009 0.137411 0.884018 0.274823
5 0.429990 0.137411 0.859980 0.274823
5 0.418153 0.136865 0.836305 0.273730
5 0.429035 0.198420 0.858071 0.396839
5 0.417151 0.197917 0.834302 0.395834
5 0.404950 0.197917 0.809900 0.395834
5 0.446653 0.214171 0.893306 0.428341
5 0.434452 0.213351 0.868903 0.426702
5 0.422250 0.213351 0.844500 0.426702
5 0.447349 0.183598 0.894698 0.367196
5 0.435147 0.182778 0.870295 0.365557
5 0.422946 0.182778 0.845892 0.365557
5 0.464335 0.199054 0.928671 0.398107
5 0.452663 0.198551 0.905325 0.397103
5 0.457973 0.213985 0.915946 0.427970
5 0.469648 0.214249 0.939297 0.428497
5 0.447877 0.153001 0.895754 0.306002
5 0.458501 0.183388 0.917003 0.366776
5 0.453191 0.167954 0.906382 0.335909
5 0.459499 0.152350 0.918998 0.304699
5 0.465028 0.168272 0.930056 0.336543
5 0.470339 0.183705 0.940677 0.367411
5 0.471336 0.152350 0.942673 0.304699
5 0.476865 0.168272 0.953730 0.336543
5 0.482176 0.183705 0.964351 0.367411
5 0.489028 0.168005 0.978057 0.336010
5 0.493997 0.184137 0.987994 0.368274
5 0.499307 0.199571 0.998615 0.399142
5 0.504977 0.185188 0.990046 0.370376
5 0.501037 0.184756 0.997927 0.369512
5 0.481696 0.214669 0.963391 0.429338
5 0.345797 0.130979 0.691595 0.261959
5 0.357932 0.133202 0.715865 0.266404
5 0.351393 0.149195 0.702786 0.298389
5 0.339672 0.148338 0.679344 0.296676
5 0.345350 0.164343 0.690701 0.328685
5 0.333629 0.163486 0.667258 0.326972
5 0.357552 0.164852 0.715103 0.329704
5 0.351674 0.180869 0.703349 0.361738
5 0.327752 0.179503 0.655504 0.359007
5 0.339473 0.180360 0.678946 0.360720
5 0.327835 0.148462 0.655669 0.296924
5 0.321792 0.164231 0.643584 0.328462
5 0.345329 0.196062 0.690658 0.392124
5 0.333250 0.195553 0.666499 0.391106
5 0.321406 0.194696 0.642813 0.389393
5 0.356918 0.195978 0.713835 0.391956
5 0.368639 0.196835 0.737278 0.393669
5 0.380840 0.197344 0.761680 0.394687
5 0.386576 0.212903 0.773151 0.425806
5 0.374374 0.212394 0.748749 0.424787
5 0.292241 0.208608 0.584481 0.417216
5 0.303962 0.209465 0.607924 0.418930
5 0.315797 0.210157 0.631594 0.420314
5 0.356674 0.226181 0.713347 0.452362
5 0.351430 0.211072 0.702861 0.422144
5 0.345085 0.226265 0.690170 0.452530
5 0.332883 0.225756 0.665767 0.451512
5 0.350938 0.241008 0.701876 0.482015
5 0.339349 0.241092 0.678698 0.482184
5 0.327148 0.240583 0.654296 0.481166
5 0.309677 0.130582 0.619353 0.261164
5 0.315815 0.146932 0.631630 0.293864
5 0.297725 0.130189 0.595449 0.260378
5 0.292093 0.146959 0.584187 0.293918
5 0.280371 0.146566 0.560742 0.293132
5 0.268811 0.146242 0.537622 0.292485
5 0.298307 0.163224 0.596613 0.326449
5 0.286718 0.162620 0.573436 0.325239
5 0.274409 0.162110 0.548817 0.324221
5 0.262910 0.162116 0.525820 0.324231
5 0.316016 0.179699 0.632032 0.359397
5 0.303930 0.179534 0.607859 0.359069
5 0.292208 0.178678 0.584417 0.357355
5 0.280371 0.178285 0.560742 0.356569
5 0.268352 0.177272 0.536703 0.354543
5 0.309810 0.194179 0.619620 0.388358
5 0.297724 0.194015 0.595447 0.388030
5 0.286002 0.193158 0.572005 0.386316
5 0.274165 0.192765 0.548331 0.385530
5 0.238999 0.192420 0.477998 0.384841
5 0.250836 0.192813 0.501672 0.385627
5 0.262557 0.192981 0.525114 0.385961
5 0.279912 0.208500 0.559823 0.417000
5 0.268074 0.208107 0.536149 0.416215
5 0.256466 0.208323 0.512932 0.416645
5 0.244745 0.208156 0.489490 0.416311
5 0.238782 0.160387 0.477565 0.320773
5 0.251092 0.160896 0.502183 0.321791
5 0.256582 0.176954 0.513164 0.353908
5 0.244745 0.176561 0.489490 0.353122
5 0.233530 0.176754 0.467059 0.353509
5 0.257068 0.144174 0.514135 0.288348
5 0.309936 0.224810 0.619872 0.449619
5 0.298101 0.224118 0.596201 0.448235
5 0.198018 0.175799 0.396037 0.351597
5 0.209598 0.175468 0.419196 0.350936
5 0.221435 0.175861 0.442870 0.351722
5 0.227354 0.191841 0.454707 0.383683
5 0.204028 0.190959 0.408056 0.381918
5 0.215607 0.191448 0.431215 0.382896
5 0.232908 0.207275 0.465816 0.414550
5 0.221162 0.206882 0.442324 0.413764
5 0.209582 0.206393 0.419165 0.412786
5 0.186090 0.175799 0.372180 0.351597
5 0.192100 0.190959 0.384200 0.381918
5 0.197654 0.206393 0.395308 0.412786
5 0.173980 0.175525 0.347960 0.351051
5 0.185544 0.206120 0.371088 0.412239
5 0.179990 0.190686 0.359979 0.381372
5 0.203937 0.160228 0.407874 0.320456
5 0.191918 0.159545 0.383835 0.319090
5 0.179807 0.159272 0.359615 0.318544
5 0.215516 0.159898 0.431033 0.319796
5 0.245247 0.142904 0.490495 0.285808
5 0.262367 0.223326 0.524735 0.446653
5 0.250548 0.222908 0.501095 0.445815
5 0.238826 0.222741 0.477653 0.445481
5 0.226989 0.221860 0.453979 0.443720
5 0.268286 0.238546 0.536572 0.477091
5 0.256466 0.238127 0.512932 0.476254
5 0.244745 0.237960 0.489490 0.475920
5 0.232686 0.237651 0.465373 0.475303
5 0.220965 0.237484 0.441930 0.474968
5 0.209128 0.236604 0.418256 0.473207
5 0.203348 0.221411 0.406695 0.442822
5 0.191662 0.221397 0.383325 0.442795
5 0.197322 0.236356 0.394645 0.472711
5 0.297562 0.254399 0.595123 0.508798
5 0.285742 0.253980 0.571484 0.507960
5 0.274021 0.253813 0.548041 0.507626
5 0.261962 0.253505 0.523924 0.507009
5 0.143650 0.190153 0.287299 0.380307
5 0.155760 0.190426 0.311520 0.380853
5 0.167688 0.190426 0.335376 0.380853
5 0.150051 0.174269 0.300101 0.348537
5 0.138123 0.173914 0.276245 0.347827
5 0.126012 0.173641 0.252025 0.347281
5 0.132204 0.189361 0.264408 0.378722
5 0.155851 0.158466 0.311702 0.316932
5 0.143923 0.158111 0.287845 0.316222
5 0.173488 0.205874 0.346976 0.411748
5 0.161560 0.205874 0.323120 0.411748
5 0.149450 0.205601 0.298900 0.411201
5 0.137849 0.205423 0.275699 0.410846
5 0.126404 0.204631 0.252808 0.409262
5 0.179634 0.221467 0.359269 0.442934
5 0.167706 0.221467 0.335412 0.442934
5 0.155596 0.221194 0.311192 0.442388
5 0.143455 0.220511 0.286911 0.441022
5 0.131855 0.220333 0.263710 0.440667
5 0.173338 0.236200 0.346676 0.472401
5 0.161662 0.236200 0.323323 0.472401
5 0.149551 0.235927 0.299103 0.471855
5 0.137600 0.235528 0.275199 0.471056
5 0.125999 0.235350 0.251999 0.470700
5 0.239282 0.252847 0.478563 0.505694
5 0.227223 0.252539 0.454446 0.505078
5 0.215502 0.252372 0.431004 0.504743
5 0.514816 0.169853 0.970369 0.339707
5 0.510875 0.169422 0.978249 0.338843
5 0.507041 0.168803 0.985918 0.337606
5 0.516660 0.185764 0.966679 0.371529
5 0.512720 0.185332 0.974560 0.370665
5 0.508886 0.184714 0.982228 0.369427
5 0.518582 0.201329 0.962836 0.402659
5 0.514642 0.200897 0.970717 0.401795
5 0.510807 0.200279 0.978385 0.400558
5 0.512880 0.154530 0.974240 0.309059
5 0.506945 0.199606 0.986110 0.399211
5 0.503036 0.200080 0.993928 0.400160
5 0.508803 0.215314 0.982395 0.430628
5 0.504940 0.214641 0.990120 0.429281
5 0.532406 0.186602 0.935188 0.373204
5 0.528466 0.186170 0.943069 0.372340
5 0.524594 0.186556 0.950812 0.373113
5 0.520569 0.186099 0.958862 0.372199
5 0.522491 0.201664 0.955019 0.403329
5 0.520443 0.216573 0.959113 0.433145
5 0.516503 0.216141 0.966994 0.432281
5 0.524389 0.217242 0.951222 0.434485
5 0.540298 0.187104 0.919405 0.374209
5 0.557919 0.203550 0.884163 0.407101
5 0.553978 0.203119 0.892043 0.406237
5 0.550107 0.203505 0.899786 0.407010
5 0.559757 0.219087 0.880486 0.438173
5 0.555817 0.218655 0.888367 0.437310
5 0.551945 0.219041 0.896110 0.438082
5 0.561775 0.234825 0.876451 0.469649
5 0.553849 0.234608 0.892302 0.469217
5 0.557834 0.234393 0.884331 0.468786
5 0.563596 0.249849 0.872808 0.499698
5 0.559655 0.249417 0.880689 0.498834
5 0.555670 0.249632 0.888660 0.499265
5 0.538144 0.233198 0.923713 0.466395
5 0.535979 0.248437 0.928041 0.496875
5 0.531768 0.277802 0.936464 0.555605
5 0.533932 0.262563 0.932135 0.525126
5 0.557488 0.264360 0.885025 0.528721
5 0.553547 0.263929 0.892906 0.527857
5 0.549562 0.264144 0.900876 0.528288
5 0.555401 0.279043 0.889198 0.558086
5 0.551460 0.278611 0.897079 0.557222
5 0.547475 0.278827 0.905050 0.557654
5 0.577913 0.233759 0.844175 0.467519
5 0.573854 0.233683 0.852292 0.467365
5 0.569790 0.234253 0.860421 0.468507
5 0.579570 0.250450 0.840860 0.500899
5 0.575511 0.250373 0.848978 0.500746
5 0.571447 0.250944 0.857106 0.501887
5 0.569677 0.203550 0.860646 0.407101
5 0.561747 0.203505 0.876507 0.407010
5 0.565737 0.204184 0.868527 0.408368
5 0.573775 0.200835 0.852450 0.401669
5 0.571999 0.217918 0.856002 0.435836
5 0.579880 0.217844 0.840240 0.435688
5 0.581898 0.233582 0.836204 0.467163
5 0.583719 0.248606 0.832562 0.497212
5 0.575085 0.281051 0.849829 0.562102
5 0.571145 0.280619 0.857710 0.561238
5 0.567160 0.280835 0.865681 0.561669
5 0.534231 0.232596 0.931537 0.465192
5 0.532067 0.247835 0.935866 0.495671
5 0.530020 0.261961 0.939960 0.523922
5 0.527856 0.277201 0.944288 0.554401
5 0.526295 0.232139 0.947410 0.464279
5 0.522349 0.231469 0.955302 0.462938
5 0.518409 0.231037 0.963182 0.462075
5 0.540182 0.218304 0.919636 0.436607
5 0.536236 0.217634 0.927528 0.435267
5 0.532296 0.217202 0.935409 0.434404