4 0.128591 0.467093 0.257181 0.470170
4 0.554214 0.424716 0.891572 0.430634
5 0.131550 0.529593 0.263100 0.530777
5 0.127091 0.555398 0.254182 0.553504
5 0.153922 0.531250 0.307844 0.534328
5 0.148516 0.529356 0.297033 0.527225
5 0.149345 0.508523 0.298690 0.507812
5 0.164141 0.507576 0.328283 0.505208
5 0.181542 0.480824 0.363084 0.478693
5 0.216067 0.491004 0.432134 0.488873
5 0.223879 0.493371 0.447759 0.493371
5 0.201902 0.490057 0.403804 0.487689
5 0.199416 0.512311 0.398832 0.510417
5 0.184304 0.511127 0.368608 0.510417
5 0.170928 0.507102 0.341856 0.508523
5 0.166548 0.484848 0.333097 0.483902
5 0.192945 0.464489 0.385890 0.466619
5 0.184422 0.464252 0.368845 0.464015
5 0.201626 0.446023 0.403251 0.444602
5 0.210701 0.442945 0.421402 0.445549
5 0.223958 0.445549 0.447917 0.444366
5 0.236269 0.445312 0.472538 0.444129
5 0.247869 0.445549 0.495739 0.446259
5 0.258957 0.444602 0.517914 0.446023
5 0.277225 0.442235 0.554451 0.436790
5 0.285038 0.447917 0.570076 0.445549
5 0.297704 0.448627 0.595407 0.446970
5 0.299203 0.468513 0.598406 0.470407
5 0.289812 0.470407 0.579624 0.468987
5 0.276515 0.467093 0.553030 0.467330
5 0.265112 0.468040 0.530224 0.469460
5 0.257023 0.468750 0.514047 0.465199
5 0.228496 0.462595 0.456992 0.466856
5 0.241319 0.466146 0.482639 0.466856
5 0.220368 0.467566 0.440735 0.464962
5 0.276081 0.492661 0.552162 0.489110
5 0.280855 0.492898 0.561711 0.495028
5 0.300663 0.489110 0.601326 0.477746
5 0.312382 0.492188 0.624763 0.489583
5 0.317669 0.465436 0.635338 0.459754
5 0.317353 0.495028 0.634706 0.496212
5 0.333807 0.492898 0.667614 0.489347
5 0.323903 0.468513 0.647806 0.467803
5 0.315893 0.447917 0.631787 0.450047
5 0.310685 0.447206 0.621370 0.444839
5 0.311711 0.429451 0.623422 0.430161
5 0.307173 0.424479 0.614347 0.418561
5 0.289457 0.426847 0.578914 0.426136
5 0.276357 0.421402 0.552715 0.424716
5 0.307765 0.410275 0.615530 0.408617
5 0.294468 0.407670 0.588936 0.409091
5 0.286103 0.406250 0.572206 0.404356
5 0.329309 0.408854 0.658617 0.409328
5 0.335267 0.428977 0.670533 0.429688
5 0.350655 0.429214 0.701310 0.427320
5 0.345210 0.408144 0.690420 0.407197
5 0.322049 0.406723 0.644097 0.401278
5 0.328086 0.429451 0.656171 0.428504
5 0.350260 0.469934 0.700521 0.468750
5 0.355153 0.494318 0.710306 0.491951
5 0.346867 0.489110 0.693734 0.482008
5 0.337871 0.468040 0.675742 0.465436
5 0.361585 0.470881 0.723169 0.467566
5 0.367858 0.493134 0.735717 0.489347
5 0.364426 0.450284 0.728851 0.450284
5 0.355035 0.409328 0.710069 0.408854
5 0.346157 0.447206 0.692314 0.444839
5 0.372672 0.492424 0.745344 0.495975
5 0.383799 0.491951 0.767598 0.493134
5 0.402896 0.491951 0.805792 0.489110
5 0.380682 0.473485 0.761364 0.473485
5 0.368726 0.470881 0.737453 0.472538
5 0.380524 0.448153 0.761048 0.443892
4 0.395597 0.413352 0.791193 0.420691
5 0.408578 0.535985 0.817156 0.537642
5 0.390704 0.514915 0.781408 0.515625
5 0.403961 0.557292 0.807923 0.556108
5 0.452533 0.479877 0.905066 0.475852
5 0.460938 0.454072 0.921875 0.450758
5 0.426018 0.421165 0.852036 0.421165
5 0.503788 0.430398 0.992424 0.434186
5 0.505011 0.450284 0.989978 0.455019
5 0.512587 0.452652 0.974826 0.451231
5 0.514283 0.457386 0.971433 0.457386
5 0.529277 0.480587 0.941446 0.482244
5 0.529119 0.499763 0.941761 0.501420
5 0.508799 0.479877 0.982402 0.477036
5 0.502999 0.430161 0.994003 0.424716
5 0.531842 0.473485 0.936316 0.471354
5 0.556739 0.499527 0.886521 0.498816
5 0.454033 0.577178 0.908065 0.579545
5 0.235243 0.418797 0.470486 0.412642
5 0.244042 0.419744 0.488084 0.419744
5 0.258247 0.419981 0.516493 0.416903
5 0.215357 0.417614 0.430713 0.419271
5 0.131432 0.441288 0.262863 0.440578
5 0.136009 0.507339 0.272017 0.508286
5 0.166627 0.532907 0.333254 0.534091