5 0.262294 0.131913 0.524589 0.263826
5 0.249812 0.132568 0.499623 0.265137
5 0.237362 0.132918 0.474723 0.265836
5 0.199900 0.133509 0.399800 0.267019
5 0.212350 0.133160 0.424700 0.266320
5 0.224833 0.132505 0.449666 0.265009
5 0.176015 0.134042 0.352029 0.268085
5 0.163137 0.133515 0.326275 0.267029
5 0.151161 0.133628 0.302321 0.267255
5 0.206543 0.149573 0.413085 0.299145
5 0.194354 0.150074 0.388708 0.300147
5 0.182194 0.150095 0.364388 0.300190
5 0.170052 0.150229 0.340105 0.300459
5 0.157239 0.150385 0.314477 0.300770
5 0.145064 0.150018 0.290129 0.300036
5 0.286405 0.130574 0.572809 0.261147
5 0.274120 0.130931 0.548240 0.261862
5 0.274952 0.163946 0.549904 0.327891
5 0.262673 0.163793 0.525345 0.327586
5 0.250190 0.164448 0.500380 0.328896
5 0.237740 0.164798 0.475480 0.329595
5 0.213085 0.165636 0.426171 0.331271
5 0.200897 0.166137 0.401794 0.332273
5 0.188669 0.166562 0.377339 0.333124
5 0.176393 0.166595 0.352786 0.333191
5 0.164118 0.167256 0.328236 0.334512
5 0.151944 0.166890 0.303888 0.333779
5 0.139079 0.167193 0.278159 0.334385
5 0.126925 0.134577 0.253850 0.269153
5 0.183497 0.182431 0.366995 0.364862
5 0.171221 0.182464 0.342442 0.364928
5 0.158946 0.183125 0.317892 0.366250
5 0.275360 0.196174 0.550720 0.392347
5 0.263231 0.196021 0.526462 0.392042
5 0.251125 0.196789 0.502249 0.393579
5 0.238449 0.197252 0.476898 0.394504
5 0.213794 0.197751 0.427589 0.395502
5 0.201982 0.198704 0.403965 0.397408
5 0.189755 0.199129 0.379510 0.398259
5 0.177479 0.199163 0.354957 0.398325
5 0.153029 0.199457 0.306059 0.398913
5 0.140165 0.199760 0.280330 0.399520
5 0.165204 0.199823 0.330407 0.399647
5 0.226171 0.197817 0.452341 0.395634
5 0.299916 0.195722 0.599832 0.391444
5 0.287636 0.195795 0.575273 0.391590
5 0.293789 0.179303 0.587579 0.358606
5 0.268972 0.180035 0.537943 0.360070
5 0.287288 0.182098 0.574576 0.364197
5 0.249869 0.183435 0.499739 0.366869
5 0.256499 0.180322 0.512998 0.360643
5 0.237715 0.184103 0.475430 0.368206
5 0.213342 0.184867 0.426684 0.369733
5 0.225433 0.184485 0.450866 0.368969
5 0.208295 0.214307 0.416590 0.428613
5 0.195902 0.214776 0.391805 0.429551
5 0.183546 0.214911 0.367092 0.429821
5 0.171012 0.215622 0.342023 0.431243
5 0.158995 0.215605 0.317989 0.431210
5 0.202355 0.230552 0.404710 0.461105
5 0.227133 0.229875 0.454267 0.459750
5 0.232428 0.213339 0.464856 0.426677
5 0.177980 0.231302 0.355961 0.462603
5 0.153123 0.232156 0.306245 0.464312
5 0.171206 0.234810 0.342411 0.469621
5 0.140233 0.218840 0.280465 0.437680
5 0.128034 0.200050 0.256068 0.400100
5 0.140746 0.231894 0.281492 0.463789
5 0.128421 0.232088 0.256842 0.464176