6 0.679195 0.394562 0.641609 0.399729
5 0.710136 0.472576 0.579729 0.469276
5 0.713866 0.472872 0.572268 0.469572
5 0.711865 0.492883 0.576270 0.489583
5 0.715546 0.492735 0.568908 0.489435
5 0.717498 0.472576 0.565004 0.469276
5 0.706553 0.471242 0.586893 0.467942
5 0.702823 0.470945 0.594354 0.467645
5 0.682513 0.449122 0.634974 0.445822
5 0.669702 0.466815 0.660596 0.463515
5 0.610883 0.465950 0.615528 0.462650
5 0.743107 0.475333 0.513787 0.472033
5 0.744901 0.494922 0.510199 0.491622
5 0.743152 0.435416 0.513696 0.432116