5 0.538281 0.575683 0.923438 0.575683
5 0.530528 0.572257 0.938945 0.572257
5 0.533381 0.551138 0.933237 0.551138
5 0.529338 0.551138 0.941323 0.551138
5 0.527055 0.571687 0.945890 0.571687
5 0.530480 0.612501 0.939040 0.612501
5 0.532478 0.594519 0.935045 0.594519
5 0.534381 0.614499 0.931239 0.614499
5 0.540517 0.595378 0.918966 0.595378
5 0.541991 0.615643 0.916017 0.615643
5 0.544275 0.596805 0.911450 0.596805
5 0.545939 0.615929 0.908121 0.615929
5 0.547747 0.635051 0.904506 0.635051
5 0.543608 0.634764 0.912783 0.634764
5 0.549555 0.654459 0.900891 0.654459
5 0.553408 0.655887 0.893185 0.655887
5 0.551219 0.668609 0.897562 0.662781
5 0.548984 0.672891 0.902033 0.654218
5 0.552932 0.673319 0.894137 0.653362
5 0.545210 0.672551 0.909581 0.654898
5 0.543132 0.668039 0.913735 0.663922
5 0.539089 0.667896 0.921822 0.664208
5 0.537567 0.652463 0.924867 0.652463
5 0.541325 0.653891 0.917351 0.653891
5 0.540754 0.672677 0.918493 0.654645
5 0.536996 0.672392 0.926009 0.655216
5 0.533190 0.672178 0.933620 0.655645
5 0.529480 0.672035 0.941041 0.655930
5 0.535953 0.633365 0.928094 0.633365
5 0.532153 0.632186 0.935694 0.632186
5 0.524685 0.629828 0.950630 0.629828
5 0.522982 0.610176 0.954036 0.610176
5 0.517741 0.588166 0.964518 0.588166
5 0.521889 0.589978 0.956223 0.589978
5 0.518547 0.549099 0.962905 0.549099
5 0.520840 0.528266 0.958320 0.528266
5 0.536039 0.530231 0.927923 0.530231
5 0.539511 0.531412 0.920979 0.531412
5 0.548223 0.597051 0.903553 0.597051
5 0.544424 0.682083 0.911153 0.635834
5 0.548289 0.682378 0.903422 0.635244
5 0.550385 0.687193 0.899230 0.625615
5 0.548354 0.691910 0.903291 0.616181
5 0.545931 0.696528 0.908139 0.606944
5 0.540231 0.691517 0.919538 0.616967
5 0.542065 0.686701 0.915869 0.626597
5 0.540755 0.681887 0.918490 0.636227
5 0.538987 0.676974 0.922027 0.646053
5 0.554766 0.677937 0.890468 0.644126
5 0.552670 0.682654 0.894661 0.634693
5 0.556731 0.682752 0.886537 0.634496
5 0.558893 0.678134 0.882214 0.643733
5 0.559221 0.668995 0.881559 0.662009
5 0.557321 0.656722 0.885358 0.656722
5 0.550516 0.576613 0.898967 0.576613
5 0.559950 0.601377 0.880101 0.601377
5 0.563815 0.640683 0.872370 0.640683
5 0.567811 0.642255 0.864378 0.642255
5 0.569645 0.662300 0.860709 0.662300
5 0.563946 0.601377 0.872107 0.601377
5 0.560343 0.559319 0.879313 0.559319
5 0.562112 0.580543 0.875775 0.580543
5 0.565978 0.582901 0.868045 0.582901
5 0.572004 0.563642 0.855992 0.563642
5 0.543441 0.533377 0.913118 0.533377
5 0.534991 0.573469 0.930019 0.573469
5 0.543703 0.492892 0.912594 0.492892
5 0.547437 0.493285 0.905125 0.493285
5 0.551237 0.493678 0.897526 0.493678
5 0.558967 0.495250 0.882066 0.495250
5 0.556871 0.514902 0.886258 0.514902
5 0.554906 0.536126 0.890189 0.536126
5 0.558640 0.537305 0.882721 0.537305
5 0.552482 0.557350 0.895037 0.557350
5 0.544883 0.554206 0.910235 0.554206
5 0.546586 0.575430 0.906828 0.575430
5 0.557788 0.619064 0.884424 0.619064
5 0.566239 0.541628 0.867522 0.541628
5 0.568139 0.522762 0.863723 0.522762
5 0.522001 0.549566 0.955997 0.549566
5 0.519269 0.504570 0.961462 0.504570
5 0.515507 0.505498 0.968986 0.505498
5 0.511538 0.504880 0.976924 0.504880
5 0.513136 0.525598 0.973728 0.525598
5 0.509322 0.524670 0.981356 0.524670
5 0.514063 0.587442 0.971873 0.587442
5 0.510456 0.586824 0.979088 0.586824
5 0.511951 0.606924 0.976099 0.606924
5 0.508188 0.605996 0.983623 0.605996
5 0.505714 0.522814 0.988571 0.522814
5 0.505516 0.506442 0.988968 0.508233
5 0.505536 0.481328 0.988929 0.481328
5 0.519838 0.476232 0.960323 0.482501
5 0.515504 0.462853 0.968991 0.462853
5 0.513856 0.487135 0.972289 0.487135
5 0.509640 0.485094 0.980721 0.485094
5 0.521282 0.484495 0.957436 0.484495
5 0.526828 0.504281 0.946344 0.504281
5 0.523330 0.465008 0.953339 0.465008
5 0.530975 0.463510 0.938050 0.463510
5 0.528277 0.527965 0.943446 0.527965
5 0.510989 0.545953 0.978022 0.545953
5 0.507173 0.544156 0.985653 0.544156
5 0.504975 0.564241 0.990050 0.564241
5 0.506624 0.584928 0.986752 0.584928
5 0.502876 0.584028 0.994248 0.584028
5 0.500000 0.582530 1.000000 0.582530
5 0.501177 0.563043 0.997646 0.563043
5 0.500000 0.561545 1.000000 0.561545
5 0.498684 0.580131 0.997368 0.580131
5 0.492388 0.599319 0.984775 0.599319
5 0.500000 0.541159 1.000000 0.541159
5 0.500000 0.497989 1.000000 0.497989
5 0.497784 0.477603 0.995569 0.477603
5 0.500000 0.475505 1.000000 0.475505
5 0.504325 0.429937 0.991349 0.429937
5 0.500000 0.455420 1.000000 0.455420
5 0.500178 0.426940 0.999644 0.426940
5 0.481831 0.456159 0.963662 0.456159
5 0.474836 0.476546 0.949672 0.476546
5 0.479933 0.497232 0.959866 0.497232
5 0.484580 0.517919 0.969160 0.517919
5 0.485495 0.530517 0.970990 0.535883
5 0.482822 0.557823 0.965644 0.557823
5 0.471348 0.556185 0.942697 0.556185
5 0.513681 0.626864 0.972638 0.626864
5 0.509782 0.624845 0.980436 0.624845
5 0.515183 0.646261 0.969633 0.646261
5 0.517323 0.628230 0.965354 0.628230
5 0.503349 0.542518 0.993302 0.542518
5 0.486691 0.477229 0.973381 0.477229
5 0.455231 0.534331 0.910462 0.534331
5 0.443621 0.532965 0.887242 0.532965
5 0.448538 0.553453 0.897077 0.553453
5 0.437475 0.551540 0.874951 0.551540
5 0.438294 0.512205 0.876589 0.512205
5 0.449904 0.513844 0.899809 0.513844
5 0.461650 0.514937 0.923301 0.514937
5 0.466431 0.535425 0.932863 0.535425
5 0.468207 0.495269 0.936414 0.495269
5 0.463108 0.475054 0.926215 0.475054
5 0.457781 0.453201 0.915562 0.453201
5 0.451635 0.473416 0.903270 0.473416
5 0.440025 0.472869 0.880051 0.472869
5 0.445762 0.452929 0.891523 0.452929
5 0.451635 0.432169 0.903270 0.432169
5 0.446035 0.411409 0.892070 0.411409
5 0.476494 0.436813 0.952988 0.436813
5 0.428688 0.468771 0.857376 0.468771
5 0.433787 0.491719 0.867575 0.491719
5 0.445261 0.493085 0.890522 0.493085
5 0.425905 0.549916 0.851809 0.549916
5 0.414131 0.548699 0.828263 0.548699
5 0.403576 0.547482 0.807152 0.547482
5 0.420628 0.530432 0.841255 0.530432
5 0.432401 0.530432 0.864802 0.530432
5 0.427123 0.510539 0.854245 0.510539
5 0.415958 0.508915 0.831916 0.508915
5 0.453414 0.573337 0.906828 0.573337
5 0.404591 0.507698 0.809181 0.507698
5 0.392208 0.545861 0.784416 0.545861
5 0.411289 0.487804 0.822579 0.487804
5 0.422656 0.489833 0.845313 0.489833
5 0.417988 0.467504 0.835976 0.467504
5 0.406621 0.464663 0.813241 0.464663
5 0.395456 0.462634 0.790912 0.462634
5 0.383885 0.463039 0.767770 0.463039
5 0.382261 0.504854 0.764522 0.504854
5 0.377187 0.484149 0.754373 0.484149
5 0.388757 0.484961 0.777515 0.484961
5 0.387133 0.526372 0.774266 0.526372
5 0.375766 0.523936 0.751532 0.523936
5 0.364196 0.522717 0.728393 0.522717
5 0.370693 0.503635 0.741385 0.503635
5 0.359325 0.502418 0.718651 0.502418
5 0.365822 0.482932 0.731643 0.482932
5 0.372724 0.463446 0.745448 0.463446
5 0.378408 0.443147 0.756816 0.443147
5 0.367447 0.441931 0.734894 0.441931
5 0.360951 0.462229 0.721901 0.462229
5 0.349584 0.461824 0.699167 0.461824
5 0.354658 0.482122 0.709316 0.482122
5 0.352832 0.521097 0.705663 0.521097
5 0.341464 0.519473 0.682929 0.519473
5 0.344307 0.440307 0.688613 0.440307
5 0.346743 0.540179 0.693485 0.540179
5 0.355674 0.440307 0.711347 0.440307
5 0.373943 0.422444 0.747886 0.422444
5 0.390182 0.440307 0.780365 0.440307
5 0.362576 0.420008 0.725152 0.420008
5 0.351411 0.417572 0.702822 0.417572
5 0.339840 0.418384 0.679681 0.418384
5 0.328270 0.416760 0.656539 0.416760
5 0.333142 0.437466 0.666284 0.437466
5 0.334968 0.397679 0.669936 0.397679
5 0.345929 0.397679 0.691859 0.397679
5 0.358312 0.399303 0.716624 0.399303
5 0.322991 0.395650 0.645983 0.395650
5 0.316901 0.413919 0.633802 0.413919
5 0.321773 0.436654 0.643547 0.436654
5 0.326646 0.458171 0.653291 0.458171
5 0.315278 0.456547 0.630557 0.456547
5 0.308580 0.475629 0.617159 0.475629
5 0.331112 0.480094 0.662223 0.480094
5 0.292138 0.452080 0.584276 0.452080
5 0.298634 0.432186 0.597268 0.432186
5 0.304927 0.413917 0.609854 0.413917
5 0.276711 0.428938 0.553421 0.428938
5 0.280771 0.450456 0.561542 0.450456
5 0.269810 0.449239 0.539619 0.449239
5 0.259051 0.448022 0.518102 0.448022
5 0.274681 0.471164 0.549361 0.471164
5 0.240579 0.465479 0.481158 0.465479
5 0.235910 0.444774 0.471821 0.444774
5 0.230632 0.423256 0.461265 0.423256
5 0.242203 0.425285 0.484406 0.425285
5 0.254180 0.426909 0.508360 0.426909
5 0.265547 0.427721 0.531094 0.427721
5 0.271840 0.407423 0.543679 0.407423
5 0.249105 0.404987 0.498211 0.404987
5 0.237535 0.402958 0.475069 0.402958
5 0.225964 0.402146 0.451927 0.402146
5 0.232256 0.382253 0.464513 0.382253
5 0.221159 0.381035 0.442318 0.381035
5 0.214663 0.400521 0.429326 0.400521
5 0.224610 0.443556 0.449220 0.443556
5 0.213039 0.441932 0.426078 0.441932
5 0.218114 0.462637 0.436227 0.462637
5 0.223188 0.483343 0.446376 0.483343
5 0.206543 0.461013 0.413086 0.461013
5 0.194972 0.458984 0.389944 0.458984
5 0.201671 0.439903 0.403341 0.439903
5 0.208167 0.420417 0.416334 0.420417
5 0.196394 0.417169 0.392787 0.417169
5 0.189897 0.437062 0.379795 0.437062
5 0.202890 0.398494 0.405780 0.398494
5 0.209182 0.379008 0.418365 0.379008
5 0.197003 0.375760 0.394006 0.375760
5 0.176501 0.390781 0.353003 0.390781
5 0.190237 0.394434 0.380475 0.394434
5 0.184214 0.411892 0.368429 0.411892
5 0.178530 0.432190 0.357060 0.432190
5 0.183402 0.455331 0.366805 0.455331
5 0.172238 0.452895 0.344475 0.452895
5 0.176906 0.474818 0.353812 0.474818
5 0.170816 0.494304 0.341632 0.494304
5 0.147676 0.489839 0.295351 0.489839
5 0.136308 0.486998 0.272617 0.486998
5 0.141181 0.509328 0.282361 0.509328
5 0.142805 0.467105 0.285609 0.467105
5 0.160667 0.450459 0.321334 0.450459
5 0.166959 0.432190 0.333919 0.432190
5 0.171426 0.411080 0.342852 0.411080
5 0.151330 0.402147 0.302660 0.402147
5 0.130828 0.466295 0.261656 0.466295
5 0.243928 0.383151 0.487856 0.383151
5 0.524172 0.666910 0.951656 0.666181
5 0.523731 0.676183 0.952539 0.647633
5 0.525056 0.690284 0.949889 0.619432
5 0.528967 0.681199 0.942066 0.637602
5 0.553982 0.697040 0.892036 0.605919
5 0.556409 0.692323 0.887182 0.615353
5 0.552327 0.691992 0.895347 0.616015
5 0.560327 0.692406 0.879347 0.615189
5 0.564409 0.692489 0.871182 0.615022
5 0.558064 0.697041 0.883871 0.605918