5 0.576862 0.177261 0.846275 0.354522
5 0.562027 0.132161 0.875947 0.264323
5 0.543718 0.174657 0.912563 0.349313
5 0.516730 0.144886 0.966540 0.289773
5 0.554806 0.131037 0.890388 0.262074
5 0.542219 0.235914 0.915562 0.471828
5 0.542140 0.218750 0.915720 0.437500
5 0.541035 0.205966 0.917929 0.411932
5 0.551807 0.241536 0.896386 0.483073
5 0.511207 0.182466 0.977586 0.364932
5 0.503893 0.203552 0.992215 0.407104
5 0.323903 0.127190 0.647806 0.254380
5 0.251578 0.137784 0.503157 0.275568
5 0.206400 0.164003 0.412800 0.328007