5 0.543018 0.134951 0.913965 0.269903
5 0.547078 0.134915 0.905843 0.269829
5 0.551067 0.135022 0.897866 0.270043
5 0.571998 0.134488 0.856004 0.268975
5 0.540888 0.150396 0.918224 0.300791
5 0.553197 0.151273 0.893605 0.302546
5 0.549161 0.150649 0.901678 0.301297
5 0.571799 0.165975 0.856403 0.331951
5 0.557166 0.150832 0.885668 0.301663
5 0.561304 0.150816 0.877393 0.301632
5 0.559435 0.134817 0.881131 0.269633
5 0.547028 0.166099 0.905944 0.332199
5 0.551125 0.166449 0.897750 0.332899
5 0.555033 0.167105 0.889935 0.334210
5 0.559109 0.166815 0.881781 0.333630
5 0.552954 0.182449 0.894093 0.364897
5 0.557044 0.182281 0.885912 0.364563
5 0.561100 0.181992 0.877799 0.363983
5 0.569510 0.181426 0.860981 0.362852
5 0.573853 0.181558 0.852294 0.363116
5 0.536876 0.150547 0.926248 0.301095