5 0.673668 0.152847 0.652664 0.305693
5 0.675749 0.138039 0.648502 0.276078
5 0.671652 0.137979 0.656695 0.275957
5 0.657733 0.137901 0.662457 0.275802
5 0.349945 0.136540 0.354669 0.273080
5 0.366498 0.136623 0.371222 0.273246
5 0.382696 0.136066 0.387420 0.272133
5 0.398423 0.136402 0.403147 0.272804
5 0.415238 0.136064 0.419962 0.272127
5 0.430762 0.136565 0.435486 0.273131
5 0.446990 0.136901 0.451714 0.273801
5 0.463027 0.136074 0.467751 0.272148
5 0.390458 0.152243 0.395182 0.304487
5 0.374731 0.151908 0.379455 0.303815
5 0.358533 0.152464 0.363257 0.304928
5 0.341980 0.152058 0.346704 0.304116
5 0.407273 0.151905 0.411997 0.303810
5 0.422797 0.152407 0.427521 0.304813
5 0.334512 0.167245 0.339236 0.334491
5 0.350778 0.167005 0.355502 0.334011
5 0.367359 0.167526 0.372083 0.335052
5 0.383086 0.167862 0.387810 0.335723
5 0.399039 0.167523 0.403763 0.335046
5 0.326852 0.182541 0.331576 0.365081
5 0.343119 0.182301 0.347842 0.364601
5 0.359412 0.182821 0.364136 0.365642
5 0.375426 0.183157 0.380150 0.366314
5 0.391379 0.182818 0.396103 0.365637
5 0.310933 0.182424 0.315656 0.364848
5 0.294666 0.182664 0.299390 0.365328
5 0.302326 0.167369 0.307050 0.334738
5 0.309794 0.151440 0.314518 0.302880
5 0.317649 0.135798 0.322373 0.271597
5 0.325798 0.151723 0.330522 0.303445
5 0.318592 0.167129 0.323316 0.334258
5 0.334366 0.135781 0.339090 0.271562
5 0.285793 0.135428 0.290517 0.270855
5 0.277938 0.151316 0.282662 0.302633
5 0.269481 0.167863 0.274205 0.335727
5 0.261821 0.183158 0.266545 0.366317
5 0.278088 0.182918 0.282811 0.365837
5 0.293942 0.151599 0.298666 0.303198
5 0.301521 0.136275 0.306245 0.272550
5 0.285747 0.167623 0.290471 0.335247
5 0.270234 0.135771 0.274958 0.271543
5 0.261925 0.151668 0.266649 0.303336
5 0.253663 0.167214 0.258387 0.334429
5 0.246004 0.182510 0.250728 0.365019
5 0.229425 0.182764 0.234149 0.365528
5 0.213952 0.181983 0.218676 0.363967
5 0.221385 0.166816 0.226109 0.333631
5 0.229275 0.151162 0.233999 0.302324
5 0.237470 0.135401 0.242194 0.270801
5 0.253993 0.135865 0.258717 0.271731
5 0.245846 0.151445 0.250570 0.302889
5 0.237992 0.166958 0.242715 0.333917
5 0.220802 0.135145 0.225525 0.270291
5 0.212606 0.150907 0.217330 0.301813
5 0.204716 0.166561 0.209440 0.333121
5 0.197284 0.181728 0.202008 0.363456
5 0.189291 0.197244 0.194014 0.394488
5 0.205959 0.197499 0.210683 0.394999
5 0.221432 0.198280 0.226156 0.396560
5 0.238011 0.198026 0.242735 0.396051
5 0.253828 0.198675 0.258552 0.397349
5 0.270094 0.198435 0.274818 0.396869
5 0.286673 0.198180 0.291397 0.396360
5 0.311113 0.214471 0.315836 0.428942
5 0.318859 0.198057 0.323583 0.396113
5 0.351419 0.198337 0.356143 0.396674
5 0.294831 0.214226 0.299555 0.428452
5 0.383386 0.198334 0.388110 0.396669
5 0.335125 0.197817 0.339849 0.395633
5 0.162577 0.148808 0.167301 0.297615
5 0.171899 0.165331 0.176623 0.330662
5 0.196284 0.149345 0.201007 0.298691
5 0.204430 0.133766 0.209154 0.267533
5 0.154181 0.163239 0.158905 0.326478
5 0.188587 0.166401 0.193311 0.332801
5 0.179946 0.148538 0.184670 0.297076
5 0.156389 0.196293 0.161113 0.392586
5 0.164436 0.179500 0.169160 0.359000
5 0.139013 0.194456 0.143737 0.388912