5 0.166573 0.137215 0.333146 0.274429
5 0.179441 0.168318 0.358881 0.336637
5 0.167427 0.168269 0.334853 0.336538
5 0.155238 0.167680 0.310477 0.335359
5 0.143229 0.167587 0.286458 0.335174
5 0.131464 0.167234 0.262927 0.334469
5 0.209233 0.153624 0.418467 0.307249
5 0.196847 0.153528 0.393693 0.307056
5 0.190715 0.137400 0.381430 0.274800
5 0.203266 0.138066 0.406531 0.276133
5 0.184897 0.153046 0.369794 0.306093
5 0.197244 0.183962 0.394489 0.367924
5 0.203106 0.168978 0.406213 0.337955
5 0.215598 0.138305 0.431197 0.276610
5 0.227843 0.169612 0.455686 0.339224
5 0.221478 0.184932 0.442956 0.369863
5 0.209091 0.184835 0.418182 0.369671
5 0.215510 0.169374 0.431020 0.338747
5 0.264391 0.138027 0.528782 0.276054
5 0.252244 0.138484 0.504488 0.276968
5 0.239694 0.137956 0.479387 0.275913
5 0.300530 0.138500 0.601060 0.277000
5 0.288383 0.138957 0.576765 0.277914
5 0.276385 0.138785 0.552769 0.277570
5 0.269993 0.153650 0.539987 0.307300
5 0.281987 0.154408 0.563974 0.308816
5 0.293985 0.154580 0.587970 0.309161
5 0.305974 0.154952 0.611949 0.309904
5 0.347863 0.139535 0.695726 0.279071
5 0.336176 0.139072 0.672351 0.278144
5 0.324178 0.138785 0.648355 0.277570
5 0.312184 0.138257 0.624368 0.276514
5 0.354415 0.154845 0.708830 0.309689
5 0.342387 0.155405 0.684773 0.310809
5 0.330389 0.155117 0.660777 0.310235
5 0.318395 0.154589 0.636790 0.309179
5 0.276218 0.169511 0.552437 0.339022
5 0.288212 0.170269 0.576424 0.340539
5 0.300210 0.170442 0.600420 0.340883
5 0.312199 0.170813 0.624399 0.341626
5 0.324364 0.170450 0.648729 0.340901
5 0.335846 0.170723 0.671692 0.341445
5 0.348271 0.170754 0.696541 0.341508
5 0.360725 0.170066 0.721450 0.340132
5 0.367121 0.152798 0.734241 0.305596
5 0.372749 0.170066 0.745498 0.340132
5 0.385370 0.170706 0.770739 0.341411
5 0.391547 0.154199 0.783095 0.308398
5 0.378927 0.153560 0.757853 0.307119
5 0.409598 0.138127 0.819197 0.276254
5 0.397846 0.138067 0.795693 0.276133
5 0.422147 0.139141 0.844294 0.278281
5 0.433817 0.138680 0.867635 0.277360
5 0.445155 0.139759 0.890310 0.279518
5 0.457455 0.140701 0.914909 0.281402
5 0.469090 0.140352 0.938180 0.280704
5 0.480857 0.139943 0.961714 0.279887
5 0.498709 0.156592 0.997418 0.313185
5 0.451048 0.155678 0.902097 0.311356
5 0.439533 0.155673 0.879067 0.311346
5 0.427450 0.154776 0.854901 0.309552
5 0.474918 0.155836 0.949837 0.311673
5 0.502658 0.156069 0.994683 0.312139
5 0.463162 0.155826 0.926325 0.311652
5 0.509136 0.141054 0.981728 0.282109
5 0.504890 0.140460 0.990221 0.280920
5 0.500809 0.139989 0.998383 0.279978
5 0.492956 0.140414 0.985912 0.280829
5 0.511215 0.126277 0.977571 0.252554
5 0.507178 0.125788 0.985644 0.251576
5 0.456938 0.171329 0.913877 0.342657
5 0.445423 0.171324 0.890847 0.342647
5 0.469052 0.171476 0.938105 0.342953
5 0.480808 0.171487 0.961617 0.342974
5 0.421740 0.171503 0.843479 0.343007
5 0.409119 0.170864 0.818238 0.341728
5 0.397471 0.170406 0.794941 0.340813
5 0.391021 0.186464 0.782042 0.372928
5 0.403122 0.186165 0.806245 0.372329
5 0.414771 0.186622 0.829541 0.373244
5 0.427391 0.187262 0.854783 0.374523
5 0.433155 0.171430 0.866310 0.342861
5 0.439406 0.186870 0.878813 0.373740
5 0.450822 0.186797 0.901644 0.373594
5 0.463090 0.186690 0.926180 0.373380
5 0.474605 0.186695 0.949210 0.373390
5 0.486659 0.187826 0.973319 0.375653
5 0.492633 0.172099 0.985266 0.344199
5 0.486493 0.156004 0.972986 0.312008
5 0.500634 0.172368 0.998731 0.344735
5 0.518864 0.156949 0.962272 0.313898
5 0.514722 0.157787 0.970557 0.315574
5 0.525261 0.140000 0.949477 0.280000
5 0.506675 0.156612 0.986650 0.313223
5 0.508670 0.173029 0.982660 0.346057
5 0.504637 0.172558 0.990726 0.345115
5 0.512577 0.172918 0.974845 0.345836
5 0.516658 0.173389 0.966683 0.346778
5 0.518574 0.188455 0.962852 0.376910
5 0.506548 0.188183 0.986904 0.376366
5 0.502545 0.187993 0.994910 0.375986
5 0.510581 0.188654 0.978838 0.377308
5 0.527049 0.156454 0.945902 0.312907
5 0.523041 0.156558 0.953918 0.313117
5 0.521113 0.140944 0.957773 0.281888
5 0.515264 0.126892 0.969472 0.253783
5 0.535145 0.155821 0.929711 0.311642
5 0.539235 0.156700 0.921530 0.313399
5 0.541284 0.140962 0.917432 0.281924
5 0.543388 0.125101 0.913224 0.250203
5 0.532969 0.172024 0.934062 0.344048
5 0.524793 0.172530 0.950415 0.345061
5 0.529289 0.140416 0.941421 0.280832
5 0.533337 0.140301 0.933326 0.280603
5 0.543190 0.157065 0.913620 0.314130
5 0.546982 0.187906 0.906036 0.375811
5 0.536762 0.202986 0.926477 0.405973
5 0.384179 0.202325 0.768358 0.404651
5 0.396681 0.202273 0.793362 0.404546
5 0.408624 0.202178 0.817248 0.404356
5 0.293459 0.186130 0.586919 0.372260
5 0.305449 0.186501 0.610897 0.373003
5 0.317614 0.186139 0.635227 0.372277
5 0.329571 0.186268 0.659141 0.372537
5 0.341520 0.186443 0.683040 0.372885
5 0.353974 0.185754 0.707949 0.371509
5 0.365998 0.185754 0.731996 0.371509
5 0.378904 0.186394 0.757808 0.372788
5 0.360008 0.201728 0.720016 0.403456
5 0.347794 0.202726 0.695588 0.405453
5 0.335530 0.202131 0.671059 0.404262
5 0.372273 0.201585 0.744547 0.403171
5 0.341615 0.217819 0.683230 0.435639
5 0.353879 0.218415 0.707759 0.436830
5 0.366093 0.217416 0.732186 0.434833
5 0.390264 0.218014 0.780528 0.436028
5 0.402766 0.217962 0.805532 0.435923
5 0.414709 0.217866 0.829419 0.435733
5 0.378454 0.217702 0.756907 0.435403
5 0.426625 0.217744 0.853250 0.435488
5 0.480318 0.202365 0.960636 0.404730
5 0.468803 0.202360 0.937606 0.404720
5 0.456535 0.202467 0.913070 0.404934
5 0.433104 0.202932 0.866209 0.405863
5 0.420484 0.202292 0.840968 0.404584
5 0.498169 0.218700 0.996338 0.437399
5 0.438899 0.218602 0.877798 0.437203
5 0.462329 0.218504 0.924659 0.437008
5 0.474598 0.218397 0.949195 0.436794
5 0.486113 0.218402 0.972225 0.436804
5 0.131694 0.198525 0.263388 0.397050
5 0.167657 0.199560 0.335314 0.399119
5 0.179671 0.199609 0.359342 0.399217
5 0.155469 0.198970 0.310938 0.397940
5 0.143459 0.198877 0.286919 0.397755
5 0.149130 0.183066 0.298260 0.366131
5 0.137121 0.182973 0.274241 0.365946
5 0.161318 0.183655 0.322637 0.367310
5 0.173332 0.183704 0.346665 0.367408
5 0.142831 0.136350 0.285663 0.272701
5 0.545034 0.172970 0.909932 0.345939
5 0.541079 0.172604 0.917842 0.345208
5 0.536989 0.171725 0.926023 0.343451
5 0.526601 0.219742 0.946798 0.439484
5 0.530620 0.219444 0.938760 0.438887
5 0.528668 0.204194 0.942664 0.408388
5 0.526683 0.187932 0.946633 0.375865
5 0.524616 0.203747 0.950767 0.407495
5 0.516471 0.204147 0.967059 0.408294
5 0.520522 0.204155 0.958955 0.408310
5 0.538944 0.187612 0.922111 0.375223
5 0.534860 0.187759 0.930280 0.375517
5 0.551208 0.156583 0.897585 0.313165
5 0.555171 0.125250 0.889659 0.250501
5 0.559338 0.125610 0.881325 0.251221
5 0.508264 0.234752 0.983471 0.469504
5 0.512333 0.234838 0.975333 0.469676
5 0.516306 0.235132 0.967388 0.470263
5 0.510428 0.219329 0.979143 0.438658
5 0.506410 0.218783 0.987179 0.437567
5 0.502375 0.219251 0.995250 0.438502
5 0.500453 0.234526 0.999095 0.469053
5 0.514204 0.250737 0.971592 0.501474
5 0.518176 0.251030 0.963647 0.502061
5 0.522264 0.250953 0.955472 0.501905
5 0.520393 0.235054 0.959213 0.470107
5 0.190956 0.199417 0.381912 0.398835
5 0.215190 0.200387 0.430379 0.400774
5 0.202803 0.200291 0.405606 0.400581
5 0.246252 0.185614 0.492504 0.371227
5 0.233865 0.185517 0.467731 0.371034