6 0.377153 0.392717 0.754306 0.394193
5 0.257827 0.498599 0.515654 0.495917
5 0.269146 0.499136 0.538293 0.496454
5 0.280627 0.499887 0.561254 0.497205
5 0.246936 0.497741 0.493873 0.495059
5 0.235617 0.499351 0.471234 0.496668
5 0.224297 0.498814 0.448594 0.496132
5 0.218359 0.476705 0.436717 0.474023
5 0.229678 0.477241 0.459357 0.474559
5 0.241202 0.476448 0.482404 0.473765
5 0.252347 0.476694 0.504694 0.474012
5 0.263769 0.478964 0.527538 0.476282
5 0.274842 0.479103 0.549683 0.476421
5 0.191176 0.498927 0.382351 0.496245
5 0.201799 0.498944 0.403599 0.496262
5 0.196709 0.477357 0.393417 0.474675
5 0.213119 0.499481 0.426238 0.496799
5 0.207637 0.477502 0.415274 0.474820
5 0.179954 0.499205 0.359907 0.496523
5 0.174537 0.476183 0.349074 0.473501
5 0.297296 0.476297 0.594592 0.473614
5 0.285943 0.477841 0.571885 0.475159
5 0.302337 0.498996 0.604674 0.496313
5 0.252620 0.519494 0.505240 0.516811
5 0.263511 0.520352 0.527021 0.517670
5 0.274830 0.520889 0.549660 0.518206
5 0.319388 0.522713 0.638776 0.520031
5 0.313915 0.498996 0.627830 0.496313
5 0.307976 0.476017 0.615952 0.473335
5 0.308069 0.522177 0.616137 0.519494
5 0.280351 0.542245 0.560703 0.539563
5 0.297144 0.522011 0.594289 0.519329
5 0.380751 0.502944 0.761502 0.500261
5 0.369371 0.501589 0.738742 0.498907
5 0.357951 0.500449 0.715902 0.497767
5 0.346507 0.498485 0.693015 0.495802
5 0.335339 0.501100 0.670677 0.498417
5 0.351429 0.523398 0.702857 0.520716
5 0.391678 0.503781 0.783356 0.501098
5 0.375446 0.523889 0.750891 0.521206
5 0.386364 0.524166 0.772729 0.521484
5 0.364448 0.526506 0.728897 0.523286
5 0.386675 0.480323 0.773350 0.477640
5 0.375174 0.478993 0.750347 0.476311
5 0.363958 0.476163 0.727915 0.473480
5 0.352537 0.475023 0.705075 0.472340
5 0.397666 0.481471 0.795331 0.478789
5 0.413414 0.504765 0.826827 0.502083
5 0.402405 0.504420 0.804809 0.501738
5 0.408082 0.525434 0.816165 0.522752
5 0.397073 0.525089 0.794146 0.522407
5 0.402423 0.545776 0.804846 0.543093
5 0.391168 0.546087 0.782335 0.543404
5 0.380131 0.545656 0.760261 0.542974
5 0.408657 0.484260 0.817313 0.481577
5 0.415136 0.464247 0.830272 0.461564
5 0.404391 0.461622 0.808783 0.458940
5 0.393155 0.457685 0.786309 0.455003
5 0.440934 0.485704 0.881868 0.483021
5 0.430214 0.486295 0.860427 0.483613
5 0.419155 0.486228 0.838310 0.483546
5 0.474630 0.482949 0.949260 0.480267
5 0.463450 0.482990 0.926901 0.480307
5 0.452392 0.484392 0.904784 0.481710
5 0.491524 0.461832 0.983048 0.459150
5 0.479977 0.459118 0.959954 0.456436
5 0.468643 0.459602 0.937286 0.456920
5 0.457185 0.460914 0.914370 0.458231
5 0.469305 0.506087 0.938609 0.503404
5 0.458217 0.506494 0.916434 0.503812
5 0.447159 0.505509 0.894317 0.502827
5 0.430413 0.526835 0.860825 0.524152
5 0.452817 0.526589 0.905635 0.523907
5 0.491655 0.506087 0.983311 0.503404
5 0.480158 0.506494 0.960315 0.503812
5 0.474773 0.527275 0.949546 0.524593
5 0.507036 0.508136 0.985928 0.505454
5 0.504971 0.528739 0.990059 0.526057
5 0.508989 0.487394 0.982023 0.484712
5 0.505156 0.487802 0.989688 0.485119
5 0.503400 0.466109 0.993199 0.463427
5 0.516614 0.484950 0.966771 0.482268
5 0.518468 0.505285 0.963064 0.502603
5 0.531373 0.524643 0.937253 0.521961
5 0.575551 0.598351 0.848898 0.595669
5 0.571613 0.598917 0.856774 0.596235
5 0.567414 0.600411 0.865171 0.597728
5 0.565540 0.579184 0.868920 0.576501
5 0.569474 0.579342 0.861053 0.576660
5 0.562134 0.534671 0.875732 0.531988
5 0.558287 0.533934 0.883427 0.531252
5 0.551625 0.481737 0.896749 0.479054
5 0.575689 0.636716 0.848622 0.634034
5 0.573550 0.617141 0.852900 0.614459
5 0.552265 0.559645 0.895470 0.556963
5 0.556188 0.557234 0.887624 0.554551
5 0.560004 0.556117 0.879993 0.553434
5 0.179908 0.453853 0.359816 0.451171
5 0.190836 0.453999 0.381673 0.451316
5 0.130327 0.478323 0.260654 0.475641
5 0.141766 0.477155 0.283532 0.474472
5 0.131186 0.519068 0.262371 0.516386
5 0.158090 0.455489 0.316180 0.452807
5 0.163893 0.476349 0.327785 0.473667
5 0.147059 0.456427 0.294119 0.453745
5 0.136591 0.539299 0.273182 0.536617
5 0.142150 0.518759 0.284301 0.516077
5 0.191073 0.542446 0.382146 0.539764
5 0.185733 0.520197 0.371467 0.517514
5 0.546220 0.505948 0.907560 0.503265
5 0.542265 0.507367 0.915469 0.504685
5 0.530402 0.461710 0.939195 0.459028
5 0.528306 0.481206 0.943388 0.478524
5 0.335044 0.448878 0.670088 0.446196
5 0.346464 0.450018 0.692928 0.447336
5 0.358161 0.450542 0.716321 0.447860
5 0.330468 0.476017 0.660935 0.473335
5 0.319115 0.476104 0.638230 0.473422
5 0.291283 0.499957 0.582566 0.497274
5 0.302356 0.543443 0.604713 0.540761
5 0.364448 0.568688 0.728897 0.565469
5 0.357229 0.546247 0.714457 0.543565
5 0.246822 0.454493 0.493643 0.451811
5 0.258481 0.457220 0.516962 0.456162
5 0.235374 0.452581 0.470748 0.449899
5 0.202011 0.453496 0.404021 0.450814
5 0.218851 0.521050 0.437703 0.518368
5 0.202363 0.541623 0.404727 0.538941
5 0.555383 0.483726 0.889235 0.481043
5 0.532133 0.480165 0.935735 0.477483