5 0.306457 0.140632 0.612913 0.281263
5 0.268326 0.140530 0.536651 0.281059
5 0.221647 0.141229 0.443294 0.282458
5 0.227859 0.156340 0.455718 0.312681
5 0.351774 0.136639 0.703548 0.273279
5 0.310869 0.156706 0.621739 0.313413
5 0.381192 0.151243 0.762383 0.302486
5 0.374888 0.167003 0.749776 0.334005
5 0.287263 0.186526 0.574526 0.373053
5 0.275490 0.186291 0.550980 0.372582
5 0.299226 0.185416 0.598453 0.370831
5 0.293329 0.201171 0.586659 0.402342
5 0.305185 0.200906 0.610371 0.401812
5 0.316899 0.200045 0.633797 0.400091
5 0.328819 0.199670 0.657638 0.399340
5 0.369786 0.213939 0.739572 0.427879
5 0.381310 0.213645 0.762621 0.427291
5 0.393294 0.213365 0.786587 0.426729
5 0.375264 0.198167 0.750527 0.396334
5 0.387355 0.197873 0.774709 0.395746
5 0.381245 0.182206 0.762490 0.364412
5 0.410777 0.196551 0.821554 0.393102
5 0.404984 0.212701 0.809969 0.425402
5 0.416716 0.212042 0.833432 0.424085
5 0.452064 0.211185 0.904128 0.422370
5 0.440251 0.211231 0.880502 0.422463
5 0.428560 0.211895 0.857120 0.423790
5 0.434356 0.196344 0.868712 0.392687
5 0.446047 0.195680 0.892094 0.391360
5 0.427989 0.180180 0.855977 0.360360
5 0.440088 0.179761 0.880175 0.359522
5 0.451901 0.179715 0.903802 0.359430
5 0.487576 0.210083 0.975151 0.420166
5 0.475762 0.210129 0.951525 0.420259
5 0.464072 0.210793 0.928143 0.421586
5 0.501152 0.193786 0.997696 0.387571
5 0.493032 0.193832 0.986064 0.387664
5 0.481341 0.194496 0.962682 0.388991
5 0.498750 0.178392 0.997501 0.356784
5 0.481881 0.226170 0.963762 0.452339
5 0.493580 0.225780 0.987160 0.451560
5 0.411245 0.228109 0.822491 0.456217
5 0.422977 0.227450 0.845954 0.454901
5 0.434821 0.227303 0.869642 0.454606
5 0.446512 0.226639 0.893024 0.453278
5 0.458325 0.226153 0.916650 0.452306
5 0.452358 0.241854 0.904715 0.483708
5 0.464365 0.241462 0.928730 0.482924
5 0.475958 0.241679 0.951916 0.483357
5 0.510936 0.209304 0.978128 0.418609
5 0.514661 0.177925 0.970678 0.355850
5 0.522738 0.208058 0.954523 0.416117
5 0.514951 0.239832 0.970098 0.479663
5 0.509102 0.254628 0.981797 0.509256
5 0.518767 0.176914 0.962466 0.353829
5 0.524766 0.223397 0.950469 0.446794
5 0.522873 0.239276 0.954254 0.478552
5 0.532689 0.221087 0.934622 0.442174
5 0.446672 0.257792 0.893344 0.515585
5 0.458679 0.257400 0.917359 0.514800
5 0.470272 0.257617 0.940545 0.515234
5 0.429522 0.273591 0.859045 0.547181
5 0.441436 0.273618 0.882873 0.547236
5 0.453123 0.273415 0.906245 0.546831
5 0.364007 0.229039 0.728014 0.458077
5 0.375625 0.229024 0.751249 0.458049
5 0.387608 0.228744 0.775216 0.457487
5 0.382089 0.244278 0.764178 0.488556
5 0.393707 0.244263 0.787413 0.488527
5 0.405690 0.243983 0.811380 0.487966
5 0.515060 0.270252 0.969879 0.540505
5 0.511161 0.270642 0.977679 0.541283
5 0.509355 0.286220 0.981289 0.572440
5 0.513255 0.285831 0.973490 0.571661
5 0.530906 0.329673 0.938188 0.659345
5 0.527011 0.329875 0.945978 0.659751
5 0.523098 0.330290 0.953803 0.660579
5 0.534813 0.328789 0.930375 0.657578
5 0.540663 0.313507 0.918675 0.627014
5 0.476817 0.302828 0.953633 0.605657
5 0.488556 0.302917 0.977112 0.605834
5 0.500000 0.302646 1.000000 0.605292
5 0.503539 0.302160 0.992921 0.604319
5 0.471055 0.318149 0.942110 0.636297
5 0.482794 0.318237 0.965589 0.636474
5 0.558904 0.416917 0.882193 0.833835
5 0.554997 0.417801 0.890006 0.835602
5 0.551102 0.418004 0.897796 0.836007
5 0.547084 0.419079 0.905831 0.838158
5 0.545154 0.403590 0.909693 0.807180
5 0.543076 0.388857 0.913849 0.777713
5 0.553075 0.433398 0.893851 0.866796
5 0.560840 0.433209 0.878320 0.866419
5 0.566771 0.416479 0.866457 0.832957
5 0.564849 0.432076 0.870302 0.864152
5 0.570899 0.415074 0.858202 0.830147
5 0.572821 0.399476 0.854357 0.798952
5 0.568795 0.430677 0.862411 0.861354
5 0.562891 0.448027 0.874218 0.896054
5 0.567026 0.447609 0.865949 0.895218
5 0.570932 0.446725 0.858136 0.893451
5 0.569015 0.463055 0.861971 0.926110
5 0.572921 0.462172 0.854158 0.924343
5 0.550992 0.449666 0.898016 0.899332
5 0.555033 0.449687 0.889935 0.899375
5 0.558946 0.448866 0.882107 0.897732
5 0.552981 0.464967 0.894038 0.929935
5 0.557022 0.464989 0.885957 0.929978
5 0.560935 0.464167 0.878129 0.928335
5 0.564880 0.463328 0.870240 0.926657
5 0.399795 0.259442 0.799590 0.518885
5 0.411527 0.258784 0.823054 0.517568
5 0.423371 0.258637 0.846742 0.517273
5 0.435062 0.257973 0.870123 0.515946
5 0.476264 0.272259 0.952528 0.544519
5 0.488271 0.271867 0.976543 0.543734
5 0.499942 0.271039 0.999883 0.542079
5 0.435325 0.288445 0.870649 0.576890
5 0.447239 0.288472 0.894478 0.576945
5 0.458925 0.288270 0.917850 0.576539
5 0.429909 0.303880 0.859818 0.607760
5 0.441823 0.303907 0.883646 0.607814
5 0.453509 0.303704 0.907019 0.607409
5 0.240131 0.186629 0.480263 0.373259