5 0.339646 0.504735 0.341225 0.500710
5 0.321338 0.512311 0.322443 0.506866
5 0.307292 0.500947 0.305240 0.498106
5 0.298611 0.488163 0.297980 0.482481
5 0.315972 0.489110 0.315341 0.480350
5 0.331282 0.483665 0.328125 0.477509
5 0.353220 0.500710 0.349905 0.496686
5 0.367582 0.505919 0.367109 0.500710
5 0.374842 0.520123 0.372475 0.516335
5 0.330808 0.520123 0.329861 0.518466
5 0.297980 0.518703 0.295928 0.517045
5 0.317393 0.530303 0.316761 0.522491
5 0.266730 0.515388 0.260574 0.514205
5 0.284407 0.526042 0.284249 0.519886
5 0.291193 0.507102 0.290878 0.500710
5 0.290562 0.459754 0.289773 0.458097
5 0.339356 0.471695 0.339199 0.464593
5 0.389678 0.517519 0.393308 0.515862
5 0.244659 0.547888 0.246238 0.542206
5 0.236900 0.610085 0.238636 0.607955
5 0.225221 0.594460 0.222696 0.591856
5 0.222633 0.553201 0.220266 0.550834
5 0.256471 0.560133 0.256313 0.558949
5 0.244476 0.497396 0.243213 0.496449
5 0.229640 0.547822 0.231534 0.542377
5 0.449968 0.489583 0.449968 0.483191
5 0.417771 0.482955 0.416193 0.478220
5 0.434659 0.482718 0.433239 0.479640
5 0.439867 0.466146 0.439710 0.459517
5 0.371054 0.489110 0.370896 0.483191
5 0.360322 0.530303 0.360322 0.518466
5 0.339610 0.540483 0.338505 0.538352
5 0.346907 0.530303 0.345802 0.520597
5 0.523043 0.454309 0.524937 0.448153
5 0.470608 0.458448 0.468083 0.454661
5 0.678109 0.465909 0.643782 0.459991
5 0.681739 0.471591 0.636521 0.466146
5 0.668955 0.441998 0.662090 0.439867
5 0.659476 0.448153 0.659476 0.442235
5 0.700560 0.462831 0.598879 0.459517
5 0.714765 0.470407 0.570470 0.468750
5 0.723248 0.458333 0.553504 0.455019
5 0.728575 0.471591 0.542850 0.468513
5 0.740333 0.477509 0.519334 0.473958
5 0.747966 0.476970 0.504069 0.472709
5 0.743744 0.483362 0.512513 0.476733
5 0.737966 0.458807 0.524069 0.454782
5 0.749250 0.459517 0.501499 0.453598
5 0.749211 0.413116 0.501578 0.407434
5 0.744121 0.416903 0.511758 0.412879
5 0.738163 0.410748 0.523674 0.407670