5 0.150529 0.164299 0.301057 0.328598
5 0.151121 0.156191 0.302241 0.312382
5 0.148516 0.144946 0.297033 0.289891
5 0.152013 0.189306 0.304026 0.378612
5 0.141181 0.190193 0.282363 0.380385
5 0.139244 0.185192 0.278488 0.370384
5 0.158469 0.204398 0.316938 0.408796
5 0.169375 0.205063 0.338750 0.410126
5 0.163755 0.219933 0.327511 0.439867
5 0.203756 0.128433 0.407513 0.256866
5 0.249223 0.139146 0.498446 0.278292
5 0.265311 0.153350 0.530621 0.306701
5 0.271097 0.139407 0.542194 0.278814
5 0.282715 0.139146 0.565430 0.278292
5 0.276668 0.154460 0.553335 0.308920
5 0.287816 0.154459 0.575632 0.308919
5 0.298888 0.155570 0.597777 0.311140
5 0.293539 0.137369 0.587078 0.274739
5 0.335967 0.130712 0.671933 0.261424
5 0.323050 0.166667 0.646100 0.333335
5 0.348541 0.167332 0.697082 0.334664
5 0.246151 0.170662 0.492302 0.341325
5 0.257440 0.169996 0.514880 0.339991
5 0.263091 0.185976 0.526183 0.371951
5 0.243171 0.153794 0.486342 0.307589
5 0.226553 0.134040 0.453106 0.268081
5 0.384815 0.181316 0.769631 0.362631
5 0.389080 0.130934 0.778161 0.261868
5 0.400544 0.131156 0.801088 0.262312
5 0.446628 0.130046 0.893256 0.260092
5 0.474195 0.149384 0.948390 0.298769
5 0.452443 0.177099 0.904887 0.354197
5 0.466854 0.144770 0.933709 0.289540
5 0.494988 0.144028 0.982547 0.288056
5 0.556565 0.138036 0.886870 0.276072
5 0.553297 0.138923 0.893407 0.277846
5 0.554592 0.156236 0.890815 0.312472
5 0.550631 0.155125 0.898737 0.310250
5 0.549124 0.139812 0.901753 0.279624
5 0.540722 0.168221 0.918557 0.336442
5 0.533515 0.172882 0.932970 0.345763
5 0.530333 0.157789 0.939334 0.315577
5 0.569638 0.149134 0.860724 0.298267
5 0.568165 0.134040 0.863669 0.268081
5 0.563908 0.134485 0.872184 0.268970
5 0.566127 0.150909 0.867745 0.301818
5 0.562884 0.165780 0.874231 0.331561
5 0.566871 0.167111 0.866257 0.334222
5 0.575927 0.167333 0.848147 0.334666
5 0.579982 0.166888 0.840037 0.333777
5 0.573289 0.149133 0.853421 0.298265
5 0.577572 0.151797 0.844855 0.303594
5 0.575727 0.134928 0.848546 0.269856
5 0.571885 0.131599 0.856231 0.263198
5 0.576863 0.185310 0.846274 0.370620
5 0.582812 0.206173 0.834377 0.412346
5 0.587240 0.207504 0.825520 0.415009
5 0.586162 0.187308 0.827676 0.374616