6 0.166536 0.549062 0.169072 0.566815
4 0.576862 0.378078 0.571338 0.379498
5 0.266572 0.581913 0.269729 0.580492
5 0.260417 0.602273 0.264047 0.599905
5 0.272254 0.619555 0.273990 0.617188
5 0.256361 0.617057 0.258097 0.613980
5 0.237216 0.621449 0.241793 0.615767
5 0.226799 0.638731 0.232008 0.639441
4 0.200126 0.613163 0.203914 0.623816
5 0.225537 0.657197 0.228378 0.652936
5 0.268466 0.596828 0.270044 0.599195
5 0.296118 0.590518 0.295802 0.586257
5 0.307955 0.600616 0.309375 0.598958
5 0.330737 0.579782 0.333105 0.577178
5 0.340609 0.561080 0.342030 0.562027
5 0.361111 0.563447 0.364899 0.561790
5 0.381210 0.543414 0.387208 0.541047
5 0.376784 0.562737 0.380730 0.559186
5 0.366162 0.542850 0.370107 0.541667
5 0.395202 0.543324 0.398832 0.542850
5 0.406092 0.542850 0.413037 0.544744
5 0.424400 0.544981 0.431187 0.542614
5 0.447301 0.541667 0.447617 0.534801
5 0.440499 0.558949 0.440657 0.553267
5 0.425663 0.559422 0.425979 0.553504
5 0.454072 0.559896 0.455335 0.554451
5 0.465278 0.563920 0.469539 0.561080
5 0.483428 0.561080 0.484375 0.559422
5 0.506787 0.564867 0.510101 0.563684
5 0.518466 0.561553 0.524306 0.561316
5 0.538984 0.562737 0.541667 0.560606
5 0.570707 0.559659 0.572285 0.553741
5 0.548453 0.541903 0.548769 0.538352
5 0.574021 0.562263 0.576073 0.563920
5 0.593072 0.564547 0.596229 0.563363
5 0.613624 0.559339 0.613940 0.553894
5 0.624211 0.564631 0.626578 0.562737
5 0.634943 0.536932 0.633996 0.530303
5 0.640941 0.544508 0.647254 0.544744
5 0.647412 0.563447 0.653251 0.564631
5 0.667469 0.561553 0.665061 0.559422
5 0.662405 0.543797 0.664141 0.541667
5 0.648990 0.525568 0.653725 0.526515
5 0.664812 0.525095 0.670376 0.523911
5 0.668442 0.525805 0.663116 0.526989
5 0.669943 0.542896 0.660114 0.545026
5 0.675759 0.544638 0.648481 0.543218
5 0.680363 0.543666 0.639273 0.543193
5 0.686158 0.544034 0.627683 0.541903
5 0.689157 0.559659 0.621686 0.553504
5 0.672743 0.564394 0.654514 0.562737
5 0.670178 0.561553 0.659643 0.559186
5 0.700915 0.553030 0.598169 0.549479
5 0.695786 0.562737 0.608428 0.560133
5 0.702928 0.563920 0.594145 0.559659
5 0.704190 0.564631 0.591619 0.563684
5 0.709991 0.564157 0.580019 0.562500
5 0.711569 0.566525 0.576862 0.564631
5 0.717921 0.562263 0.564157 0.559659
5 0.712989 0.546875 0.574021 0.546638
5 0.723722 0.541903 0.552557 0.535748
5 0.725300 0.545691 0.549400 0.541903
5 0.728062 0.564394 0.543876 0.561553
5 0.725497 0.581439 0.549006 0.579309
5 0.743687 0.565104 0.512626 0.563210
5 0.734257 0.530540 0.531487 0.528883
5 0.735638 0.549242 0.528725 0.547822
5 0.725458 0.619555 0.549085 0.615294
5 0.728062 0.620975 0.543876 0.617424
5 0.724669 0.598958 0.550663 0.601799
5 0.712003 0.600616 0.575994 0.602036
5 0.713068 0.583333 0.573864 0.580966
5 0.716738 0.601010 0.566524 0.599590