6 0.458661 0.287156 0.454232 0.290108
5 0.693979 0.488292 0.612042 0.481474
5 0.697910 0.485893 0.604181 0.479075
5 0.701885 0.488292 0.596230 0.481474
5 0.691736 0.520404 0.616528 0.513586
5 0.695911 0.513076 0.608178 0.506258
5 0.699908 0.514275 0.600183 0.507457
5 0.708125 0.520937 0.583750 0.514119
5 0.704061 0.520804 0.591878 0.513986
5 0.689826 0.542923 0.620348 0.536105
5 0.693823 0.542124 0.612353 0.535306
5 0.697887 0.542657 0.604225 0.535839
5 0.702040 0.542923 0.595919 0.536105
5 0.706215 0.543456 0.587569 0.536638
5 0.687716 0.565309 0.624568 0.558491
5 0.691780 0.564909 0.616440 0.558091
5 0.695733 0.564509 0.608534 0.557691
5 0.699886 0.564776 0.600228 0.557958
5 0.704061 0.565309 0.591878 0.558491
5 0.683519 0.565176 0.632962 0.558357
5 0.705820 0.490313 0.588359 0.483495
5 0.710430 0.493823 0.579141 0.487005
5 0.714844 0.488398 0.570312 0.481580
5 0.721210 0.517368 0.557580 0.510550
5 0.717272 0.519307 0.565456 0.512548
5 0.725234 0.519681 0.549532 0.512862
5 0.719237 0.483974 0.561527 0.477156
5 0.727269 0.493039 0.545462 0.486221
5 0.718805 0.544749 0.562390 0.537931
5 0.714473 0.544472 0.571055 0.537654
5 0.731211 0.542062 0.537578 0.535244
5 0.727154 0.542454 0.545693 0.535636
5 0.729313 0.519419 0.541373 0.512601
5 0.733371 0.519026 0.533259 0.512208
5 0.712367 0.565995 0.575266 0.559177
5 0.708192 0.565462 0.583616 0.558644
5 0.710224 0.586416 0.579552 0.579598
5 0.706049 0.585883 0.587902 0.579065
5 0.701918 0.585730 0.596164 0.578912
5 0.743393 0.541892 0.513214 0.535074
5 0.739336 0.542285 0.521328 0.535467
5 0.735257 0.542546 0.529487 0.535728
5 0.745614 0.517766 0.508772 0.510948
5 0.741526 0.516898 0.516947 0.510080
5 0.737387 0.519500 0.525226 0.512682
5 0.739672 0.492019 0.520655 0.485201
5 0.735483 0.494818 0.529034 0.488000
5 0.731446 0.493754 0.537109 0.486936
5 0.743807 0.490186 0.512385 0.483368
5 0.747759 0.491530 0.504482 0.484712
5 0.747574 0.542152 0.504853 0.535334
5 0.745587 0.467785 0.508826 0.460967
5 0.741375 0.465672 0.517251 0.458854
5 0.733074 0.462001 0.533852 0.455183
5 0.644600 0.543082 0.646392 0.536264
5 0.660960 0.541713 0.662752 0.534895
5 0.669089 0.543137 0.661823 0.536319
5 0.673220 0.543059 0.653559 0.536241
5 0.666920 0.565210 0.666160 0.558392
5 0.653112 0.564970 0.654904 0.558152
5 0.671217 0.565025 0.657567 0.558207
5 0.675348 0.564947 0.649303 0.558129
5 0.661338 0.585571 0.663130 0.578752
5 0.668977 0.585811 0.662047 0.578993
5 0.673273 0.585626 0.653454 0.578808
5 0.677405 0.585548 0.645190 0.578730
5 0.685649 0.585977 0.628703 0.579159
5 0.681517 0.586055 0.636966 0.579237
5 0.670771 0.512802 0.658459 0.505984
5 0.666764 0.518352 0.666472 0.511534
5 0.652734 0.518108 0.654526 0.511290
5 0.636875 0.517975 0.638667 0.511157
5 0.672612 0.483511 0.654775 0.476693
5 0.668767 0.483696 0.662467 0.476878
5 0.660674 0.485168 0.662466 0.478350
5 0.644243 0.487718 0.646035 0.480899
5 0.628314 0.484859 0.630106 0.478041
5 0.612175 0.484953 0.613967 0.478135
5 0.579089 0.487104 0.580881 0.480286
5 0.595848 0.486149 0.597639 0.479331
5 0.562148 0.493658 0.563940 0.486840
5 0.553640 0.517345 0.555432 0.510527
5 0.570197 0.517460 0.571989 0.510642
5 0.587109 0.516045 0.588901 0.509227
5 0.603360 0.515193 0.605152 0.508375
5 0.621109 0.519239 0.622901 0.512421
5 0.561995 0.540341 0.563787 0.533523
5 0.578169 0.540686 0.579961 0.533868
5 0.595234 0.541341 0.597026 0.534523
5 0.621067 0.461611 0.622859 0.454793
5 0.637931 0.455517 0.639723 0.448699
5 0.598071 0.432866 0.599863 0.426048
5 0.580440 0.433211 0.582232 0.426393
5 0.607359 0.406100 0.609151 0.399282
5 0.589973 0.406812 0.591765 0.399994
5 0.631395 0.429321 0.633187 0.422503
5 0.662275 0.433355 0.664067 0.426537
5 0.623818 0.405611 0.625610 0.398793
5 0.599619 0.383979 0.601411 0.377161
5 0.582346 0.386546 0.584137 0.379728
5 0.564665 0.388623 0.566457 0.381805
5 0.495884 0.486050 0.497676 0.479232
5 0.528797 0.491799 0.530589 0.484981
5 0.545556 0.490844 0.547348 0.484026
5 0.536244 0.462498 0.538036 0.455680
5 0.553218 0.463324 0.555010 0.456506
5 0.521489 0.516907 0.523281 0.510089
5 0.504407 0.515434 0.506199 0.508616
5 0.538082 0.518750 0.539874 0.511932
5 0.496852 0.538907 0.498644 0.532089
5 0.513179 0.539409 0.514971 0.532591
5 0.529772 0.541252 0.531564 0.534434
5 0.505137 0.561947 0.506929 0.555129
5 0.521621 0.561924 0.523413 0.555106
5 0.538014 0.562071 0.539806 0.555253
5 0.554503 0.561863 0.556295 0.555045
5 0.513450 0.582696 0.515242 0.575878
5 0.529668 0.582374 0.531460 0.575556
5 0.546460 0.582222 0.548252 0.575404
5 0.562550 0.582313 0.564342 0.575495
5 0.596083 0.583660 0.597875 0.576842
5 0.579018 0.583960 0.580810 0.577141
5 0.586685 0.563136 0.588477 0.556318
5 0.620949 0.564241 0.622740 0.557423
5 0.628128 0.541654 0.629920 0.534836
5 0.636990 0.564622 0.638782 0.557804
5 0.628718 0.585334 0.630510 0.578516
5 0.428150 0.533018 0.429942 0.526200
5 0.446274 0.536289 0.448066 0.529471
5 0.472716 0.560986 0.474508 0.554168
5 0.480865 0.538063 0.482657 0.531245
5 0.463883 0.537586 0.465675 0.530768
5 0.488596 0.561457 0.490388 0.554639
5 0.489217 0.516968 0.490203 0.510014
5 0.472551 0.510600 0.473537 0.503646
5 0.455256 0.507299 0.456241 0.500344
5 0.437961 0.506709 0.438946 0.499754
5 0.416702 0.563766 0.421771 0.560029
5 0.439019 0.560637 0.440811 0.553819
5 0.455833 0.561127 0.457625 0.554309
5 0.415426 0.507718 0.420496 0.503981
5 0.408044 0.483248 0.413114 0.479512
5 0.398201 0.506351 0.403271 0.502614
5 0.355594 0.531579 0.360664 0.527842
5 0.376978 0.528101 0.378770 0.521283
5 0.387498 0.558329 0.389290 0.551511
5 0.399442 0.562716 0.404512 0.558979
5 0.365488 0.558155 0.370558 0.554418
5 0.392047 0.583992 0.397117 0.580255
5 0.430631 0.581168 0.432423 0.574350
5 0.447375 0.581658 0.449167 0.574840
5 0.464257 0.581517 0.466049 0.574699
5 0.480917 0.582095 0.482709 0.575277
5 0.497312 0.582342 0.499104 0.575524
5 0.408527 0.584297 0.413597 0.580560
5 0.386389 0.503691 0.388181 0.496873
5 0.379429 0.478398 0.381221 0.471580
5 0.363449 0.480457 0.365241 0.473639
5 0.346784 0.479869 0.348576 0.473051
5 0.330216 0.479575 0.332008 0.472757
5 0.321393 0.456782 0.323185 0.449964
5 0.330510 0.435460 0.332302 0.428642
5 0.347078 0.435754 0.348870 0.428936
5 0.356195 0.412667 0.357987 0.405849
5 0.339431 0.413843 0.341223 0.407025
5 0.329628 0.393992 0.331420 0.387174
5 0.397173 0.430607 0.398965 0.423789
5 0.400898 0.366052 0.402690 0.359234
5 0.315087 0.553875 0.320157 0.550138
5 0.332205 0.553697 0.337274 0.549960
5 0.281328 0.552627 0.286398 0.548890
5 0.307004 0.529982 0.312074 0.526245
5 0.255652 0.527129 0.260722 0.523392
5 0.281380 0.595928 0.286450 0.592191
5 0.299451 0.599354 0.304521 0.595617
5 0.321923 0.597328 0.323715 0.590509
5 0.230699 0.593540 0.235769 0.589803
5 0.247668 0.594763 0.252738 0.591027
5 0.292465 0.620648 0.297535 0.616911
5 0.274500 0.618971 0.279570 0.615235
5 0.314194 0.618621 0.315986 0.611803
5 0.273962 0.484490 0.279032 0.480753
5 0.283144 0.460986 0.288214 0.457249
5 0.291468 0.483021 0.296538 0.479284
4 0.711122 0.352485 0.577756 0.354331
5 0.743732 0.327188 0.512536 0.320370
5 0.739717 0.325641 0.520567 0.318823
4 0.677135 0.359403 0.645730 0.367556
5 0.704373 0.342086 0.591253 0.335268
5 0.706624 0.322320 0.586753 0.316655
5 0.702842 0.318690 0.594316 0.313024
5 0.710372 0.320505 0.579256 0.314840
5 0.714591 0.321009 0.570819 0.315344
5 0.718574 0.322724 0.562852 0.316957
5 0.711927 0.303747 0.576146 0.298704
5 0.692405 0.338657 0.615191 0.332992
5 0.698758 0.316673 0.602484 0.311007
5 0.681598 0.322344 0.636804 0.315526
5 0.603173 0.342012 0.604965 0.335194
5 0.585900 0.342391 0.587692 0.335573
5 0.575055 0.365904 0.576847 0.359086
5 0.503239 0.342022 0.505031 0.335204
5 0.520016 0.343861 0.521808 0.337043
5 0.536686 0.344609 0.538478 0.337791
5 0.495108 0.322017 0.496900 0.315199
5 0.493401 0.362090 0.495193 0.355272
5 0.521183 0.340821 0.522975 0.334003
5 0.700497 0.338298 0.599005 0.331480
5 0.726893 0.324793 0.546214 0.317975
5 0.728872 0.304015 0.542256 0.297197
5 0.720538 0.345447 0.558924 0.338629
5 0.718314 0.362102 0.563372 0.356336
5 0.747716 0.326711 0.504568 0.320944
5 0.749433 0.302702 0.501134 0.295884
5 0.324826 0.578618 0.329895 0.574882
5 0.341089 0.579733 0.346159 0.575996
5 0.363733 0.577576 0.365525 0.570758
5 0.381017 0.578713 0.382808 0.571895
5 0.350802 0.603044 0.355872 0.599307
5 0.372906 0.600563 0.374698 0.593745
5 0.326735 0.622956 0.331805 0.619219
5 0.348516 0.619827 0.350308 0.613009
5 0.365152 0.620479 0.366944 0.613661
5 0.376291 0.625272 0.381361 0.621535
5 0.306100 0.639504 0.307892 0.632686
5 0.392803 0.625919 0.397873 0.622183
5 0.400629 0.604644 0.405699 0.600907
5 0.417889 0.605694 0.422959 0.601957
5 0.673131 0.359388 0.653737 0.353723
5 0.671158 0.338844 0.657683 0.333179
5 0.668924 0.318649 0.662152 0.312983
5 0.673364 0.319171 0.653273 0.313506
5 0.677484 0.323349 0.645032 0.317684
5 0.679805 0.342501 0.640389 0.336835
5 0.677426 0.360433 0.645148 0.354768
5 0.643811 0.356080 0.645005 0.350415
5 0.627097 0.359214 0.628291 0.353549
5 0.612240 0.319171 0.613434 0.313506
5 0.593321 0.359737 0.594515 0.354071
5 0.609455 0.360085 0.610649 0.354419
5 0.616999 0.377843 0.618193 0.372178
5 0.652051 0.379584 0.653245 0.373919
5 0.660524 0.318301 0.661718 0.312635
5 0.669719 0.406992 0.660563 0.401327
5 0.653757 0.452672 0.654951 0.447007
5 0.588475 0.462643 0.590267 0.455825