6 0.346749 0.309659 0.342330 0.309186
5 0.234691 0.437737 0.236742 0.439394
5 0.230271 0.432055 0.230429 0.424242
5 0.208018 0.438210 0.210543 0.436553
5 0.202178 0.457386 0.205335 0.453835
5 0.199495 0.465436 0.198706 0.461884
5 0.182292 0.471117 0.182923 0.467093
5 0.228220 0.478456 0.231850 0.471591
5 0.196812 0.496922 0.202020 0.497869
5 0.237058 0.397017 0.243213 0.396307
5 0.260574 0.380919 0.254577 0.379498
5 0.248737 0.420218 0.253314 0.417614
5 0.231376 0.397491 0.228535 0.399858
5 0.300505 0.365767 0.298611 0.361742
5 0.292929 0.348722 0.294823 0.353930
5 0.387153 0.338068 0.389836 0.336648
5 0.434975 0.336884 0.434975 0.330966
5 0.437500 0.338068 0.439710 0.341383
5 0.463226 0.348485 0.463068 0.360322
5 0.483241 0.367994 0.489712 0.365153
5 0.492424 0.360322 0.493529 0.365767
5 0.522096 0.360322 0.521149 0.351089
5 0.500029 0.342566 0.500818 0.343513
5 0.488794 0.326941 0.486742 0.330492
5 0.482955 0.337831 0.482639 0.330966
5 0.453914 0.338778 0.456282 0.343040
5 0.444760 0.354877 0.443497 0.348011
5 0.559501 0.359612 0.563763 0.354167
5 0.614426 0.313684 0.613321 0.312737
5 0.569918 0.331203 0.570549 0.325047
5 0.639994 0.347775 0.640152 0.336884
5 0.629893 0.328598 0.631944 0.324811
5 0.636206 0.327888 0.641256 0.331203
5 0.672388 0.326705 0.655224 0.330256
5 0.666114 0.343987 0.667771 0.344934
5 0.661774 0.328125 0.663352 0.325047
5 0.709991 0.330966 0.580019 0.324811
5 0.717487 0.334517 0.565025 0.330966
5 0.736664 0.338305 0.526673 0.339962
5 0.744383 0.388881 0.511235 0.387934
5 0.740688 0.361032 0.518624 0.360085
5 0.743805 0.340199 0.512390 0.340199
5 0.710977 0.406960 0.578046 0.401515
5 0.559888 0.381435 0.561624 0.384040
5 0.589331 0.357955 0.595328 0.354403
5 0.443024 0.319129 0.443024 0.313447
5 0.180082 0.533144 0.184501 0.535748
5 0.197759 0.512784 0.199968 0.506866
5 0.171559 0.530066 0.174085 0.525331
5 0.160482 0.645307 0.166322 0.645307
5 0.155004 0.643629 0.149728 0.648151