5 0.290311 0.123823 0.291645 0.247646
5 0.272836 0.123668 0.274171 0.247336
5 0.255654 0.123696 0.256988 0.247392
5 0.238646 0.123771 0.239980 0.247542
5 0.221558 0.123445 0.222892 0.246889
5 0.204510 0.123466 0.205844 0.246931
5 0.187213 0.123542 0.188548 0.247085
5 0.230772 0.140657 0.232106 0.281314
5 0.196636 0.140352 0.197970 0.280703
5 0.179339 0.140428 0.180674 0.280857
5 0.190047 0.189988 0.191381 0.379975
5 0.172750 0.190065 0.174085 0.380129
5 0.171055 0.156853 0.172390 0.313706
5 0.188352 0.156776 0.189686 0.313553
5 0.162115 0.140152 0.163449 0.280303
5 0.153831 0.156576 0.155165 0.313153
5 0.145957 0.173462 0.147291 0.346925
5 0.118271 0.124035 0.119605 0.248071
5 0.135349 0.123799 0.136683 0.247598
5 0.153093 0.123236 0.154427 0.246472
5 0.144996 0.140035 0.146330 0.280070
5 0.127252 0.140597 0.128586 0.281195
5 0.118419 0.156923 0.119753 0.313845
5 0.136163 0.156360 0.137497 0.312720
5 0.163497 0.173621 0.164831 0.347242
5 0.180793 0.173544 0.182127 0.347088
5 0.128776 0.207008 0.130110 0.414016
5 0.147099 0.206282 0.148433 0.412565
5 0.164767 0.206499 0.166101 0.412998
5 0.181991 0.206776 0.183326 0.413551
5 0.053510 0.256999 0.054844 0.513997
5 0.747062 0.128660 0.505875 0.257321