5 0.260666 0.289776 0.521333 0.296018
5 0.273391 0.290309 0.546783 0.296551
5 0.286050 0.290841 0.572100 0.297084
5 0.293578 0.269522 0.587157 0.275765
5 0.280120 0.265791 0.560241 0.272034
5 0.266996 0.265525 0.533991 0.271767
5 0.331554 0.269655 0.663108 0.275898
5 0.319495 0.264858 0.638990 0.271101
5 0.306637 0.264325 0.613273 0.270568
5 0.311234 0.288310 0.622467 0.294553
5 0.274258 0.240474 0.548515 0.246717
5 0.370312 0.266521 0.740624 0.272764
5 0.356938 0.265845 0.713877 0.272088
5 0.343927 0.267744 0.687854 0.273987
5 0.363946 0.292844 0.727892 0.299087
5 0.403235 0.292836 0.806469 0.299079
5 0.428732 0.293977 0.857464 0.300220
5 0.442106 0.294654 0.884211 0.300896
5 0.447508 0.268611 0.895016 0.274854
5 0.435420 0.270916 0.870839 0.277159
5 0.422922 0.269320 0.845845 0.275563
5 0.487883 0.269900 0.975766 0.276143
5 0.474586 0.268821 0.949171 0.275064
5 0.460880 0.268353 0.921759 0.274595
5 0.494411 0.295366 0.988821 0.301609
5 0.481597 0.294287 0.963193 0.300530
5 0.468132 0.294141 0.936265 0.300384
5 0.502459 0.295753 0.995082 0.301996
5 0.506901 0.295624 0.986198 0.301867
5 0.511195 0.295743 0.977609 0.301986
5 0.509088 0.271238 0.981824 0.277480
5 0.504747 0.271256 0.990506 0.277499
5 0.500293 0.271474 0.999415 0.277717
5 0.480748 0.244928 0.961496 0.251171
5 0.466753 0.245477 0.933505 0.251720
5 0.506942 0.246970 0.986115 0.253213
5 0.511626 0.246677 0.976747 0.252920
5 0.502419 0.246502 0.995161 0.252744
5 0.517828 0.271829 0.964344 0.278072
5 0.520086 0.296017 0.959828 0.302260
5 0.515637 0.295213 0.968726 0.301455
5 0.513483 0.270844 0.973035 0.277087
5 0.500282 0.319789 0.999437 0.326032
5 0.509074 0.320048 0.981853 0.326290
5 0.517873 0.320029 0.964254 0.326272
5 0.539748 0.272553 0.920505 0.278796
5 0.535310 0.272677 0.929380 0.278920
5 0.531008 0.272516 0.937985 0.278759
5 0.526667 0.272313 0.946667 0.278555
5 0.522194 0.272309 0.955612 0.278551
5 0.524452 0.297142 0.951095 0.303385
5 0.528784 0.297235 0.942432 0.303478
5 0.533133 0.296245 0.933733 0.302488
5 0.537575 0.296491 0.924850 0.302734
5 0.541802 0.296298 0.916396 0.302541
5 0.528846 0.248685 0.942307 0.254928
5 0.524487 0.248593 0.951026 0.254836
5 0.520143 0.248589 0.959713 0.254832
5 0.515814 0.248109 0.968371 0.254352
5 0.541746 0.249348 0.916507 0.255591
5 0.537412 0.249628 0.925175 0.255871
5 0.545951 0.249037 0.908098 0.255280
5 0.548209 0.273487 0.903581 0.279730
5 0.543927 0.272988 0.912145 0.279231
5 0.546037 0.297581 0.907927 0.303824
5 0.550316 0.297388 0.899368 0.303631
5 0.561213 0.274266 0.877573 0.280509
5 0.556879 0.273611 0.886241 0.279854
5 0.552518 0.272553 0.894964 0.278796
5 0.559034 0.297750 0.881933 0.303993
5 0.563368 0.298405 0.873265 0.304648
5 0.552129 0.320364 0.895743 0.326607
5 0.556386 0.321610 0.887229 0.327853
5 0.560773 0.322045 0.878454 0.328288
5 0.565107 0.322700 0.869787 0.328943
5 0.580621 0.298574 0.838759 0.304817
5 0.571719 0.300184 0.856561 0.306427
5 0.567463 0.298938 0.865075 0.305181
5 0.576041 0.299284 0.847919 0.305527
5 0.569533 0.322884 0.860934 0.329127
5 0.573880 0.323050 0.852240 0.329293
5 0.578201 0.322150 0.843598 0.328393
5 0.582661 0.321440 0.834678 0.327682
5 0.562393 0.346171 0.875214 0.352414
5 0.567027 0.345206 0.865946 0.351448
5 0.571454 0.345390 0.857093 0.351633
5 0.575800 0.345556 0.848399 0.351799
5 0.580332 0.344115 0.839337 0.350358
5 0.584792 0.343225 0.830416 0.349468
5 0.586873 0.364710 0.826254 0.370953
5 0.582413 0.365600 0.835174 0.371843
5 0.577882 0.367040 0.844237 0.373283
5 0.573535 0.366875 0.852930 0.373118
5 0.569108 0.366690 0.861783 0.372933
5 0.564474 0.367656 0.871051 0.373899
5 0.559639 0.371145 0.880722 0.377388
5 0.543787 0.320760 0.912426 0.327003
5 0.545775 0.345070 0.908450 0.351312
5 0.548407 0.362882 0.903186 0.369124
5 0.550396 0.384183 0.899208 0.390425
5 0.565688 0.272679 0.868625 0.278922
5 0.570036 0.275211 0.859928 0.281454
5 0.574235 0.276330 0.851530 0.282573
5 0.578509 0.275804 0.842982 0.282047
5 0.563515 0.250460 0.872971 0.256703
5 0.559132 0.250945 0.881736 0.257188
5 0.582952 0.274573 0.834096 0.280816
5 0.584893 0.297753 0.830215 0.303996
5 0.587138 0.320414 0.825724 0.326657
5 0.579932 0.388571 0.840136 0.394814
5 0.584224 0.387131 0.831552 0.393373
5 0.577499 0.410551 0.845002 0.416794
5 0.575418 0.389066 0.849164 0.395309
5 0.593363 0.384997 0.813275 0.391240
5 0.588751 0.385797 0.822499 0.392040
5 0.595745 0.405265 0.808510 0.411508
5 0.586180 0.409959 0.827640 0.416202
5 0.590706 0.407772 0.818587 0.414015
5 0.594287 0.338274 0.811426 0.344516
5 0.595745 0.362809 0.808510 0.369052
5 0.592840 0.432094 0.814320 0.438337
5 0.588313 0.431294 0.823373 0.437537
5 0.579633 0.432739 0.840735 0.438982
5 0.390970 0.241910 0.781941 0.248153