6 0.552202 0.409091 0.895597 0.410275
5 0.130063 0.542644 0.260127 0.542644
5 0.135613 0.521046 0.271225 0.521046
5 0.146861 0.520447 0.293723 0.520447
5 0.124663 0.522247 0.249326 0.522247
5 0.129764 0.500343 0.259528 0.500343
5 0.128863 0.456548 0.257726 0.456548
5 0.157061 0.476946 0.314123 0.476946
5 0.157061 0.476946 0.314123 0.476946
5 0.152112 0.500343 0.304225 0.500343
5 0.135014 0.479046 0.270027 0.479046
5 0.146112 0.477846 0.292224 0.477846
5 0.140862 0.500043 0.281725 0.500043
5 0.174909 0.499143 0.349819 0.499143
5 0.185859 0.499444 0.371718 0.499444
5 0.192158 0.520741 0.384317 0.520741
5 0.180759 0.521641 0.361519 0.521641
5 0.169511 0.521340 0.339021 0.521340
5 0.158262 0.520741 0.316523 0.520741
5 0.163511 0.499742 0.327023 0.499742
5 0.168910 0.476645 0.337821 0.476645
5 0.179860 0.476046 0.359719 0.476046
5 0.190958 0.477547 0.381916 0.477547
5 0.197108 0.498246 0.394215 0.498246
5 0.141763 0.542940 0.283526 0.542940
5 0.152562 0.542341 0.305124 0.542341
5 0.164411 0.542041 0.328822 0.542041
5 0.175660 0.542041 0.351320 0.542041
5 0.170560 0.563040 0.341121 0.563040
5 0.136214 0.562141 0.272428 0.562141
5 0.148213 0.562141 0.296426 0.562141
5 0.130964 0.582539 0.261928 0.582539
5 0.125265 0.562740 0.250529 0.562740
5 0.131915 0.623935 0.263830 0.623935
5 0.127115 0.643733 0.254230 0.643733
5 0.198809 0.581340 0.397618 0.581340
5 0.126215 0.603838 0.252431 0.603838
5 0.210208 0.580741 0.420416 0.580741
5 0.204358 0.560942 0.408716 0.560942
5 0.198359 0.541143 0.396718 0.541143
5 0.209608 0.540843 0.419216 0.540843
5 0.203460 0.519844 0.406919 0.519844
5 0.225956 0.518343 0.451912 0.518343
5 0.221007 0.539342 0.442014 0.539342
5 0.237355 0.519242 0.474710 0.519242
5 0.231206 0.497045 0.462412 0.497045
5 0.242605 0.497644 0.485210 0.497644
5 0.219507 0.496745 0.439014 0.496745
5 0.208859 0.497945 0.417717 0.497945
5 0.202709 0.476648 0.405418 0.476648
5 0.265103 0.496446 0.530205 0.496446
5 0.259853 0.517145 0.519706 0.517145
5 0.248754 0.518045 0.497509 0.518045
5 0.266302 0.537843 0.532603 0.537843
5 0.277551 0.536643 0.555101 0.536643
5 0.271551 0.515945 0.543103 0.515945
5 0.283250 0.515346 0.566500 0.515346
5 0.288799 0.535144 0.577599 0.535144
5 0.311297 0.533944 0.622594 0.533944
5 0.294949 0.555241 0.589897 0.555241
5 0.283400 0.554941 0.566801 0.554941
5 0.316697 0.512045 0.633394 0.512045
5 0.304698 0.512644 0.609396 0.512644
5 0.328095 0.511143 0.656190 0.511143
5 0.321946 0.489245 0.643891 0.489245
5 0.310397 0.490445 0.620795 0.490445
5 0.299149 0.491044 0.598297 0.491044
5 0.287900 0.492545 0.575799 0.492545
5 0.276801 0.493745 0.553602 0.493745
5 0.337845 0.466148 0.675690 0.466148
5 0.333045 0.488646 0.666091 0.488646
5 0.344594 0.488946 0.689187 0.488946
5 0.350743 0.512043 0.701486 0.512043
5 0.355692 0.488946 0.711384 0.488946
5 0.361241 0.466148 0.722483 0.466148
5 0.349543 0.466148 0.699085 0.466148
5 0.315796 0.467947 0.631592 0.467947
5 0.373391 0.509643 0.746782 0.509643
5 0.367242 0.488045 0.734483 0.488045
5 0.384340 0.465246 0.768681 0.465246
5 0.384790 0.509342 0.769580 0.509342
5 0.389739 0.486544 0.779478 0.486544
5 0.390789 0.529139 0.781578 0.529139
5 0.402038 0.528542 0.804076 0.528542
5 0.413737 0.527642 0.827473 0.527642
5 0.407887 0.507843 0.815773 0.507843
5 0.401888 0.486844 0.803775 0.486844
5 0.395439 0.466146 0.790878 0.466146
5 0.413437 0.485045 0.826874 0.485045
5 0.419287 0.506044 0.838574 0.506044
5 0.430686 0.504245 0.861372 0.504245
5 0.436386 0.525542 0.872771 0.525542
5 0.447934 0.524643 0.895868 0.524643
5 0.442234 0.503643 0.884469 0.503643
5 0.453483 0.502444 0.906967 0.502444
5 0.458583 0.480247 0.917165 0.480247
5 0.424686 0.482347 0.849372 0.482347
5 0.441185 0.458948 0.882369 0.458948
5 0.435185 0.437652 0.870371 0.437652
5 0.464583 0.501546 0.929166 0.501546
5 0.470882 0.522545 0.941764 0.522545
5 0.482131 0.521044 0.964261 0.521044
5 0.503104 0.499145 0.989506 0.499145
5 0.494705 0.478447 0.981106 0.478447
5 0.469981 0.479948 0.939962 0.479948
5 0.464132 0.460150 0.928264 0.460150
5 0.501705 0.456251 0.988706 0.456251
5 0.509425 0.476650 0.981150 0.476650
5 0.505676 0.477249 0.988649 0.477249
5 0.506076 0.519245 0.987849 0.519245
5 0.476881 0.542642 0.953761 0.542642
5 0.476881 0.542642 0.953761 0.542642
5 0.513725 0.518345 0.972551 0.518345
5 0.522874 0.495848 0.954253 0.495848
5 0.527023 0.536944 0.945953 0.536944
5 0.526623 0.495249 0.946753 0.495249
5 0.524624 0.473350 0.950753 0.473350
5 0.520774 0.475149 0.958452 0.475149
5 0.516974 0.475149 0.966051 0.475149
5 0.513275 0.476349 0.973450 0.476349
5 0.518724 0.452351 0.962551 0.452351
5 0.522624 0.452352 0.954752 0.452352
5 0.526624 0.451452 0.946753 0.451452
5 0.534273 0.449653 0.931454 0.449653
5 0.532473 0.472451 0.935054 0.472451
5 0.534473 0.492549 0.931054 0.492549
5 0.538372 0.491950 0.923255 0.491950
5 0.546222 0.489850 0.907557 0.489850
5 0.544122 0.511748 0.911757 0.511748
5 0.547971 0.509648 0.904058 0.509648
5 0.553720 0.488050 0.892559 0.488050
5 0.552021 0.509648 0.895959 0.509648
5 0.555870 0.508749 0.888260 0.508749
5 0.540272 0.469452 0.919456 0.469452
5 0.536372 0.471552 0.927255 0.471552
5 0.544072 0.469151 0.911857 0.469151
5 0.538022 0.448453 0.923956 0.448453
5 0.532322 0.429255 0.935355 0.429255
5 0.516724 0.431954 0.966552 0.431954
5 0.542071 0.447553 0.915857 0.447553
5 0.551970 0.466751 0.896059 0.466751
5 0.555920 0.465550 0.888160 0.465550
5 0.561620 0.485948 0.876761 0.485948
5 0.563520 0.505446 0.872961 0.505446
5 0.563720 0.546843 0.872561 0.546843
5 0.557970 0.568441 0.884059 0.568441
5 0.573269 0.523446 0.853462 0.523446
5 0.565520 0.484750 0.868961 0.484750
5 0.571369 0.504248 0.857262 0.504248
5 0.557770 0.486549 0.884459 0.486549