5 0.504340 0.136896 0.991319 0.273793
5 0.500000 0.136009 1.000000 0.272017
5 0.499724 0.135357 0.999448 0.270715
5 0.483152 0.137784 0.966304 0.275568
5 0.531605 0.152817 0.936790 0.305634
5 0.535275 0.150982 0.929451 0.301965
5 0.536182 0.152995 0.927636 0.305990
5 0.545928 0.166667 0.908144 0.333333
5 0.535432 0.203303 0.929135 0.406605
5 0.542850 0.188033 0.914299 0.376065
5 0.549440 0.170159 0.901121 0.340317
5 0.546836 0.171106 0.906329 0.342211
5 0.550150 0.152699 0.899700 0.305398
5 0.561671 0.201113 0.876657 0.402225
5 0.557015 0.186612 0.885969 0.373224
5 0.564789 0.185724 0.870423 0.371449
5 0.568655 0.197857 0.862689 0.395715
5 0.568103 0.184600 0.863794 0.369200
5 0.573903 0.183949 0.852194 0.367898
5 0.577375 0.201231 0.845249 0.402462
5 0.576744 0.217093 0.846512 0.434186
5 0.573666 0.215317 0.852667 0.430634
5 0.581558 0.231475 0.836884 0.462950
5 0.580887 0.216679 0.838226 0.433357
5 0.577020 0.231297 0.845960 0.462595
5 0.580729 0.247514 0.838542 0.495028
5 0.583412 0.214429 0.833176 0.428859
5 0.584478 0.230173 0.831045 0.460346
5 0.584201 0.198804 0.831597 0.397609
5 0.588226 0.230173 0.823548 0.460346