6 0.154987 0.586411 0.158933 0.587831
5 0.396632 0.573615 0.383299 0.573615
5 0.424544 0.572015 0.411211 0.572015
5 0.453166 0.572282 0.439833 0.572282
5 0.307740 0.646418 0.294407 0.646418
5 0.372631 0.548549 0.359298 0.548549
5 0.381875 0.574415 0.368542 0.574415
5 0.375653 0.596816 0.362320 0.596816
5 0.403565 0.596283 0.392187 0.596283
5 0.417787 0.594150 0.406054 0.594150
5 0.432009 0.594150 0.420276 0.594150
5 0.439654 0.615218 0.427921 0.615218
5 0.425609 0.616286 0.413876 0.616286
5 0.433433 0.636552 0.421700 0.636552
5 0.286050 0.667805 0.271828 0.664390
5 0.291917 0.647753 0.277695 0.647753
5 0.331207 0.594420 0.316985 0.594420
5 0.438233 0.572282 0.426322 0.572282
5 0.502234 0.508014 0.490323 0.508014
5 0.488190 0.507746 0.475567 0.507746
5 0.569080 0.524280 0.556457 0.524280
5 0.558235 0.569081 0.545612 0.569081
5 0.563925 0.589614 0.551302 0.589614
5 0.549347 0.587214 0.536723 0.587214
5 0.535480 0.592280 0.522857 0.592280
5 0.535480 0.592280 0.522857 0.592280
5 0.480368 0.485878 0.467745 0.485878
5 0.401076 0.550679 0.388453 0.550679
5 0.614059 0.520279 0.601436 0.520279
5 0.637348 0.585881 0.624725 0.585881
5 0.651927 0.586681 0.639304 0.586681
5 0.622238 0.586413 0.609615 0.586413
5 0.592549 0.587746 0.579926 0.587746
5 0.600549 0.565346 0.587926 0.565346
5 0.635039 0.498943 0.622416 0.498943
5 0.649618 0.496544 0.636995 0.496544
5 0.626861 0.479476 0.614238 0.479476
5 0.672716 0.496541 0.654568 0.496541
5 0.674760 0.518142 0.650479 0.518142
5 0.671294 0.518942 0.657412 0.518942
5 0.664018 0.495208 0.651395 0.495208
5 0.676449 0.494941 0.647101 0.494941
5 0.678583 0.560275 0.642835 0.560275
5 0.703339 0.521607 0.593323 0.521607
5 0.707606 0.526409 0.584789 0.526409
5 0.714272 0.515475 0.571456 0.515475
5 0.726050 0.473874 0.547900 0.473874
5 0.724272 0.549077 0.551456 0.549077
5 0.720005 0.554943 0.559989 0.554943
5 0.706805 0.580011 0.586390 0.580011
5 0.721517 0.578678 0.556967 0.578678
5 0.725250 0.576012 0.549500 0.576012
5 0.726983 0.596812 0.546033 0.596812
5 0.728805 0.575479 0.542389 0.575479
5 0.736228 0.574679 0.527545 0.574679
5 0.738183 0.470411 0.523634 0.470411
5 0.740050 0.573879 0.519900 0.573879
5 0.735322 0.615530 0.529356 0.614110
5 0.730603 0.595571 0.538795 0.595571
5 0.710769 0.568755 0.578463 0.568755
5 0.708115 0.552552 0.583771 0.552552
5 0.690190 0.511207 0.619620 0.511207
5 0.717566 0.464278 0.564867 0.464278
5 0.701085 0.599482 0.597831 0.599482
5 0.696196 0.571825 0.607608 0.571825
5 0.555222 0.525505 0.542749 0.525505
5 0.292193 0.581635 0.278069 0.581635
5 0.466624 0.529516 0.453679 0.529516
5 0.481116 0.528647 0.468556 0.528647