5 0.182972 0.136414 0.181415 0.272827
5 0.279277 0.140130 0.277720 0.280259
5 0.263179 0.138925 0.261622 0.277850
5 0.246903 0.138383 0.245346 0.276765
5 0.199145 0.136093 0.197588 0.272186
5 0.311569 0.141644 0.310011 0.283287
5 0.320240 0.124992 0.318682 0.249984
5 0.336386 0.125328 0.334828 0.250656
5 0.327715 0.141980 0.326157 0.283960
5 0.295124 0.140971 0.293567 0.281941
5 0.247307 0.171691 0.245750 0.343383
5 0.254813 0.155364 0.253256 0.310728
5 0.214829 0.136963 0.213271 0.273926
5 0.431337 0.126882 0.429780 0.253764
5 0.415213 0.126935 0.413656 0.253871
5 0.399402 0.128864 0.397845 0.257727
5 0.383733 0.127782 0.382175 0.255563
5 0.368005 0.127169 0.366448 0.254339
5 0.456465 0.146368 0.454908 0.292736
5 0.439239 0.145970 0.437682 0.291941
5 0.423028 0.145533 0.421471 0.291067
5 0.407159 0.145803 0.405601 0.291606
5 0.557046 0.132553 0.555489 0.265106
5 0.541362 0.132752 0.539804 0.265504
5 0.525905 0.132664 0.524348 0.265328
5 0.510943 0.133159 0.509386 0.266318
5 0.573171 0.132254 0.571613 0.264507
5 0.604790 0.131749 0.603233 0.263498
5 0.588778 0.131291 0.587220 0.262583
5 0.667335 0.130546 0.665330 0.261091
5 0.651323 0.130623 0.649766 0.261246
5 0.635039 0.129802 0.633482 0.259605
5 0.678822 0.130968 0.642356 0.261936
5 0.674891 0.132047 0.650218 0.264095
5 0.682601 0.130647 0.634797 0.261293
5 0.698214 0.132958 0.603573 0.265917
5 0.694282 0.131802 0.611435 0.263604
5 0.714083 0.132712 0.571834 0.265425
5 0.710210 0.133103 0.579579 0.266205
5 0.706020 0.134143 0.587960 0.268286
5 0.701986 0.133613 0.596028 0.267227