4 0.181641 0.582275 0.181641 0.586670
4 0.678711 0.415283 0.642578 0.406494
5 0.602051 0.492188 0.610840 0.492188
5 0.677747 0.487905 0.644505 0.487905
5 0.693179 0.483590 0.613641 0.483590
5 0.731079 0.474609 0.537842 0.474609
5 0.719360 0.496582 0.561279 0.496582
5 0.736206 0.498779 0.527588 0.496582
5 0.738770 0.479004 0.522461 0.481201
5 0.731812 0.536133 0.536377 0.536133
5 0.738403 0.540527 0.523193 0.540527
5 0.738403 0.533936 0.523193 0.536133
5 0.470215 0.479004 0.476074 0.479004
5 0.445312 0.489990 0.442383 0.494385
5 0.370605 0.505371 0.379395 0.505371
5 0.370605 0.544922 0.379395 0.544922
5 0.360352 0.520752 0.364746 0.527344
5 0.347168 0.527344 0.355957 0.527344
5 0.355957 0.544922 0.364746 0.544922
5 0.331055 0.564697 0.332520 0.566895
5 0.279785 0.531738 0.276855 0.531738
5 0.270996 0.553711 0.269531 0.555908
5 0.285645 0.527344 0.294434 0.527344
5 0.287109 0.503174 0.288574 0.505371
5 0.276855 0.593262 0.273926 0.593262
5 0.338379 0.628418 0.333984 0.635010
5 0.221191 0.610840 0.216797 0.617432
5 0.462891 0.577881 0.464355 0.580078
5 0.480469 0.577881 0.481934 0.580078
5 0.486328 0.555908 0.490723 0.562500
5 0.547852 0.555908 0.549316 0.558105
5 0.549316 0.496582 0.544922 0.503174
5 0.550781 0.489990 0.555176 0.496582
5 0.493652 0.479004 0.489258 0.485596
5 0.474609 0.485596 0.474609 0.494385
5 0.464355 0.540527 0.473145 0.540527
5 0.445312 0.538330 0.446777 0.540527
5 0.480469 0.472412 0.484863 0.479004
5 0.411621 0.562500 0.420410 0.562500