5 0.228811 0.130958 0.457621 0.261916
5 0.217301 0.132693 0.434602 0.265385
5 0.344528 0.128142 0.689056 0.256284
5 0.356278 0.127709 0.712556 0.255417
5 0.379296 0.126842 0.758593 0.253684
5 0.373904 0.143527 0.747807 0.287054
5 0.385316 0.143527 0.770632 0.287054
5 0.397114 0.141794 0.794229 0.283588
5 0.408528 0.141361 0.817055 0.282722
5 0.390854 0.125974 0.781708 0.251948
5 0.431690 0.139193 0.863380 0.278386
5 0.426104 0.155880 0.852208 0.311760
5 0.420132 0.141143 0.840265 0.282285
5 0.414209 0.155663 0.828418 0.311326
5 0.466850 0.137580 0.933699 0.275160
5 0.455292 0.138363 0.910584 0.276726
5 0.504205 0.133398 0.991590 0.266795
5 0.512336 0.132354 0.975328 0.264707
5 0.512452 0.163453 0.975096 0.326905
5 0.516053 0.131570 0.967895 0.263139
5 0.556242 0.136011 0.887515 0.272022
5 0.568206 0.131046 0.863587 0.262092
5 0.566348 0.146205 0.867304 0.292409
5 0.577383 0.127125 0.845235 0.254251
5 0.581506 0.127909 0.836988 0.255819
5 0.568459 0.162219 0.863082 0.324439
5 0.566456 0.178164 0.867087 0.356328
5 0.570102 0.175853 0.859796 0.351706
5 0.572156 0.191104 0.855687 0.382207