5 0.287339 0.130645 0.574679 0.261291
5 0.309577 0.130645 0.619155 0.261291
5 0.320373 0.130507 0.640747 0.261014
5 0.326311 0.145233 0.652623 0.290466
5 0.348881 0.145644 0.697761 0.291289
5 0.360151 0.144646 0.720302 0.289293
5 0.337515 0.145229 0.675031 0.290458
4 0.579423 0.137502 0.841154 0.275004
5 0.388418 0.130632 0.776836 0.261263
5 0.399348 0.130878 0.798695 0.261757
5 0.411191 0.130276 0.822381 0.260551
5 0.422923 0.129852 0.845846 0.259704
5 0.445425 0.129411 0.890849 0.258822
5 0.456909 0.129130 0.913819 0.258259
5 0.434242 0.130111 0.868484 0.260223
5 0.500000 0.128535 1.000000 0.257070
5 0.489878 0.128713 0.979757 0.257426
5 0.478995 0.129237 0.957989 0.258474
5 0.467959 0.129400 0.935917 0.258799
5 0.513895 0.127923 0.972210 0.255846
5 0.510167 0.128101 0.979665 0.256203
5 0.506540 0.128625 0.986921 0.257250
5 0.502861 0.128788 0.994278 0.257576
5 0.528739 0.127715 0.942522 0.255431
5 0.532433 0.127547 0.935134 0.255094
5 0.536236 0.127180 0.927527 0.254359
5 0.543689 0.127547 0.912621 0.255094
5 0.547492 0.127180 0.905015 0.254359
5 0.540050 0.126859 0.919901 0.253717
5 0.551101 0.126593 0.897799 0.253186
5 0.564724 0.140944 0.870553 0.281889
5 0.560713 0.141709 0.878574 0.283418
5 0.558905 0.126414 0.882190 0.252829
5 0.576363 0.168784 0.847275 0.337567
5 0.574382 0.153354 0.851235 0.306707
5 0.572575 0.138687 0.854850 0.277373
5 0.578355 0.152269 0.843290 0.304537
5 0.578320 0.182939 0.843360 0.365878
5 0.568254 0.169727 0.863492 0.339455
5 0.566483 0.155556 0.867034 0.311111
5 0.570468 0.154455 0.859064 0.308909
5 0.570106 0.183883 0.859788 0.367766
5 0.571993 0.199139 0.856015 0.398278
5 0.530625 0.142971 0.938749 0.285943
5 0.538123 0.142436 0.923754 0.284871
5 0.534320 0.142803 0.931361 0.285606
5 0.371559 0.145146 0.743119 0.290292
5 0.382788 0.145243 0.765577 0.290486
5 0.394332 0.144940 0.788664 0.289879
5 0.405566 0.145414 0.811131 0.290827
5 0.416984 0.145075 0.833969 0.290149
5 0.428267 0.144973 0.856533 0.289945
5 0.365561 0.130890 0.731123 0.261779
5 0.142368 0.130584 0.284737 0.261168
5 0.153642 0.131005 0.307284 0.262010
5 0.165273 0.130088 0.330546 0.260176
5 0.176394 0.129644 0.352788 0.259288
5 0.187808 0.129404 0.375617 0.258808
5 0.199083 0.129099 0.398166 0.258198
5 0.126670 0.145735 0.253339 0.291469
5 0.131709 0.131797 0.263417 0.263594