5 0.571303 0.151922 0.857395 0.303843
5 0.564194 0.181877 0.871612 0.363755
5 0.561915 0.181945 0.876171 0.363890
5 0.559602 0.151031 0.880796 0.302061
5 0.561237 0.166607 0.877525 0.333215
5 0.567509 0.167234 0.864982 0.334467
5 0.550428 0.169471 0.899143 0.338941
5 0.558278 0.167140 0.883444 0.334280
5 0.546760 0.150635 0.906479 0.301270
5 0.550393 0.150851 0.899214 0.301702
5 0.557371 0.180043 0.885259 0.360085
5 0.560558 0.135104 0.878884 0.270207
5 0.577450 0.266431 0.845100 0.532863
5 0.579766 0.251305 0.840469 0.502611
5 0.581857 0.236964 0.836286 0.473928
5 0.577849 0.237300 0.844303 0.474600
5 0.579816 0.223406 0.840369 0.446813
5 0.575782 0.223406 0.848436 0.446813
5 0.579940 0.193714 0.840120 0.387429
5 0.573337 0.211477 0.853327 0.422953
5 0.201626 0.137784 0.403251 0.275568
5 0.238518 0.125769 0.477036 0.251539
5 0.221591 0.142045 0.443182 0.284091
5 0.245818 0.141454 0.491635 0.282907
5 0.259549 0.140507 0.519097 0.281013
5 0.244594 0.154297 0.489189 0.308594
5 0.551334 0.134884 0.897333 0.269768
5 0.554885 0.151338 0.890230 0.302675
5 0.557015 0.163530 0.885969 0.327060
5 0.553898 0.196970 0.892203 0.393939
5 0.560843 0.194129 0.878314 0.388258
5 0.557568 0.151219 0.884864 0.302438
5 0.568576 0.149799 0.862847 0.299598
5 0.569839 0.167495 0.860322 0.334991
5 0.574021 0.181937 0.851957 0.363873
5 0.573430 0.194010 0.853141 0.388021
5 0.577099 0.210760 0.845802 0.421520
5 0.569405 0.194957 0.861190 0.389915
5 0.570115 0.179983 0.859770 0.359967
5 0.562066 0.195076 0.875868 0.390152
5 0.573390 0.128670 0.853220 0.257339
5 0.575718 0.181996 0.848564 0.363991
5 0.548611 0.183120 0.902778 0.366241
5 0.552438 0.181700 0.895123 0.363400
5 0.552872 0.193063 0.894255 0.386127
5 0.555161 0.207564 0.889678 0.415128
5 0.580808 0.131155 0.838384 0.262311
5 0.583097 0.146248 0.833807 0.292495
5 0.581676 0.167081 0.836648 0.334162
5 0.586450 0.176965 0.827099 0.353930
5 0.587121 0.165246 0.825758 0.330492
5 0.586450 0.148497 0.827099 0.296993