6 0.149360 0.258366 0.144685 0.264641
5 0.687856 0.404713 0.624289 0.397895
5 0.692390 0.406919 0.615221 0.400101
5 0.695037 0.380450 0.609927 0.373632
5 0.690429 0.379715 0.619142 0.372897
5 0.696537 0.356581 0.606925 0.349764
5 0.700387 0.357317 0.599226 0.350499
5 0.708358 0.361086 0.583284 0.354268
5 0.704205 0.359961 0.591590 0.353142
5 0.716394 0.363815 0.567212 0.356997
5 0.712241 0.362690 0.575518 0.355872
5 0.698522 0.333364 0.602956 0.326546
5 0.702644 0.334844 0.594712 0.328025
5 0.706586 0.337487 0.586827 0.330669
5 0.710665 0.337720 0.578671 0.330901
5 0.714672 0.339324 0.570656 0.332505
5 0.718676 0.339853 0.562648 0.333035
5 0.717014 0.316041 0.565972 0.309223
5 0.708879 0.313609 0.582243 0.306791
5 0.704701 0.313675 0.590597 0.306857
5 0.725423 0.317529 0.549154 0.310711
5 0.727085 0.341342 0.545830 0.334524
5 0.694181 0.332620 0.611638 0.325802
5 0.692197 0.355837 0.615607 0.349019
5 0.709821 0.385196 0.580357 0.378378
5 0.714226 0.385312 0.571549 0.378493
5 0.718601 0.385990 0.562797 0.379172
5 0.727953 0.368429 0.544094 0.361610
5 0.724023 0.379656 0.551953 0.372838
5 0.720388 0.363914 0.559224 0.357095
5 0.736598 0.367237 0.526804 0.360419
5 0.732254 0.368888 0.535492 0.362070
5 0.734032 0.342124 0.531936 0.335306
5 0.738143 0.339949 0.523714 0.333130
5 0.607396 0.380976 0.609188 0.374158
5 0.624220 0.383337 0.626012 0.376519
5 0.640157 0.382456 0.641949 0.375637
5 0.655879 0.383079 0.657671 0.376261
5 0.667495 0.383396 0.665010 0.376578
5 0.671311 0.386886 0.657378 0.380068
5 0.675194 0.386260 0.649611 0.379442
5 0.669111 0.406834 0.661777 0.400016
5 0.672927 0.410325 0.654145 0.403506
5 0.684040 0.388819 0.631920 0.382001
5 0.676735 0.366511 0.646531 0.366880
5 0.652804 0.414109 0.652558 0.414478
5 0.631918 0.354231 0.633710 0.347413
5 0.648865 0.357025 0.650657 0.350207
5 0.665121 0.359029 0.666913 0.352211
5 0.669284 0.336650 0.661433 0.329832
5 0.583367 0.350829 0.585159 0.344010
5 0.571393 0.378516 0.573185 0.371697
5 0.589944 0.380358 0.591736 0.373540
5 0.546528 0.345750 0.548320 0.338932
5 0.563179 0.349147 0.564971 0.342329
5 0.512165 0.340829 0.513957 0.334011
5 0.486379 0.366392 0.488171 0.359574
5 0.502575 0.362270 0.504367 0.355452
5 0.466147 0.384437 0.467939 0.377619
5 0.504853 0.391388 0.506645 0.384570
5 0.498278 0.401206 0.498031 0.401575
5 0.481545 0.400098 0.481299 0.400468
5 0.476958 0.370026 0.476712 0.370395
5 0.464578 0.393569 0.464332 0.393938
5 0.463179 0.445484 0.464971 0.438666
5 0.479148 0.450154 0.480940 0.443336
5 0.495518 0.451209 0.497310 0.444391
5 0.447511 0.441868 0.449303 0.435050
5 0.457153 0.470643 0.458945 0.463824
5 0.472117 0.472752 0.473909 0.465934
5 0.433337 0.445896 0.433091 0.446266
5 0.419691 0.413395 0.421483 0.406577
5 0.437970 0.411135 0.439762 0.404318
5 0.455044 0.413094 0.456835 0.406276
5 0.439715 0.365034 0.439469 0.365404
5 0.511342 0.350408 0.511096 0.350777
5 0.363796 0.424691 0.365588 0.417873
5 0.381651 0.367862 0.383443 0.361045
5 0.399149 0.369662 0.400941 0.362844
5 0.411240 0.388117 0.413032 0.381299
5 0.400634 0.418821 0.402426 0.412003
5 0.381651 0.423386 0.383443 0.416568
5 0.390664 0.395912 0.392456 0.389094
5 0.349372 0.370998 0.351164 0.364179
5 0.333066 0.371121 0.334858 0.364303
5 0.410392 0.439821 0.412184 0.433004
5 0.392894 0.447250 0.394686 0.440432
5 0.416585 0.424459 0.416339 0.424828
5 0.419537 0.360236 0.419291 0.360605
5 0.315116 0.369608 0.316908 0.362790
5 0.322276 0.392147 0.324068 0.385329
5 0.339420 0.395626 0.341212 0.388809
5 0.372768 0.397772 0.374560 0.390954
5 0.306040 0.388063 0.307832 0.381245
5 0.298880 0.365524 0.300672 0.358706
5 0.365709 0.369333 0.367501 0.362515
5 0.347084 0.419376 0.348876 0.412558
5 0.302611 0.440099 0.304403 0.433281
5 0.320259 0.443276 0.322051 0.436458
5 0.337604 0.443578 0.339396 0.436761
5 0.354616 0.447539 0.356408 0.440721
5 0.312013 0.471786 0.313804 0.464968
5 0.327803 0.471829 0.329595 0.465011
5 0.359142 0.472435 0.360934 0.465617
5 0.343589 0.470958 0.345380 0.464140
5 0.287039 0.445373 0.286793 0.445742
5 0.389804 0.474887 0.391596 0.468069
5 0.374058 0.476005 0.375850 0.469186
5 0.397782 0.496369 0.399574 0.489551
5 0.366063 0.496369 0.367855 0.489551
5 0.350509 0.494891 0.352301 0.488074
5 0.334820 0.495330 0.336612 0.488512
5 0.318933 0.495719 0.320725 0.488901
5 0.382036 0.497487 0.383828 0.490669
5 0.431477 0.494873 0.433269 0.488055
5 0.375086 0.517528 0.376878 0.510710
5 0.391334 0.517517 0.393126 0.510699
5 0.407307 0.518635 0.409099 0.511817
5 0.423053 0.517517 0.424845 0.510699
5 0.236951 0.493795 0.238743 0.486977
5 0.243839 0.469730 0.245631 0.462911
5 0.260090 0.467635 0.261882 0.460816
5 0.252838 0.493406 0.254630 0.486587
5 0.250877 0.444195 0.252670 0.437376
5 0.234626 0.446289 0.236418 0.439471
5 0.258924 0.423028 0.260716 0.416210
5 0.268253 0.442270 0.270046 0.435452
5 0.202131 0.445944 0.203923 0.439126
5 0.193618 0.469559 0.195410 0.462741
5 0.185316 0.492356 0.187108 0.485538
5 0.210644 0.470084 0.212437 0.463266
5 0.202343 0.491481 0.204134 0.484663
5 0.219741 0.493349 0.221532 0.486531
5 0.194762 0.514047 0.196554 0.507228
5 0.211672 0.514922 0.213464 0.508103
5 0.228837 0.516089 0.230629 0.509271
5 0.245697 0.514611 0.247489 0.507793
5 0.261584 0.514222 0.263376 0.507403
5 0.204325 0.536262 0.206117 0.529444
5 0.221234 0.537137 0.223026 0.530319
5 0.238050 0.535156 0.239842 0.528338
5 0.278084 0.515356 0.279876 0.508538
5 0.294820 0.516239 0.296611 0.509421
5 0.310509 0.515801 0.312300 0.508983
5 0.302941 0.494602 0.304733 0.487784
5 0.286205 0.493719 0.287997 0.486901
5 0.342665 0.516430 0.344456 0.509612
5 0.326976 0.516868 0.328767 0.510050
5 0.271094 0.535488 0.272886 0.528670
5 0.287829 0.536371 0.289621 0.529553
5 0.303518 0.535933 0.305310 0.529115
5 0.319985 0.537000 0.321777 0.530182
5 0.738984 0.393618 0.522032 0.386800
5 0.719270 0.434524 0.561460 0.427706
5 0.714626 0.433689 0.570748 0.426871
5 0.690013 0.431556 0.619975 0.424738
5 0.721263 0.416985 0.557474 0.417354
5 0.746738 0.427406 0.506523 0.420587
5 0.749536 0.487828 0.500927 0.481010
5 0.744404 0.362203 0.511191 0.355385
5 0.742074 0.339088 0.515851 0.332270
5 0.743193 0.384945 0.513614 0.378127
5 0.746797 0.400604 0.506406 0.393786
5 0.736517 0.415347 0.526966 0.416085
5 0.740432 0.395401 0.519137 0.396139
5 0.731164 0.465495 0.537672 0.465864
5 0.740439 0.464132 0.519122 0.457314
5 0.743046 0.442689 0.513907 0.435871