5 0.669622 0.126990 0.660755 0.253981
5 0.667469 0.145677 0.665063 0.291355
5 0.673744 0.128036 0.652512 0.256072
5 0.671590 0.146723 0.656819 0.293447
5 0.646954 0.127940 0.648746 0.255880
5 0.638923 0.144947 0.640715 0.289894
5 0.655345 0.146212 0.657137 0.292424
5 0.664415 0.128036 0.666207 0.256072
5 0.646844 0.162696 0.648636 0.325391
5 0.663071 0.163742 0.664863 0.327483
5 0.669449 0.163426 0.661102 0.326852
5 0.655371 0.180006 0.657163 0.360012
5 0.580389 0.126807 0.582181 0.253614
5 0.597147 0.126844 0.598939 0.253688
5 0.614056 0.127727 0.615848 0.255453
5 0.630291 0.128395 0.632083 0.256789
5 0.588199 0.145608 0.589991 0.291217
5 0.605713 0.145929 0.607505 0.291857
5 0.622034 0.146339 0.623826 0.292678
5 0.481021 0.129369 0.482813 0.258738
5 0.497502 0.129614 0.499294 0.259228
5 0.448479 0.127593 0.450271 0.255185
5 0.473003 0.145955 0.474795 0.291910
5 0.456665 0.145405 0.458457 0.290810
5 0.356779 0.142515 0.358571 0.285029
5 0.364874 0.126354 0.366666 0.252709
5 0.323069 0.140619 0.324861 0.281239
5 0.331564 0.124800 0.333355 0.249601
5 0.348690 0.125108 0.350482 0.250216
5 0.340419 0.140578 0.342211 0.281155
5 0.256017 0.136994 0.257809 0.273989
5 0.272787 0.137975 0.274579 0.275951
5 0.289642 0.138156 0.291434 0.276313
5 0.306281 0.138793 0.308072 0.277586
5 0.243107 0.155450 0.248177 0.310901
5 0.265008 0.153101 0.266800 0.306201
5 0.281935 0.154169 0.283727 0.308339
5 0.335155 0.176014 0.340225 0.352027
5 0.692449 0.147957 0.615103 0.295915
5 0.688090 0.149138 0.623819 0.298275
5 0.684010 0.149672 0.631980 0.299345
5 0.686155 0.132199 0.627691 0.264399
5 0.682053 0.131573 0.635895 0.263145
5 0.690198 0.130844 0.619603 0.261689
5 0.696578 0.148829 0.606843 0.297657
5 0.694234 0.165670 0.611532 0.331340
5 0.711064 0.132715 0.577872 0.265429
5 0.707020 0.132187 0.585960 0.264374
5 0.702949 0.132258 0.594102 0.264515
5 0.704855 0.149690 0.590290 0.299379
5 0.710890 0.167138 0.578219 0.334276
5 0.712792 0.151105 0.574417 0.302210
5 0.717073 0.150991 0.565854 0.301983
5 0.748038 0.134424 0.503924 0.268848
5 0.727398 0.134844 0.545204 0.269688
5 0.731587 0.134881 0.536825 0.269762
5 0.743815 0.135269 0.512371 0.270539
5 0.739649 0.135522 0.520702 0.271044
5 0.735590 0.135662 0.528820 0.271325
5 0.725304 0.151453 0.549393 0.302906
5 0.733365 0.152861 0.533270 0.305721
5 0.737581 0.152367 0.524838 0.304734
5 0.741694 0.152468 0.516611 0.304935
5 0.745734 0.151858 0.508531 0.303715
5 0.729362 0.152079 0.541276 0.304158
5 0.723142 0.167637 0.553715 0.335273
5 0.727242 0.167986 0.545516 0.335971
5 0.731265 0.168490 0.537470 0.336980
5 0.735399 0.168458 0.529202 0.336916
5 0.739451 0.167913 0.521098 0.335825
5 0.743552 0.167949 0.512895 0.335897
5 0.747589 0.167774 0.504823 0.335549
5 0.737386 0.183443 0.525229 0.366887
5 0.741506 0.183052 0.516988 0.366103
5 0.745643 0.183452 0.508715 0.366904
5 0.739451 0.198707 0.521098 0.397414
5 0.743552 0.198743 0.512895 0.397486
5 0.745643 0.214246 0.508715 0.428492
5 0.741506 0.213846 0.516988 0.427692
5 0.737386 0.214238 0.525229 0.428475
5 0.716954 0.183361 0.566091 0.366723
5 0.721054 0.183710 0.557892 0.367421
5 0.725077 0.184215 0.549845 0.368430
5 0.729211 0.184183 0.541578 0.368365
5 0.733263 0.183637 0.533474 0.367275
5 0.719145 0.167562 0.561710 0.335125
5 0.708779 0.182888 0.582443 0.365776
5 0.712878 0.183237 0.574244 0.366474
5 0.702548 0.198385 0.594904 0.396771
5 0.706621 0.198853 0.586757 0.397705
5 0.710829 0.199213 0.578342 0.398427
5 0.714771 0.199208 0.570458 0.398415
5 0.719005 0.199476 0.561991 0.398951
5 0.723112 0.199207 0.553776 0.398414
5 0.727138 0.199490 0.545725 0.398979
5 0.700471 0.182415 0.599057 0.364830
5 0.698421 0.198149 0.603158 0.396297
5 0.700415 0.213851 0.599170 0.427701
5 0.729073 0.214829 0.541853 0.429658
5 0.708619 0.214113 0.582761 0.428227
5 0.712704 0.214951 0.574593 0.429903
5 0.716716 0.214468 0.566567 0.428936
5 0.720950 0.214736 0.558100 0.429472
5 0.247218 0.182460 0.249010 0.364920
5 0.265181 0.184448 0.266973 0.368895
5 0.282037 0.184629 0.283829 0.369257
5 0.298675 0.185265 0.300467 0.370531
5 0.256085 0.167838 0.257877 0.335677
5 0.265480 0.214479 0.267272 0.428957
5 0.282335 0.215666 0.284127 0.431332
5 0.298973 0.216303 0.300765 0.432605
5 0.743380 0.228801 0.513241 0.457601
5 0.747516 0.229201 0.504967 0.458402
5 0.714684 0.230702 0.570633 0.461403
5 0.718873 0.230537 0.562254 0.461073
5 0.722930 0.231123 0.554141 0.462246
5 0.698220 0.229938 0.603561 0.459875
5 0.702451 0.230224 0.595098 0.460448
5 0.706464 0.229741 0.587073 0.459482
5 0.690082 0.229361 0.619837 0.458722
5 0.686013 0.197642 0.627975 0.395284
5 0.696150 0.276809 0.607700 0.553619
5 0.704413 0.276865 0.591174 0.553730
5 0.708647 0.277133 0.582706 0.554266
5 0.700268 0.277049 0.599465 0.554098
5 0.710575 0.261422 0.578849 0.522843
5 0.706408 0.261453 0.587184 0.522906
5 0.702296 0.261338 0.595408 0.522675
5 0.698145 0.261098 0.603710 0.522196
5 0.692027 0.245686 0.615947 0.491372
5 0.530336 0.128563 0.532128 0.257125
5 0.546854 0.129140 0.548646 0.258279
5 0.563523 0.128402 0.565315 0.256804
5 0.733167 0.245469 0.533665 0.490938