5 0.158166 0.364414 0.316331 0.368597
5 0.170757 0.362415 0.341515 0.366599
5 0.189079 0.386133 0.378158 0.390317
5 0.189479 0.338697 0.378957 0.342881
5 0.213538 0.340474 0.427076 0.344658
5 0.219758 0.316961 0.439516 0.321145
5 0.244569 0.364807 0.489139 0.368991
5 0.262583 0.342014 0.525166 0.346198
5 0.281405 0.319663 0.562811 0.323846
5 0.300154 0.342455 0.600308 0.346639
5 0.306551 0.365395 0.613102 0.369579
5 0.318977 0.365542 0.637953 0.369726
5 0.293978 0.409951 0.587956 0.414135
5 0.394932 0.319502 0.789865 0.323686
5 0.382507 0.319355 0.765013 0.323539
5 0.375999 0.295461 0.751998 0.299645
5 0.549335 0.362383 0.901330 0.366566
5 0.545711 0.375041 0.908577 0.366643
5 0.559588 0.383634 0.880825 0.387817
5 0.557164 0.408016 0.885672 0.412200
5 0.559252 0.429715 0.881496 0.433898
5 0.576066 0.428149 0.847867 0.432332
5 0.575958 0.473309 0.848085 0.477492
5 0.580191 0.472440 0.839617 0.476624
5 0.580409 0.515646 0.839183 0.519829
5 0.576103 0.515960 0.847793 0.520144
5 0.578310 0.537373 0.843380 0.541556
5 0.573913 0.536918 0.852173 0.541102
5 0.571808 0.557130 0.856384 0.561314
5 0.576205 0.558024 0.847590 0.562208
5 0.580397 0.558464 0.839205 0.562648
5 0.584810 0.558244 0.830381 0.562428