5 0.486112 0.139751 0.972225 0.279503
5 0.498308 0.140250 0.996617 0.280500
5 0.474154 0.139510 0.948307 0.279020
5 0.424552 0.138995 0.849103 0.277989
5 0.436562 0.138908 0.873123 0.277816
5 0.448873 0.138671 0.897746 0.277342
5 0.325864 0.135471 0.651728 0.270942
5 0.288409 0.136514 0.576817 0.273028
5 0.140346 0.132371 0.280691 0.264743
5 0.152836 0.132456 0.305673 0.264911
5 0.165282 0.133012 0.330565 0.266024
5 0.177650 0.133393 0.355301 0.266787
5 0.190161 0.133687 0.380322 0.267375
5 0.588072 0.129298 0.823857 0.258596
5 0.583443 0.128482 0.833115 0.256965
5 0.579034 0.129298 0.841932 0.258595
5 0.590396 0.147997 0.819209 0.295995
5 0.585462 0.146019 0.829077 0.292039
5 0.592837 0.128453 0.814326 0.256906
5 0.576498 0.145462 0.847003 0.290923
5 0.564361 0.143983 0.871279 0.287965
5 0.562060 0.160041 0.875880 0.320081
5 0.574244 0.161097 0.851511 0.322194
5 0.576146 0.177367 0.847708 0.354733
5 0.580325 0.177684 0.839350 0.355367
5 0.523142 0.141937 0.953715 0.283875
5 0.525380 0.125158 0.949241 0.250316
5 0.535416 0.142357 0.929168 0.284713
5 0.546070 0.126554 0.907860 0.253109
5 0.543753 0.142993 0.912495 0.285985