6 0.130832 0.219447 0.129057 0.224011
5 0.596391 0.290358 0.599342 0.290686
5 0.613140 0.288975 0.616090 0.289303
5 0.630586 0.290823 0.633536 0.291151
5 0.638572 0.266528 0.641523 0.266856
5 0.655630 0.266877 0.658581 0.267205
5 0.641337 0.286172 0.642967 0.290523
5 0.670492 0.261845 0.659017 0.266196
5 0.668398 0.284687 0.663205 0.289038
5 0.676735 0.286629 0.646530 0.290980
5 0.672566 0.285144 0.654867 0.289495
5 0.674508 0.308900 0.650984 0.313251
5 0.649865 0.308558 0.651495 0.312908
5 0.556021 0.282917 0.557651 0.287268
5 0.521758 0.281889 0.523387 0.286240
5 0.538890 0.282575 0.540519 0.286925
5 0.587785 0.265676 0.590735 0.266004
5 0.570351 0.265346 0.573302 0.265674
5 0.553978 0.265333 0.556929 0.265661
5 0.536544 0.265003 0.539495 0.265331
5 0.520057 0.265333 0.523008 0.265661
5 0.502852 0.265003 0.505803 0.265331
5 0.444042 0.286139 0.446993 0.286467
5 0.461018 0.287222 0.463969 0.287550
5 0.477593 0.287024 0.480544 0.287351
5 0.494588 0.287091 0.497539 0.287418
5 0.510961 0.287103 0.513912 0.287431
5 0.452148 0.263862 0.455098 0.264190
5 0.486542 0.264915 0.489493 0.265243
5 0.468914 0.264982 0.471865 0.265310
5 0.478214 0.243794 0.481165 0.244122
5 0.427139 0.285518 0.430089 0.285845
5 0.452742 0.308760 0.455693 0.309087
5 0.469967 0.309843 0.472918 0.310171
5 0.486542 0.309644 0.489493 0.309972
5 0.503000 0.309802 0.505950 0.310130
5 0.519373 0.309814 0.522323 0.310142
5 0.505790 0.327030 0.507419 0.331381
5 0.557378 0.328447 0.559008 0.332797
5 0.553748 0.311277 0.556699 0.311605
5 0.536481 0.310655 0.539432 0.310983
5 0.571058 0.311155 0.574009 0.311483
5 0.494830 0.332122 0.497781 0.332450
5 0.545908 0.333694 0.548859 0.334022
5 0.522774 0.327518 0.524404 0.331868
5 0.664662 0.335194 0.667613 0.335522
5 0.671609 0.313616 0.656782 0.313944
5 0.675902 0.269245 0.648195 0.269572
5 0.680083 0.270054 0.639833 0.270382
5 0.686326 0.293625 0.627349 0.293953
5 0.682145 0.292816 0.635710 0.293144
5 0.690677 0.292816 0.618646 0.293144
5 0.694858 0.293625 0.610285 0.293953
5 0.692664 0.315751 0.614671 0.316078
5 0.688484 0.314941 0.623033 0.315269
5 0.684132 0.315751 0.631735 0.316078
5 0.679952 0.314941 0.640097 0.315269
5 0.684266 0.270112 0.631469 0.270440
5 0.688447 0.270921 0.623107 0.271249
5 0.692798 0.270112 0.614405 0.270440
5 0.696979 0.270921 0.606043 0.271249
5 0.712274 0.293249 0.575453 0.293577
5 0.707840 0.293386 0.584319 0.293714
5 0.703521 0.294006 0.592958 0.294334
5 0.699182 0.293764 0.601635 0.294092
5 0.710016 0.315335 0.579967 0.315663
5 0.714292 0.315766 0.571416 0.316094
5 0.714670 0.271489 0.570659 0.271817
5 0.710237 0.271626 0.579526 0.271954
5 0.716531 0.292303 0.566938 0.292631
5 0.718644 0.314252 0.562712 0.314580
5 0.707778 0.338661 0.584444 0.338989
5 0.711909 0.338609 0.576183 0.338936
5 0.716342 0.338472 0.567317 0.338800
5 0.720599 0.337526 0.558802 0.337853
5 0.705405 0.360595 0.589190 0.360923
5 0.703386 0.337660 0.593228 0.337988
5 0.701345 0.315576 0.597310 0.315904
5 0.733359 0.284823 0.533282 0.285151
5 0.727022 0.307109 0.545957 0.307437
5 0.722619 0.308359 0.554762 0.308686
5 0.724985 0.284351 0.550030 0.284679
5 0.720684 0.285295 0.558632 0.285623
5 0.722719 0.262203 0.554561 0.262531
5 0.729918 0.303094 0.540165 0.307444
5 0.727728 0.330282 0.544543 0.334632
5 0.723553 0.330282 0.552893 0.334632
5 0.734144 0.304621 0.531713 0.308972
5 0.737712 0.285128 0.524575 0.285456
5 0.739443 0.309414 0.521113 0.309742
5 0.736027 0.331198 0.527945 0.335549
5 0.731827 0.330740 0.536346 0.335091
5 0.726780 0.360286 0.546439 0.360614
5 0.722461 0.360906 0.555079 0.361234
5 0.730933 0.360760 0.538133 0.361088
5 0.735165 0.362105 0.529669 0.362433
5 0.740353 0.332640 0.519293 0.336991
5 0.747776 0.318114 0.504448 0.318442
5 0.743513 0.314924 0.512974 0.315252
5 0.747719 0.275630 0.504562 0.275958
5 0.745796 0.338717 0.508407 0.339045
5 0.747806 0.361914 0.504387 0.362242
5 0.300560 0.303527 0.303511 0.303855
5 0.292292 0.281160 0.295242 0.281487
5 0.326091 0.326047 0.329041 0.326375
5 0.342962 0.326144 0.345912 0.326472
5 0.375792 0.327942 0.378743 0.328270
5 0.410267 0.330441 0.413217 0.330769
5 0.427576 0.331355 0.430527 0.331683
5 0.378699 0.344970 0.380329 0.349320
5 0.371092 0.368010 0.372721 0.372361
5 0.354240 0.366346 0.355869 0.370697
5 0.351106 0.303442 0.354057 0.303770
5 0.334111 0.303376 0.337062 0.303703
5 0.359222 0.327486 0.362173 0.327814
5 0.392506 0.328635 0.395457 0.328963
5 0.366831 0.305273 0.369782 0.305601
5 0.317536 0.304610 0.320487 0.304938
5 0.309849 0.281378 0.312800 0.281705
5 0.343821 0.282177 0.346772 0.282505
5 0.359370 0.282519 0.362321 0.282847
5 0.375308 0.283356 0.378259 0.283684
5 0.392633 0.284038 0.395584 0.284366
5 0.400698 0.262322 0.403649 0.262650
5 0.326954 0.282244 0.329904 0.282572
5 0.417778 0.307375 0.420729 0.307703
5 0.400468 0.306461 0.403419 0.306789
5 0.383437 0.262121 0.386387 0.262449
5 0.334587 0.349514 0.337538 0.349841
5 0.351458 0.349611 0.354409 0.349939
5 0.367719 0.350953 0.370669 0.351280
5 0.402217 0.351899 0.405167 0.352227
5 0.283795 0.260323 0.286746 0.260651
5 0.301892 0.258922 0.304843 0.259250
5 0.301140 0.349716 0.304091 0.350044
5 0.317742 0.349004 0.320692 0.349332
5 0.343771 0.371864 0.346722 0.372192
5 0.275593 0.282187 0.278544 0.282515
5 0.283550 0.304812 0.286501 0.305140
5 0.292374 0.326856 0.295325 0.327184
5 0.173919 0.328585 0.176870 0.328913
5 0.183578 0.350691 0.186529 0.351019
5 0.192602 0.373395 0.195553 0.373723
5 0.200160 0.395453 0.203111 0.395781
5 0.218627 0.395410 0.221578 0.395738
5 0.234513 0.394404 0.237464 0.394732
5 0.261516 0.344130 0.263146 0.348481
5 0.242586 0.372755 0.245536 0.373083
5 0.234658 0.350931 0.237608 0.351259
5 0.225600 0.329726 0.228551 0.330054
5 0.209393 0.328680 0.212344 0.329008
5 0.191399 0.328888 0.194350 0.329216
5 0.200999 0.351006 0.203949 0.351334
5 0.225775 0.372918 0.228726 0.373246
5 0.217618 0.351214 0.220569 0.351541
5 0.209473 0.373493 0.212424 0.373820
5 0.260183 0.372772 0.263134 0.373099
5 0.276365 0.372558 0.279315 0.372886
5 0.293175 0.372395 0.296126 0.372722
5 0.251478 0.394385 0.254429 0.394713
5 0.269075 0.394401 0.272026 0.394729
5 0.285257 0.394187 0.288208 0.394515
5 0.302909 0.395466 0.305860 0.395794
5 0.227039 0.416860 0.229990 0.417187
5 0.243285 0.416034 0.246236 0.416362
5 0.260370 0.415654 0.263321 0.415982
5 0.277727 0.415671 0.280678 0.415999
5 0.294750 0.416358 0.297701 0.416686
5 0.311801 0.416736 0.314752 0.417064
5 0.209052 0.416903 0.212003 0.417231
5 0.200794 0.437489 0.203745 0.437817
5 0.218781 0.437446 0.221732 0.437774
5 0.235978 0.437413 0.238929 0.437740
5 0.252112 0.436241 0.255063 0.436568
5 0.269470 0.436257 0.272420 0.436585
5 0.286492 0.436944 0.289443 0.437272
5 0.303543 0.437322 0.306494 0.437650
5 0.278252 0.457545 0.281203 0.457873
5 0.261229 0.457492 0.264180 0.457820
5 0.244506 0.458268 0.247457 0.458596
5 0.227738 0.458013 0.230689 0.458341
5 0.210541 0.458047 0.213491 0.458375
5 0.192554 0.458090 0.195505 0.458418
5 0.219309 0.478806 0.222260 0.479134
5 0.236506 0.478773 0.239457 0.479101
5 0.253275 0.479027 0.256225 0.479355
5 0.270209 0.478568 0.273160 0.478896
5 0.287443 0.479414 0.290394 0.479742
5 0.227972 0.499090 0.230923 0.499418
5 0.245169 0.499057 0.248120 0.499385
5 0.261937 0.499311 0.264888 0.499639
5 0.278766 0.500278 0.281717 0.500606
5 0.296106 0.500966 0.299057 0.501294
5 0.312059 0.458972 0.315009 0.459299
5 0.304016 0.479994 0.306966 0.480322
5 0.157290 0.414670 0.160241 0.414998
5 0.166370 0.436428 0.169320 0.436756
5 0.183700 0.436395 0.186651 0.436723
5 0.174743 0.415827 0.177694 0.416155
5 0.233358 0.306001 0.236309 0.306328
5 0.250459 0.305533 0.253410 0.305861
5 0.266993 0.305029 0.269943 0.305357
5 0.216546 0.306856 0.219496 0.307184
5 0.241094 0.283947 0.244045 0.284275
5 0.224450 0.284243 0.227401 0.284571
5 0.257627 0.283443 0.260578 0.283771
5 0.215998 0.262315 0.218949 0.262643
5 0.249176 0.261514 0.252126 0.261842
5 0.232843 0.261857 0.235794 0.262185
5 0.207661 0.284072 0.210612 0.284400
5 0.242038 0.327758 0.244989 0.328086
5 0.275673 0.326786 0.278623 0.327114
5 0.319201 0.395143 0.322152 0.395471
5 0.174699 0.457189 0.177650 0.457517
5 0.183601 0.519295 0.186552 0.519623
5 0.201987 0.519262 0.204937 0.519589
5 0.219151 0.520110 0.222102 0.520438
5 0.236508 0.520483 0.239459 0.520811
5 0.192768 0.540221 0.195718 0.540549
5 0.210171 0.540711 0.213122 0.541039
5 0.227528 0.541084 0.230479 0.541412
5 0.175099 0.540613 0.178050 0.540941
5 0.156793 0.539698 0.159744 0.540026
5 0.166331 0.561256 0.169282 0.561584
5 0.201498 0.561929 0.204449 0.562256
5 0.218902 0.562418 0.221853 0.562746
5 0.236259 0.562791 0.239210 0.563119
5 0.261973 0.542519 0.264923 0.542847
5 0.244616 0.542146 0.247566 0.542474
5 0.253346 0.563853 0.256297 0.564181
5 0.270703 0.564226 0.273654 0.564554
5 0.253087 0.521556 0.256038 0.521884
5 0.192400 0.499169 0.195351 0.499496
5 0.184070 0.478408 0.187021 0.478735
5 0.201373 0.604300 0.204324 0.604628
5 0.192206 0.583374 0.195157 0.583702
5 0.210104 0.626007 0.213054 0.626335
5 0.227507 0.626497 0.230458 0.626825
5 0.244864 0.626870 0.247815 0.627198
5 0.227756 0.584189 0.230707 0.584517
5 0.210592 0.583341 0.213543 0.583668
5 0.218776 0.604790 0.221727 0.605118
5 0.236134 0.605163 0.239084 0.605491
5 0.201021 0.647200 0.203972 0.647528
5 0.218425 0.647689 0.221376 0.648017
5 0.235782 0.648062 0.238733 0.648390
5 0.245038 0.584567 0.247989 0.584895
5 0.254046 0.606109 0.256997 0.606437
5 0.262446 0.585703 0.265397 0.586031
5 0.262245 0.627112 0.265196 0.627440
5 0.604918 0.265957 0.607869 0.266285
5 0.621666 0.264574 0.624617 0.264902
5 0.579451 0.289012 0.582401 0.289340
5 0.596749 0.334210 0.599700 0.334538
5 0.579440 0.334332 0.582390 0.334660
5 0.676579 0.330452 0.646843 0.334803