6 0.499239 0.196247 0.981491 0.195106
5 0.359465 0.253778 0.718931 0.257614
5 0.346532 0.252939 0.693063 0.256775
5 0.553311 0.335840 0.893377 0.339675
5 0.557623 0.336678 0.884755 0.340514
5 0.559546 0.359433 0.880908 0.363269
5 0.555343 0.358594 0.889314 0.362430
5 0.551198 0.358594 0.897603 0.362430
5 0.542801 0.312273 0.914398 0.316108
5 0.547189 0.312923 0.905621 0.316758
5 0.551474 0.312787 0.897053 0.316622
5 0.532643 0.290331 0.934715 0.294166
5 0.530530 0.313085 0.938940 0.316921
5 0.570435 0.294401 0.859129 0.298236
5 0.578647 0.425487 0.842706 0.429322
5 0.540823 0.380122 0.918354 0.383957
5 0.542936 0.357367 0.914128 0.361203