5 0.318082 0.159365 0.331410 0.318730
5 0.308348 0.144536 0.321555 0.289071
5 0.330546 0.127702 0.343046 0.255405
5 0.362064 0.127569 0.375225 0.255138
5 0.284250 0.130507 0.295434 0.261014
5 0.292974 0.144936 0.305763 0.289872
5 0.288524 0.189947 0.302916 0.379893
5 0.249349 0.176987 0.261832 0.353974
5 0.264663 0.176586 0.277506 0.353171
5 0.272498 0.160153 0.284036 0.320305
5 0.224064 0.133300 0.236422 0.266600
5 0.243116 0.221059 0.256906 0.442118
5 0.328232 0.174445 0.340493 0.348890
5 0.343901 0.174310 0.356049 0.348620
5 0.371144 0.141792 0.383944 0.283583
5 0.355298 0.143126 0.368509 0.286252
5 0.401653 0.138061 0.413445 0.276122
5 0.386636 0.140600 0.398958 0.281200
5 0.241158 0.163093 0.253287 0.326186
5 0.234747 0.207449 0.246875 0.414899
5 0.234429 0.179271 0.246357 0.358542
5 0.218617 0.208259 0.230840 0.416518
5 0.204197 0.237492 0.216197 0.474984
5 0.430825 0.135616 0.443104 0.271232
5 0.378128 0.125271 0.390088 0.250542
5 0.346264 0.128259 0.359749 0.256518
5 0.460391 0.133891 0.473182 0.267782
5 0.445225 0.133891 0.457654 0.267782
5 0.439201 0.150557 0.452444 0.301113
5 0.490417 0.132975 0.502592 0.265950
5 0.469429 0.150102 0.481446 0.300204
5 0.484902 0.149066 0.497383 0.298132
5 0.479386 0.164238 0.490333 0.328477
5 0.488885 0.180100 0.499833 0.360201
5 0.536833 0.132171 0.549174 0.264341
5 0.521514 0.131712 0.533340 0.263423
5 0.506503 0.134126 0.518324 0.268251
5 0.548476 0.176764 0.561057 0.353528
5 0.598570 0.127869 0.610691 0.255739
5 0.591677 0.143041 0.603847 0.286081
5 0.577123 0.144074 0.587707 0.288148
5 0.585702 0.158673 0.597310 0.317346
5 0.613123 0.127523 0.625197 0.255046
5 0.675281 0.134299 0.649438 0.268597
5 0.693792 0.127923 0.612416 0.255847
5 0.696421 0.142750 0.607158 0.285501
5 0.701093 0.171141 0.597815 0.342282
5 0.247744 0.148582 0.260668 0.297164