6 0.159572 0.269070 0.319144 0.269439
5 0.414424 0.357775 0.828848 0.349794
5 0.401549 0.356916 0.803097 0.348936
5 0.408416 0.333597 0.816831 0.325617
5 0.388673 0.356630 0.777346 0.348650
5 0.394896 0.380378 0.789793 0.372398
5 0.375941 0.357345 0.751882 0.349365
5 0.369360 0.333884 0.738720 0.325903
5 0.420576 0.381093 0.841151 0.373113
5 0.401048 0.403840 0.802096 0.395859
5 0.369575 0.380807 0.739149 0.372827
5 0.362922 0.404269 0.725845 0.396289
5 0.356771 0.381093 0.713542 0.373113
5 0.350119 0.404555 0.700237 0.396575
5 0.350476 0.358347 0.700953 0.350366
5 0.337672 0.358919 0.675345 0.350939
5 0.343967 0.381666 0.687934 0.373685
5 0.337315 0.405127 0.674629 0.397147
5 0.395050 0.426724 0.790100 0.418743
5 0.401602 0.449423 0.803203 0.441443
5 0.369306 0.427093 0.738612 0.419112
5 0.343752 0.427439 0.687503 0.419459
5 0.305673 0.383511 0.611347 0.375531
5 0.318477 0.382939 0.636955 0.374958
5 0.331097 0.382099 0.662193 0.374119
5 0.299377 0.360424 0.598753 0.352444
5 0.286573 0.360258 0.573146 0.352278
5 0.305377 0.336773 0.610753 0.328793
5 0.312225 0.360074 0.624450 0.352093
5 0.311467 0.313151 0.622933 0.305171
5 0.292940 0.337374 0.585879 0.329394
5 0.280678 0.335940 0.561357 0.327960
5 0.255263 0.336914 0.510526 0.328933
5 0.261730 0.359312 0.523460 0.351331
5 0.274534 0.359478 0.549068 0.351497
5 0.255026 0.383603 0.510053 0.375622
5 0.229573 0.337518 0.459146 0.329537
5 0.235941 0.361204 0.471881 0.353224
5 0.223428 0.360739 0.446857 0.352759
5 0.158771 0.360265 0.317542 0.352284
5 0.171575 0.360430 0.343150 0.352450
5 0.184776 0.360664 0.369552 0.352684
5 0.197922 0.359873 0.395843 0.351893
5 0.210770 0.359523 0.421540 0.351542
5 0.177932 0.336508 0.355863 0.328527
5 0.217140 0.384662 0.434280 0.376682
5 0.204071 0.384539 0.408143 0.376559
5 0.191223 0.384890 0.382446 0.376909
5 0.152742 0.384890 0.305483 0.376909
5 0.165590 0.384539 0.331180 0.376559
5 0.132938 0.360918 0.265876 0.352937
5 0.145361 0.360313 0.290722 0.352333
5 0.151780 0.336776 0.303560 0.328796
5 0.139000 0.337381 0.278001 0.329401
5 0.139299 0.383493 0.278597 0.375512
5 0.126875 0.384098 0.253751 0.376117
5 0.452617 0.357641 0.905234 0.349661
5 0.439674 0.357995 0.879349 0.350015
5 0.426934 0.357440 0.853867 0.349459
5 0.433063 0.379936 0.866126 0.371955
5 0.445803 0.380491 0.891607 0.372511
5 0.458746 0.380137 0.917492 0.372157
5 0.464808 0.403307 0.929616 0.395326
5 0.452000 0.403526 0.904000 0.395545
5 0.426570 0.403455 0.853140 0.395474
5 0.471701 0.334363 0.943402 0.326383
5 0.458758 0.334717 0.917516 0.326737
5 0.433508 0.334496 0.867016 0.326516
5 0.440848 0.310589 0.881696 0.302609
5 0.477957 0.356415 0.955914 0.348434
5 0.477409 0.309183 0.954819 0.301203
5 0.500614 0.309068 0.998773 0.301088
5 0.496799 0.332305 0.993598 0.324325
5 0.490220 0.355781 0.980440 0.347800
5 0.500521 0.355764 0.998957 0.347784
5 0.496319 0.379240 0.992639 0.371259
5 0.500414 0.402856 0.999173 0.394875
5 0.502607 0.379380 0.994787 0.371400
5 0.471232 0.380500 0.942464 0.372519
5 0.511204 0.333520 0.977591 0.325539
5 0.509061 0.310390 0.981877 0.302410
5 0.513317 0.355817 0.973366 0.347837
5 0.511124 0.379293 0.977752 0.371313
5 0.508951 0.356147 0.982099 0.348167
5 0.506838 0.333849 0.986324 0.325869
5 0.506758 0.379623 0.986485 0.371642
5 0.508817 0.402032 0.982366 0.394051
5 0.513101 0.402361 0.973797 0.394381
5 0.515271 0.379128 0.969458 0.371148
5 0.521638 0.356147 0.956724 0.348167
5 0.519390 0.378304 0.961220 0.370324
5 0.527652 0.377732 0.944695 0.369752
5 0.540793 0.331657 0.918415 0.323677
5 0.536495 0.331503 0.927010 0.323522
5 0.538449 0.354813 0.923103 0.346833
5 0.536279 0.378047 0.927442 0.370066
5 0.531995 0.377717 0.936010 0.369737
5 0.534302 0.354978 0.931396 0.346998
5 0.532128 0.331832 0.935744 0.323852
5 0.529663 0.400982 0.940675 0.393002
5 0.533947 0.401312 0.932107 0.393331
5 0.546804 0.399213 0.906392 0.391232
5 0.542520 0.398883 0.914961 0.390903
5 0.544765 0.376318 0.910471 0.368337
5 0.544442 0.423003 0.911115 0.415022
5 0.519217 0.423772 0.961565 0.415792
5 0.523501 0.424102 0.952997 0.416121
5 0.531540 0.468561 0.936919 0.460580
5 0.546465 0.491210 0.907070 0.483229
5 0.570213 0.466423 0.859574 0.458443
5 0.565772 0.467634 0.868457 0.459653
5 0.561464 0.467798 0.877072 0.459818
5 0.557097 0.468128 0.885805 0.460147
5 0.557162 0.513347 0.885676 0.505366
5 0.561464 0.513017 0.877072 0.505037
5 0.565780 0.513017 0.868441 0.505037
5 0.559209 0.491181 0.881581 0.483200
5 0.576794 0.489055 0.846411 0.481075
5 0.568227 0.397071 0.863545 0.389091
5 0.565941 0.420261 0.868119 0.412280
5 0.559338 0.444802 0.881324 0.436822
5 0.554972 0.445132 0.890057 0.437152
5 0.559384 0.535956 0.881232 0.527976
5 0.563686 0.535627 0.872628 0.527646
5 0.568002 0.535627 0.863996 0.527646
5 0.565844 0.558236 0.868312 0.550256
5 0.581007 0.579156 0.837986 0.571175
5 0.576691 0.579557 0.846617 0.571577
5 0.572389 0.579887 0.855221 0.571906
5 0.578801 0.601422 0.842399 0.593441
5 0.570216 0.602353 0.859568 0.594373
5 0.572345 0.623688 0.855310 0.615707