6 0.503014 0.296383 0.993971 0.301550
4 0.503445 0.304134 0.993110 0.308932
5 0.330482 0.487087 0.660963 0.484803
5 0.305585 0.570133 0.611170 0.567849
5 0.293248 0.611937 0.586496 0.609653
5 0.256339 0.569317 0.512677 0.567034
5 0.237805 0.590544 0.475609 0.588261
5 0.226003 0.589594 0.452006 0.587310
5 0.219508 0.610662 0.439017 0.608378
5 0.231468 0.611612 0.462937 0.609329
5 0.176538 0.588227 0.353076 0.585943
5 0.183033 0.567158 0.366065 0.564875
5 0.207548 0.568063 0.415097 0.565779
5 0.159057 0.608060 0.318115 0.605776
5 0.171017 0.609010 0.342035 0.606726
5 0.188948 0.630868 0.377897 0.628584
5 0.176988 0.630310 0.353977 0.628026
5 0.201513 0.631522 0.403027 0.629239
5 0.159057 0.650990 0.318115 0.648706
5 0.171017 0.651547 0.342035 0.649264
5 0.177285 0.668575 0.354570 0.662850
5 0.189245 0.668714 0.378490 0.662571
5 0.133851 0.606979 0.267702 0.604696
5 0.128436 0.628815 0.256873 0.626531
5 0.140950 0.668532 0.281899 0.662935
5 0.128701 0.668336 0.257401 0.663328
5 0.135035 0.673863 0.270071 0.652274
5 0.159059 0.673802 0.318118 0.652397
5 0.165158 0.679346 0.330316 0.641308
5 0.159211 0.684435 0.318421 0.631131
5 0.177406 0.679240 0.354812 0.641520
5 0.441428 0.399952 0.882855 0.397668
5 0.428932 0.399183 0.857864 0.396899
5 0.404518 0.398414 0.809036 0.396130
5 0.379713 0.443013 0.759427 0.440729
5 0.294980 0.443807 0.589961 0.441523
5 0.543568 0.576697 0.912864 0.574413
5 0.554012 0.556417 0.891976 0.554133
5 0.558305 0.556823 0.883391 0.554539
5 0.556006 0.578116 0.887988 0.575833
5 0.551916 0.577305 0.896167 0.575022
5 0.537146 0.597382 0.925708 0.595099
5 0.541236 0.598194 0.917529 0.595910
5 0.529372 0.556214 0.941256 0.553931
5 0.547320 0.619690 0.905361 0.617407
5 0.551511 0.619487 0.896978 0.617204
5 0.543061 0.619487 0.913878 0.617204
5 0.553336 0.641390 0.893328 0.639106
5 0.549145 0.641593 0.901711 0.639309
5 0.577524 0.643323 0.844953 0.641040
5 0.573421 0.641127 0.853157 0.638844
5 0.569584 0.641058 0.860831 0.638774