5 0.515752 0.548446 0.968495 0.554204
5 0.513705 0.526252 0.972589 0.532009
5 0.509701 0.527114 0.980598 0.532871
5 0.515393 0.503842 0.969214 0.509599
5 0.519775 0.546615 0.960451 0.552372
5 0.517853 0.569779 0.964293 0.575536
5 0.519846 0.591112 0.960307 0.596869
5 0.525672 0.566703 0.948655 0.572460
5 0.527694 0.588526 0.944613 0.594283
5 0.531752 0.587664 0.936496 0.593421
5 0.529651 0.564715 0.940698 0.570472
5 0.507913 0.592437 0.984173 0.598195
5 0.511957 0.592507 0.976086 0.598265
5 0.509777 0.569705 0.980446 0.575462
5 0.505705 0.568861 0.988590 0.574618
5 0.500083 0.592179 0.999834 0.597936
5 0.506004 0.614317 0.987991 0.620074
5 0.510048 0.614387 0.979904 0.620144
5 0.515900 0.592108 0.968200 0.597865
5 0.513970 0.613270 0.972060 0.619028
5 0.517913 0.612871 0.964174 0.618628
5 0.521860 0.611875 0.956281 0.617632
5 0.535736 0.586215 0.928528 0.591972
5 0.533635 0.563266 0.932730 0.569024
5 0.540983 0.518883 0.918034 0.524640
5 0.549179 0.518662 0.901642 0.524419
5 0.553351 0.516984 0.893299 0.522742
5 0.555518 0.537818 0.888964 0.543575
5 0.551463 0.539356 0.897074 0.545114
5 0.543260 0.540894 0.913480 0.546652
5 0.545404 0.562707 0.909192 0.568464
5 0.559822 0.622517 0.880357 0.628274
5 0.545660 0.605633 0.908680 0.611391
5 0.564063 0.620839 0.871874 0.626596
5 0.555774 0.579906 0.888452 0.585663
5 0.547408 0.541034 0.905184 0.546791
5 0.553894 0.602536 0.892213 0.608293
5 0.545787 0.648467 0.908426 0.654224
5 0.547794 0.626217 0.904412 0.631974
5 0.541747 0.649672 0.916506 0.655429
5 0.543754 0.627422 0.912492 0.633179
5 0.395047 0.596647 0.790093 0.602404
5 0.406869 0.595689 0.813737 0.601447
5 0.418646 0.595598 0.837293 0.601356
5 0.430743 0.594808 0.861486 0.600565
5 0.412839 0.572779 0.825677 0.578536
5 0.401061 0.572870 0.802122 0.578627
5 0.406612 0.550256 0.813223 0.556013
5 0.447993 0.572779 0.895986 0.578536
5 0.454109 0.595496 0.908218 0.601253
5 0.412839 0.618212 0.825677 0.623970
5 0.365175 0.576208 0.730349 0.581965
5 0.383058 0.553436 0.766116 0.559194
5 0.341449 0.576089 0.682898 0.581846
5 0.312171 0.553403 0.624342 0.559160
5 0.324153 0.553558 0.648305 0.559315
5 0.525879 0.611875 0.948241 0.617632
5 0.466168 0.595496 0.932336 0.601253
5 0.535760 0.630751 0.928480 0.636508
5 0.531741 0.630751 0.936519 0.636508
5 0.529666 0.609917 0.940667 0.615675
5 0.533616 0.609218 0.932768 0.614975
5 0.519925 0.633408 0.960149 0.639165
5 0.523945 0.633408 0.952110 0.639165
5 0.529934 0.652983 0.940132 0.658741
5 0.525914 0.652983 0.948171 0.658741
5 0.533721 0.651026 0.932557 0.656783
5 0.537671 0.650327 0.924658 0.656084
5 0.539615 0.666590 0.920770 0.666820
5 0.543588 0.666143 0.912824 0.667713
5 0.547594 0.665868 0.904813 0.668264
5 0.555597 0.665167 0.888805 0.669667
5 0.553791 0.645662 0.892419 0.651420
5 0.561698 0.643393 0.876603 0.649150
5 0.559691 0.664971 0.880617 0.670057
5 0.561765 0.669879 0.876469 0.660242
5 0.563772 0.663022 0.872455 0.668780
5 0.567716 0.661620 0.864568 0.667377
5 0.565709 0.669528 0.868583 0.660944
5 0.569936 0.640589 0.860128 0.646346
5 0.572010 0.660218 0.855980 0.665975
5 0.569854 0.669213 0.860291 0.661574
5 0.563598 0.675106 0.872804 0.649788
5 0.567691 0.674755 0.864617 0.650489
5 0.571837 0.674440 0.856326 0.651120
5 0.448498 0.616819 0.896995 0.622576
5 0.460557 0.616819 0.921113 0.622576
5 0.430915 0.639015 0.861831 0.644772
5 0.454608 0.638516 0.909216 0.644273
5 0.523793 0.544880 0.952413 0.550637
5 0.517982 0.654398 0.964036 0.660155
5 0.371462 0.597631 0.742923 0.603388