5 0.552626 0.204394 0.894748 0.408789
5 0.568296 0.200286 0.863408 0.400572
5 0.562586 0.186794 0.874828 0.373587
5 0.570330 0.214594 0.859339 0.429188
5 0.564246 0.200961 0.871508 0.401922
5 0.556357 0.203456 0.887286 0.406913
5 0.560360 0.202586 0.879279 0.405172
5 0.568142 0.229361 0.863716 0.458722
5 0.566186 0.215398 0.867628 0.430797
5 0.568393 0.258991 0.863214 0.517982
5 0.566254 0.244618 0.867492 0.489237
5 0.564110 0.230694 0.871781 0.461387
5 0.562221 0.217039 0.875557 0.434077
5 0.564087 0.259914 0.871827 0.519828
5 0.562108 0.246156 0.875785 0.492312
5 0.560100 0.231924 0.879801 0.463848
5 0.558211 0.218166 0.883577 0.436333
5 0.554338 0.218679 0.891323 0.437358
5 0.556181 0.233052 0.887638 0.466104
5 0.558052 0.247284 0.883896 0.494568
5 0.560031 0.261042 0.879938 0.522083
5 0.548140 0.130179 0.903720 0.260358
5 0.549521 0.146060 0.900957 0.292120
5 0.551220 0.160563 0.897560 0.321126
5 0.552802 0.175008 0.894396 0.350016
5 0.554663 0.188872 0.890674 0.377744
5 0.551902 0.129434 0.896196 0.258867
5 0.553402 0.145102 0.893197 0.290204
5 0.555148 0.159392 0.889705 0.318783
5 0.556682 0.173837 0.886635 0.347673
5 0.558472 0.187914 0.883055 0.375827
5 0.549017 0.176285 0.901967 0.352571
5 0.547364 0.161840 0.905273 0.323681
5 0.545783 0.146273 0.908434 0.292546
5 0.544118 0.130818 0.911765 0.261635
5 0.550830 0.190256 0.898340 0.380512
5 0.540048 0.131989 0.919904 0.263978
5 0.541974 0.146166 0.916052 0.292333
5 0.543554 0.161734 0.912891 0.323468
5 0.537999 0.147125 0.924002 0.294249
5 0.539769 0.162160 0.920463 0.324320
5 0.555685 0.129189 0.888629 0.258377
5 0.557348 0.144734 0.885303 0.289469
5 0.559203 0.158657 0.881593 0.317313
5 0.560738 0.173102 0.878524 0.346204
5 0.559523 0.127964 0.880953 0.255927
5 0.561186 0.143510 0.877627 0.287019
5 0.563255 0.157595 0.873490 0.315191
5 0.567256 0.156493 0.865488 0.312986
5 0.565188 0.142407 0.869625 0.284814
5 0.563524 0.126861 0.872951 0.253723
5 0.572494 0.258130 0.855012 0.516260
5 0.570355 0.243757 0.859289 0.487514
5 0.568886 0.170493 0.862229 0.340987
5 0.570476 0.184766 0.859048 0.369533
5 0.572369 0.199098 0.855263 0.398196
5 0.574325 0.213061 0.851350 0.426122
5 0.566518 0.185971 0.866963 0.371943
5 0.572880 0.170387 0.854240 0.340773
5 0.572429 0.228070 0.855143 0.456139
5 0.576464 0.227263 0.847072 0.454525
5 0.576249 0.199096 0.847503 0.398193