5 0.309130 0.432403 0.618259 0.425585
5 0.321399 0.432304 0.642799 0.425486
5 0.333669 0.434498 0.667339 0.427680
5 0.346089 0.434897 0.692178 0.428079
5 0.358608 0.435296 0.717216 0.428478
4 0.369279 0.296014 0.738558 0.298228
5 0.365142 0.412851 0.730284 0.406033
5 0.302909 0.455936 0.605818 0.449118
5 0.312743 0.460621 0.625486 0.456263
5 0.327342 0.456644 0.654684 0.449826
5 0.339762 0.457043 0.679523 0.450225
5 0.352281 0.457442 0.704562 0.450624
5 0.420474 0.437207 0.840948 0.430389
5 0.408156 0.438728 0.816312 0.431909
5 0.395736 0.438329 0.791473 0.431510
5 0.383702 0.437077 0.767405 0.430259
5 0.371197 0.436234 0.742393 0.429416
5 0.427220 0.415542 0.854440 0.408724
5 0.414819 0.415733 0.829637 0.408915
5 0.402399 0.415334 0.804798 0.408516
5 0.390365 0.414083 0.780730 0.407264
5 0.377859 0.413239 0.755718 0.406421
5 0.434059 0.393137 0.868119 0.386319
5 0.421068 0.392974 0.842137 0.386156
5 0.408767 0.393400 0.817534 0.386582
5 0.396674 0.391677 0.793347 0.384859
5 0.415487 0.370025 0.830973 0.363206
5 0.346623 0.390009 0.693246 0.383191
5 0.364888 0.458085 0.729776 0.451267
5 0.377099 0.458392 0.754197 0.451574
5 0.389289 0.458732 0.778579 0.451914
5 0.401701 0.459354 0.803403 0.452536
5 0.414184 0.459501 0.828368 0.452683
5 0.426585 0.459310 0.853171 0.452492
5 0.433027 0.437706 0.866053 0.430888
5 0.439138 0.459809 0.878276 0.452991
5 0.452171 0.415542 0.904343 0.408724
5 0.439770 0.415733 0.879540 0.408915
5 0.445426 0.437207 0.890851 0.430389
5 0.450916 0.460086 0.901833 0.453267
5 0.463469 0.460584 0.926938 0.453766
5 0.457978 0.437706 0.915957 0.430888
5 0.358273 0.479971 0.716545 0.473153
5 0.370880 0.480614 0.741760 0.473796
5 0.382971 0.479723 0.765941 0.472905
5 0.395161 0.480063 0.790323 0.473245
5 0.407573 0.480684 0.815147 0.473866
5 0.420056 0.480831 0.840112 0.474013
5 0.495690 0.438623 0.991380 0.431805
5 0.483074 0.438890 0.966147 0.432072
5 0.470355 0.437984 0.940711 0.431166
5 0.464676 0.415821 0.929353 0.409003
5 0.477163 0.416522 0.954325 0.409704
5 0.489883 0.416459 0.979767 0.409641
5 0.458291 0.393598 0.916581 0.386780
5 0.470777 0.393406 0.941554 0.386588
5 0.483498 0.393343 0.966995 0.386525
5 0.496030 0.393982 0.992060 0.387163
5 0.512761 0.416332 0.974478 0.409513
5 0.508521 0.416394 0.982958 0.409576
5 0.504359 0.415693 0.991283 0.408875
5 0.510462 0.438554 0.979076 0.431736
5 0.506371 0.438489 0.987258 0.431671
5 0.502209 0.437788 0.995582 0.430969
5 0.516464 0.460880 0.967073 0.454061
5 0.512372 0.460815 0.975255 0.453997
5 0.503968 0.460948 0.992065 0.454130
5 0.500000 0.461216 1.000000 0.454398
5 0.508210 0.460113 0.983579 0.453295
5 0.501683 0.484082 0.996635 0.477264
5 0.505888 0.483814 0.988224 0.476996
5 0.514293 0.483681 0.971414 0.476862
5 0.518384 0.483745 0.963232 0.476927
5 0.520590 0.460006 0.958821 0.453188
5 0.518679 0.437746 0.962642 0.430928
5 0.516850 0.414643 0.966300 0.407825
5 0.514588 0.437681 0.970824 0.430863
5 0.523014 0.436568 0.953971 0.429750
5 0.527000 0.436505 0.946000 0.429687
5 0.524927 0.458833 0.950145 0.452015
5 0.522546 0.482109 0.954908 0.475291
5 0.526898 0.480470 0.946205 0.473652
5 0.530834 0.482436 0.938331 0.475618
5 0.529042 0.458898 0.941915 0.452079
5 0.524463 0.504680 0.951075 0.497862
5 0.528530 0.504461 0.942939 0.497643
5 0.517864 0.526759 0.964273 0.519941
5 0.522049 0.526400 0.955901 0.519582
5 0.526235 0.526039 0.947530 0.519221
5 0.545375 0.458842 0.909251 0.452024
5 0.541192 0.459385 0.917616 0.452567
5 0.537040 0.459646 0.925920 0.452828
5 0.532999 0.460824 0.934002 0.454006
5 0.534953 0.481966 0.930094 0.475148
5 0.539031 0.482154 0.921939 0.475336
5 0.543078 0.482036 0.913844 0.475218
5 0.547285 0.481366 0.905430 0.474548
5 0.531022 0.435981 0.937957 0.429163
5 0.535063 0.437136 0.929874 0.430318
5 0.539215 0.436874 0.921570 0.430056
5 0.543397 0.436331 0.913205 0.429513
5 0.537241 0.414585 0.925519 0.407767
5 0.541851 0.365084 0.916298 0.358265
5 0.537699 0.365345 0.924601 0.358527
5 0.539857 0.342066 0.920286 0.335248
5 0.531396 0.344558 0.937209 0.337740
5 0.527188 0.343848 0.945625 0.337030
5 0.523047 0.339488 0.953906 0.332670
5 0.533390 0.318397 0.933220 0.311579
5 0.535570 0.341921 0.928860 0.335103
5 0.539626 0.389681 0.920748 0.382863
5 0.543778 0.389419 0.912444 0.382601
5 0.554019 0.369647 0.891962 0.362828
5 0.550019 0.367170 0.899961 0.360352
5 0.545862 0.364939 0.908276 0.358121
5 0.551794 0.391404 0.896412 0.384586
5 0.547636 0.389174 0.904727 0.382356
5 0.561910 0.459157 0.876180 0.452339
5 0.557675 0.459543 0.884650 0.452725
5 0.553734 0.458858 0.892533 0.452040
5 0.549456 0.457827 0.901089 0.451009
5 0.555916 0.437091 0.888169 0.430272
5 0.551716 0.435271 0.896567 0.428453
5 0.559936 0.436987 0.880128 0.430169
5 0.558019 0.414850 0.883963 0.408032
5 0.562039 0.414747 0.875922 0.407929
5 0.553820 0.413031 0.892361 0.406213
5 0.562225 0.369896 0.875550 0.363078
5 0.560017 0.392610 0.879967 0.385792
5 0.558157 0.369496 0.883686 0.362678
5 0.555653 0.480940 0.888695 0.474122
5 0.559594 0.481625 0.880811 0.474807
5 0.563829 0.481240 0.872341 0.474422
5 0.553042 0.504395 0.893916 0.497577
5 0.548914 0.504908 0.902172 0.498090
5 0.544788 0.505183 0.910424 0.498365
5 0.551421 0.479662 0.897158 0.472844
5 0.569651 0.504143 0.860697 0.497325
5 0.565526 0.503705 0.868948 0.496887
5 0.561282 0.504338 0.877435 0.497520
5 0.567399 0.525893 0.865201 0.519075
5 0.563164 0.526279 0.873671 0.519461
5 0.559113 0.526253 0.881774 0.519435
5 0.554936 0.525634 0.890128 0.518816
5 0.550855 0.526020 0.898290 0.519202
5 0.546648 0.526690 0.906704 0.519872
5 0.571629 0.524905 0.856743 0.518087
5 0.561035 0.547015 0.877929 0.540197
5 0.565003 0.547834 0.869995 0.541016
5 0.569322 0.546655 0.861356 0.539837
5 0.573551 0.545666 0.852898 0.538848
5 0.564309 0.344121 0.871382 0.337303
5 0.566251 0.367235 0.867499 0.360417
5 0.568218 0.390195 0.863564 0.383377
5 0.564191 0.392116 0.871618 0.385298
5 0.566213 0.415406 0.867573 0.408588
5 0.560044 0.346308 0.879912 0.339490
5 0.552464 0.341859 0.895071 0.335041
5 0.570409 0.370061 0.859183 0.363243
5 0.574912 0.369237 0.850175 0.362419
5 0.572496 0.392141 0.855008 0.385323
5 0.576972 0.390823 0.846056 0.384005
5 0.572322 0.437152 0.855357 0.430334
5 0.570061 0.458554 0.859879 0.451736
5 0.574296 0.459322 0.851408 0.452504
5 0.567726 0.481293 0.864547 0.474475
5 0.571961 0.482061 0.856077 0.475243
5 0.578165 0.502660 0.843671 0.495842
5 0.574010 0.502048 0.851979 0.495230
5 0.575913 0.524411 0.848174 0.517592
5 0.591077 0.501616 0.817846 0.494798
5 0.586952 0.501178 0.826096 0.494360
5 0.582564 0.503099 0.834872 0.496281
5 0.576209 0.480466 0.847582 0.473647
5 0.580568 0.480634 0.838863 0.473816
5 0.584693 0.481072 0.830613 0.474254
5 0.570348 0.413996 0.859303 0.407178
5 0.578589 0.457870 0.842822 0.451052
5 0.580823 0.436978 0.838353 0.430160
5 0.585176 0.436978 0.829648 0.430160
5 0.587010 0.459045 0.825980 0.452227
5 0.589354 0.479421 0.821292 0.472603
5 0.587468 0.415041 0.825063 0.408223
5 0.589738 0.435716 0.820525 0.428898
5 0.578908 0.413648 0.842183 0.406830
5 0.583203 0.413300 0.833594 0.406482
5 0.580126 0.522946 0.839747 0.516128
5 0.584486 0.523114 0.831029 0.516296
5 0.586539 0.543664 0.826922 0.536846
5 0.582227 0.544096 0.835546 0.537278
5 0.577928 0.544529 0.844145 0.537711
5 0.165650 0.410592 0.331300 0.403774
5 0.177920 0.410492 0.355840 0.403674
5 0.190338 0.408981 0.380676 0.402163
5 0.215549 0.408476 0.431097 0.401658
5 0.227905 0.409413 0.455811 0.402595
5 0.240488 0.410411 0.480977 0.403593
5 0.253063 0.410118 0.506126 0.403300
5 0.203184 0.409467 0.406368 0.402649
5 0.184233 0.432609 0.368466 0.425791
5 0.169634 0.436586 0.339268 0.432228
5 0.196727 0.431526 0.393454 0.424708
5 0.221906 0.430801 0.443811 0.423983
5 0.234271 0.431572 0.468541 0.424754
5 0.259260 0.431761 0.518519 0.424943
5 0.265637 0.409745 0.531274 0.402927
5 0.278341 0.409460 0.556683 0.402642
5 0.271742 0.431908 0.543484 0.425090
5 0.246616 0.432221 0.493232 0.425403
5 0.209376 0.432012 0.418751 0.425193
5 0.159207 0.432049 0.318414 0.425231
5 0.202441 0.453764 0.404882 0.446946
5 0.215090 0.454250 0.430180 0.447432
5 0.227543 0.453966 0.455085 0.447148
5 0.239908 0.454428 0.479815 0.447610
5 0.252716 0.453841 0.505432 0.447023
5 0.265360 0.454463 0.530719 0.447645
5 0.277765 0.454301 0.555530 0.447483
5 0.290197 0.454919 0.580394 0.448101
5 0.284174 0.432526 0.568348 0.425708
5 0.259768 0.386735 0.519537 0.379917
5 0.234234 0.387246 0.468468 0.380428
5 0.222114 0.387329 0.444228 0.380511
5 0.209449 0.387319 0.418897 0.380501
5 0.197161 0.386920 0.394322 0.380102
5 0.184084 0.387669 0.368167 0.380851
5 0.171666 0.388099 0.343331 0.381281
5 0.158623 0.388045 0.317247 0.381227
5 0.246951 0.387816 0.493901 0.380998
5 0.234260 0.476205 0.468521 0.469387
5 0.246625 0.476667 0.493251 0.469848
5 0.258816 0.476080 0.517632 0.469262
5 0.271305 0.476701 0.542611 0.469883
5 0.283788 0.476539 0.567576 0.469721
5 0.295756 0.477157 0.591513 0.470339
5 0.165725 0.364841 0.331449 0.358023
5 0.178246 0.365448 0.356493 0.358630
5 0.191116 0.364698 0.382233 0.357880
5 0.203508 0.364061 0.407015 0.357243
5 0.216173 0.364071 0.432347 0.357253
5 0.241113 0.366217 0.482227 0.359398
5 0.228500 0.365855 0.457001 0.359037
5 0.152683 0.364787 0.305365 0.357969
5 0.234893 0.342993 0.469785 0.336175
5 0.222280 0.342631 0.444559 0.335813
5 0.209849 0.342921 0.419698 0.336103
5 0.184742 0.342910 0.369484 0.336092
5 0.146247 0.342300 0.292493 0.335482
5 0.159211 0.342510 0.318422 0.335692
5 0.171888 0.343892 0.343776 0.337074
5 0.139268 0.319348 0.278536 0.312530
5 0.165607 0.321095 0.331215 0.314277
5 0.152372 0.320433 0.304745 0.313615
5 0.178169 0.321560 0.356338 0.314742
5 0.191196 0.321095 0.382391 0.314277
5 0.134538 0.341387 0.269076 0.334569
5 0.140583 0.363608 0.281165 0.356790
5 0.127505 0.364358 0.255011 0.357540
5 0.134246 0.385346 0.268491 0.378528
5 0.146605 0.386156 0.293211 0.379338
5 0.127655 0.409298 0.255310 0.402480
5 0.140149 0.408214 0.280297 0.401396
5 0.152797 0.408700 0.305595 0.401882
5 0.134130 0.431961 0.268260 0.425143
5 0.146624 0.430878 0.293248 0.424060
5 0.465929 0.325002 0.931857 0.318184
5 0.359764 0.300198 0.719529 0.293380
5 0.334960 0.302777 0.669919 0.295959
5 0.265067 0.322279 0.530134 0.315461
5 0.229003 0.322313 0.458006 0.315495
5 0.216390 0.321951 0.432780 0.315133
5 0.588463 0.563606 0.823073 0.556788
5 0.584093 0.564563 0.831814 0.557745
5 0.579706 0.565345 0.840588 0.558527
5 0.575154 0.567182 0.849691 0.560364
5 0.571246 0.566597 0.857508 0.559779
5 0.566956 0.568301 0.866088 0.561483
5 0.591000 0.543139 0.818000 0.536321
5 0.592924 0.563431 0.814152 0.556613
5 0.572966 0.588987 0.854068 0.582169
5 0.577429 0.586774 0.845143 0.579956
5 0.581718 0.585811 0.836564 0.578993
5 0.586105 0.585029 0.827791 0.578211
5 0.590475 0.584072 0.819050 0.577254
5 0.570721 0.609629 0.858558 0.602810
5 0.579006 0.608377 0.841987 0.601559
5 0.583510 0.607595 0.832980 0.600777
5 0.587968 0.605588 0.824065 0.598770
5 0.574863 0.609165 0.850274 0.602347
5 0.590009 0.627104 0.819983 0.620286
5 0.581047 0.629893 0.837905 0.623075
5 0.585492 0.628936 0.829015 0.622118
5 0.592253 0.606463 0.815493 0.599645
5 0.576787 0.630331 0.846426 0.623513
5 0.578711 0.651497 0.842577 0.644679
5 0.582971 0.651059 0.834057 0.644241
5 0.587417 0.650102 0.825167 0.643284
5 0.271636 0.386269 0.543273 0.379451
5 0.290499 0.409963 0.580999 0.403145
5 0.296825 0.432396 0.593650 0.425577
5 0.321442 0.478513 0.642885 0.471695
5 0.308871 0.478648 0.617742 0.471830