5 0.541694 0.127987 0.916611 0.255973
5 0.546177 0.127587 0.907645 0.255174
5 0.549598 0.127588 0.900803 0.255176
5 0.548302 0.143422 0.903395 0.286845
5 0.553921 0.159059 0.892158 0.318118
5 0.553413 0.126193 0.893174 0.252386
5 0.563475 0.139838 0.873049 0.279675
5 0.565267 0.155573 0.869466 0.311145
5 0.568234 0.137185 0.863532 0.274370
5 0.572998 0.133799 0.854003 0.267598
5 0.574151 0.152520 0.851697 0.305041
5 0.569510 0.154711 0.860979 0.309423
5 0.571835 0.169451 0.856330 0.338903
5 0.576006 0.167957 0.847987 0.335914
5 0.573767 0.185684 0.852466 0.371369
5 0.577685 0.182768 0.844630 0.365536
5 0.579951 0.165837 0.840097 0.331674
5 0.578431 0.150898 0.843137 0.301797
5 0.575824 0.199330 0.848352 0.398659
5 0.579928 0.197437 0.840145 0.394874