6 0.149306 0.656960 0.153883 0.658381
4 0.257734 0.420691 0.251420 0.430634
5 0.273329 0.571538 0.286541 0.571538
5 0.259846 0.467038 0.272430 0.467038
5 0.304613 0.463870 0.317758 0.463870
5 0.313601 0.487350 0.326948 0.487350
5 0.329782 0.486791 0.342721 0.486791
5 0.345782 0.487350 0.358492 0.487350
5 0.355312 0.508031 0.368675 0.508031
5 0.370414 0.508404 0.383703 0.508404
5 0.377245 0.486417 0.390160 0.486417
5 0.311983 0.442460 0.324172 0.442460
5 0.351896 0.464634 0.364658 0.464634
5 0.367536 0.464448 0.380554 0.464448
5 0.383370 0.464633 0.395829 0.464633
5 0.392346 0.487179 0.406012 0.487179
5 0.413920 0.460720 0.427247 0.460720
5 0.404392 0.438359 0.417066 0.438359
5 0.420212 0.437799 0.431843 0.437799
5 0.427584 0.413203 0.438922 0.413203
5 0.443045 0.411155 0.455190 0.411155
5 0.445563 0.462584 0.457799 0.462584
5 0.429740 0.461651 0.442523 0.461651
5 0.275834 0.611958 0.288124 0.611958
5 0.180381 0.673217 0.193397 0.653565
5 0.208249 0.688172 0.222458 0.623656
5 0.190269 0.687799 0.204822 0.624402
5 0.333198 0.677819 0.346050 0.644362
5 0.372046 0.549892 0.385520 0.549892
5 0.432392 0.504071 0.444505 0.504071
5 0.422978 0.483862 0.436378 0.483862
5 0.438662 0.483687 0.451123 0.483687
5 0.454399 0.482293 0.467030 0.482293
5 0.451050 0.434493 0.464796 0.434493
5 0.482820 0.435714 0.496495 0.435714
5 0.476432 0.458363 0.489528 0.458363
5 0.460115 0.459233 0.473389 0.459233
5 0.485844 0.481011 0.499165 0.481011
5 0.507361 0.456970 0.521458 0.456970
5 0.491896 0.457840 0.505667 0.457840
5 0.498956 0.433971 0.511937 0.433971
5 0.523163 0.456159 0.536686 0.456159
5 0.538627 0.456333 0.551664 0.456333
5 0.516439 0.478808 0.529486 0.478808
5 0.531062 0.478806 0.544348 0.478806
5 0.524674 0.500237 0.537498 0.500237
5 0.472281 0.523582 0.484202 0.523582
5 0.433905 0.545849 0.446183 0.545849
5 0.385829 0.507573 0.399455 0.507573
5 0.513917 0.433099 0.526512 0.433099
5 0.529886 0.433797 0.542188 0.433797
5 0.545014 0.432055 0.557397 0.432055
5 0.567707 0.408709 0.580503 0.408709
5 0.575439 0.430661 0.588283 0.430661
5 0.569180 0.454703 0.581549 0.454703
5 0.553419 0.455052 0.566919 0.455052
5 0.583844 0.452960 0.596993 0.452960
5 0.590904 0.429615 0.603146 0.429615
5 0.605528 0.427351 0.617777 0.427351
5 0.629228 0.449478 0.641463 0.449478
5 0.622505 0.472475 0.634961 0.472475
5 0.607041 0.472127 0.619519 0.472127
5 0.637129 0.472300 0.650983 0.472300
5 0.457942 0.412192 0.471670 0.412192
5 0.465338 0.389020 0.478172 0.389020
5 0.474583 0.411322 0.487229 0.411322
5 0.489208 0.412019 0.501859 0.412019
5 0.506016 0.410277 0.519392 0.410277
5 0.651017 0.425047 0.664283 0.425047
5 0.660159 0.449090 0.673108 0.449090
5 0.665503 0.449265 0.668994 0.449265
5 0.664150 0.471566 0.671701 0.471566
5 0.652930 0.471042 0.666372 0.471042
5 0.666082 0.492473 0.667837 0.492473
5 0.664271 0.513900 0.671458 0.513900
5 0.673559 0.492298 0.652882 0.492298
5 0.668290 0.512507 0.663419 0.512507
5 0.673475 0.446825 0.653049 0.446825
5 0.669296 0.448393 0.661408 0.448393
5 0.668044 0.469998 0.663911 0.469998
5 0.663323 0.424401 0.673353 0.424401
5 0.667337 0.423878 0.665325 0.423878
5 0.670977 0.425969 0.658046 0.425969
5 0.674962 0.422309 0.650077 0.422309
5 0.672910 0.398791 0.654179 0.398791
5 0.668674 0.400359 0.662653 0.400359
5 0.665008 0.401577 0.669983 0.401577
5 0.677045 0.445682 0.645911 0.445682
5 0.675208 0.470073 0.649585 0.470073
5 0.671788 0.470073 0.656423 0.470073
5 0.679477 0.467982 0.641047 0.467982
5 0.681564 0.531903 0.636872 0.531903
5 0.685500 0.530335 0.628999 0.530335
5 0.690743 0.466222 0.618514 0.466222
5 0.686613 0.466394 0.626775 0.466394
5 0.685121 0.443223 0.629758 0.443223
5 0.680852 0.443920 0.638296 0.443920
5 0.688540 0.444094 0.622919 0.444094
5 0.692583 0.443396 0.614833 0.443396
5 0.694623 0.420225 0.610754 0.420225
5 0.696290 0.442178 0.607421 0.442178
5 0.694507 0.464653 0.610986 0.464653
5 0.698132 0.464479 0.603737 0.464479
5 0.699042 0.506119 0.601916 0.506119
5 0.708307 0.484125 0.583385 0.484125
5 0.711808 0.482906 0.576384 0.482906
5 0.719893 0.481686 0.560213 0.481686
5 0.717833 0.460605 0.564334 0.460605
5 0.713370 0.460780 0.573260 0.460780
5 0.706285 0.463220 0.587429 0.463220
5 0.707783 0.439872 0.584433 0.439872
5 0.711487 0.439176 0.577026 0.439176
5 0.702107 0.418269 0.595786 0.418269
5 0.703938 0.441265 0.592124 0.441265
5 0.700066 0.441093 0.599867 0.441093
5 0.698232 0.419664 0.603536 0.419664
5 0.696838 0.395272 0.606324 0.395272
5 0.721679 0.459273 0.556642 0.459273
5 0.725386 0.458228 0.549228 0.458228
5 0.723580 0.435753 0.552839 0.435753
5 0.727055 0.436448 0.545890 0.436448
5 0.730872 0.434880 0.538257 0.434880
5 0.735384 0.433487 0.529233 0.433487
5 0.739110 0.432093 0.521780 0.432093
5 0.733239 0.455961 0.533521 0.455961
5 0.735459 0.477740 0.529083 0.477740
5 0.729953 0.500214 0.540094 0.500214
5 0.737615 0.498124 0.524770 0.498124
5 0.741037 0.454045 0.517925 0.454045
5 0.744631 0.452653 0.510738 0.452653
5 0.742761 0.430700 0.514478 0.430700
5 0.744900 0.405437 0.510200 0.405437
5 0.741124 0.406309 0.517751 0.406309
5 0.732563 0.410490 0.534873 0.410490
5 0.728974 0.412929 0.542053 0.412929
5 0.738791 0.384107 0.522418 0.384107
5 0.742408 0.382889 0.515185 0.382889
5 0.682796 0.418697 0.634408 0.418697
5 0.679570 0.418697 0.640860 0.418697
5 0.674955 0.373085 0.650090 0.373085
5 0.468617 0.435850 0.480461 0.435850
4 0.371528 0.424716 0.372790 0.430398
5 0.371174 0.394879 0.383472 0.394879
5 0.302380 0.529355 0.314987 0.529355
5 0.170258 0.630658 0.183732 0.630658
5 0.179871 0.650968 0.192064 0.650968
5 0.192120 0.697829 0.207141 0.604342
5 0.177797 0.708060 0.189905 0.583880
4 0.322601 0.465199 0.326547 0.466146