5 0.569180 0.134442 0.569263 0.268883
5 0.601769 0.134769 0.601852 0.269539
5 0.618102 0.135374 0.618185 0.270747
5 0.634810 0.135482 0.634893 0.270963
5 0.536797 0.133250 0.536880 0.266501
5 0.520787 0.133009 0.520870 0.266017
5 0.528246 0.149932 0.528329 0.299864
5 0.544579 0.149811 0.544662 0.299622
5 0.560728 0.150622 0.560811 0.301244
5 0.577060 0.151227 0.577143 0.302453
5 0.609687 0.151625 0.609770 0.303250
5 0.585355 0.167145 0.585438 0.334291
5 0.601413 0.167752 0.601497 0.335504
5 0.618109 0.168152 0.618192 0.336305
5 0.568932 0.166756 0.569015 0.333511
5 0.511366 0.181158 0.511449 0.362317
5 0.528243 0.181855 0.528326 0.363710
5 0.544664 0.182257 0.544748 0.364514
5 0.519842 0.197881 0.519925 0.395761
5 0.502967 0.228845 0.503050 0.457690
5 0.552813 0.198464 0.552896 0.396928
5 0.569508 0.198864 0.569592 0.397729
5 0.602307 0.231159 0.602390 0.462318
5 0.618728 0.231562 0.618811 0.463123