5 0.317993 0.129028 0.635986 0.258057
5 0.168579 0.161987 0.337158 0.323975
5 0.202270 0.158691 0.404541 0.317383
5 0.210327 0.155395 0.420654 0.310791
5 0.343628 0.148804 0.687256 0.297608
5 0.229194 0.140356 0.458388 0.280712
5 0.234776 0.142853 0.469552 0.285707
5 0.378784 0.125732 0.757568 0.251465
5 0.413940 0.125732 0.827881 0.251465
5 0.420898 0.146057 0.841797 0.292114
5 0.409912 0.146057 0.819824 0.292114
5 0.399292 0.155395 0.798584 0.310791
5 0.156266 0.136658 0.312532 0.273317
5 0.145086 0.137991 0.290173 0.275982
5 0.133685 0.139213 0.267369 0.278426
5 0.178699 0.135437 0.357399 0.270874
5 0.189805 0.133438 0.379609 0.266876
5 0.185362 0.150318 0.370725 0.300637
5 0.196542 0.149985 0.393084 0.299970
5 0.128641 0.155847 0.257282 0.311694
5 0.355546 0.136212 0.711092 0.272423
5 0.343735 0.137596 0.687470 0.275191
5 0.332294 0.138703 0.664587 0.277406
5 0.338937 0.153651 0.677874 0.307301
5 0.302952 0.124862 0.605903 0.249725
5 0.314209 0.123478 0.628417 0.246956
5 0.320483 0.138703 0.640966 0.277406
5 0.309595 0.139810 0.619190 0.279620
5 0.291510 0.125970 0.583020 0.251939
5 0.280253 0.126523 0.560506 0.253046
5 0.275639 0.143132 0.551279 0.286264
5 0.264198 0.143962 0.528396 0.287925
5 0.253495 0.145623 0.506989 0.291246
5 0.402099 0.132945 0.804197 0.265889
5 0.413420 0.132338 0.826841 0.264676
5 0.424944 0.131428 0.849889 0.262856
5 0.435659 0.130215 0.871319 0.260430
5 0.390373 0.132945 0.780745 0.265889
5 0.482159 0.126879 0.964318 0.253758