5 0.550956 0.125550 0.898088 0.251100
5 0.555010 0.124772 0.889980 0.249544
5 0.559096 0.123669 0.881808 0.247338
5 0.567276 0.123263 0.865448 0.246525
5 0.563183 0.123312 0.873634 0.246624
5 0.594714 0.137080 0.810572 0.274161
5 0.590401 0.136201 0.819199 0.272401
5 0.577713 0.137066 0.844574 0.274131
5 0.573582 0.138091 0.852837 0.276183
5 0.569391 0.138257 0.861219 0.276514
5 0.565330 0.138883 0.869341 0.277766
5 0.561243 0.139240 0.877514 0.278480
5 0.557157 0.140343 0.885687 0.280687
5 0.553103 0.141121 0.893795 0.282243
5 0.581866 0.136071 0.836267 0.272142
5 0.586269 0.137226 0.827462 0.274453
5 0.554961 0.156404 0.890078 0.312808
5 0.559015 0.155626 0.881970 0.311252
5 0.563101 0.154523 0.873798 0.309045
5 0.571313 0.153972 0.857374 0.307945
5 0.579860 0.152493 0.840281 0.304985
5 0.567252 0.154310 0.865496 0.308620
5 0.575504 0.153518 0.848992 0.307037