5 0.580067 0.132094 0.839867 0.264188
5 0.575704 0.132280 0.848591 0.264560
5 0.563081 0.132646 0.873838 0.265292
5 0.567254 0.132601 0.865492 0.265203
5 0.573642 0.148981 0.852716 0.297962
5 0.567128 0.165525 0.865744 0.331050
5 0.565005 0.148824 0.869990 0.297648
5 0.577819 0.148638 0.844363 0.297275
5 0.569241 0.148921 0.861518 0.297843
5 0.571291 0.164816 0.857418 0.329631
5 0.575692 0.164875 0.848616 0.329751
5 0.508812 0.130130 0.982376 0.260261
5 0.550599 0.131423 0.898802 0.262845
5 0.560909 0.148385 0.878182 0.296770
5 0.564926 0.181285 0.870149 0.362571
5 0.569229 0.180906 0.861541 0.361813
5 0.573406 0.181111 0.853188 0.362223
5 0.566998 0.197522 0.866004 0.395045
5 0.494550 0.129068 0.989100 0.258136
5 0.481808 0.129197 0.963616 0.258395
5 0.469179 0.128560 0.938359 0.257120
5 0.456620 0.128999 0.913241 0.257999
5 0.443878 0.128820 0.887756 0.257641
5 0.538026 0.131285 0.923948 0.262570
5 0.542162 0.131652 0.915675 0.263304