6 0.408460 0.332386 0.816919 0.335464
4 0.268939 0.369555 0.537879 0.370502
4 0.426768 0.370028 0.853535 0.368134
4 0.536892 0.351562 0.926215 0.354640
5 0.166114 0.441525 0.332229 0.439631
5 0.179528 0.440810 0.359055 0.435839
5 0.218910 0.458329 0.437820 0.453594
5 0.216659 0.436080 0.433318 0.438920
5 0.214134 0.425189 0.428267 0.420455
5 0.224708 0.459280 0.449416 0.461648
5 0.253393 0.455966 0.506787 0.454072
5 0.289299 0.438920 0.578598 0.436080
5 0.238676 0.436553 0.477352 0.439631
5 0.511521 0.468277 0.976957 0.465909
5 0.448930 0.470897 0.897860 0.472266
5 0.501894 0.468075 0.996213 0.466181
5 0.500000 0.489820 1.000000 0.487453
5 0.525450 0.463068 0.949100 0.465909
5 0.521978 0.466383 0.956045 0.466146
5 0.392440 0.389915 0.784880 0.392045
5 0.404830 0.472301 0.809659 0.475142
5 0.425071 0.430634 0.850142 0.432528
5 0.449929 0.448153 0.899858 0.436316
5 0.207146 0.497385 0.414292 0.494781
5 0.223130 0.518939 0.446259 0.516335