5 0.268782 0.541430 0.267519 0.539062
5 0.289615 0.518466 0.284091 0.513731
5 0.272885 0.535985 0.275253 0.534091
5 0.283144 0.508523 0.282513 0.500947
5 0.290878 0.571259 0.291824 0.559422
5 0.237689 0.548295 0.237532 0.541667
5 0.230429 0.569839 0.229482 0.562263
5 0.223169 0.544981 0.222696 0.541903
5 0.253630 0.553504 0.254104 0.541903
5 0.304924 0.531250 0.305082 0.519886
5 0.387942 0.494555 0.386206 0.490767
5 0.394886 0.518229 0.392835 0.514205
5 0.418718 0.542377 0.417771 0.538589
5 0.410196 0.530303 0.410511 0.517992
5 0.396149 0.556345 0.401199 0.554924
5 0.424716 0.518466 0.418876 0.512311
5 0.440025 0.521307 0.438920 0.517756
5 0.456124 0.521544 0.455966 0.518229
5 0.449495 0.506866 0.447285 0.495028
5 0.471907 0.517282 0.465909 0.513021
5 0.486585 0.518703 0.483744 0.514441
5 0.492898 0.511364 0.495581 0.506866
5 0.462753 0.511127 0.463857 0.508049
5 0.464962 0.535985 0.460227 0.533381
5 0.488625 0.531871 0.501192 0.531871
5 0.497919 0.509336 0.508094 0.509336
5 0.511597 0.508974 0.523592 0.508974
5 0.542636 0.509880 0.554586 0.509880
5 0.527554 0.510245 0.539210 0.510245
5 0.535622 0.530781 0.546717 0.530781
5 0.551229 0.530417 0.563183 0.530417
5 0.558595 0.509518 0.570448 0.509518
5 0.565609 0.528600 0.578681 0.528600
5 0.574378 0.549138 0.585461 0.549138
5 0.589985 0.548228 0.601079 0.548228
5 0.589108 0.505702 0.599989 0.505702
5 0.582094 0.486800 0.592603 0.486800
5 0.555556 0.465672 0.555398 0.458333
5 0.564078 0.487689 0.564867 0.484375
5 0.548769 0.483902 0.548611 0.477273
5 0.532355 0.489110 0.533302 0.485559
5 0.496867 0.551322 0.509699 0.551322
5 0.481960 0.551686 0.494321 0.551686
5 0.467054 0.550594 0.478823 0.550594
5 0.597175 0.526242 0.608327 0.526242
5 0.605417 0.547506 0.617045 0.547506
5 0.612958 0.525152 0.623825 0.525152
5 0.605066 0.505888 0.616802 0.505888
5 0.597351 0.486259 0.607965 0.486259
5 0.612783 0.486441 0.622855 0.486441
5 0.626988 0.485170 0.637264 0.485170
5 0.641192 0.483716 0.652397 0.483716
5 0.634352 0.505524 0.644770 0.505524
5 0.627513 0.524788 0.637749 0.524788
5 0.641894 0.524244 0.653488 0.524244
5 0.620674 0.546416 0.631693 0.546416
5 0.650486 0.544598 0.660025 0.544598
5 0.674716 0.530066 0.650568 0.526278
5 0.670652 0.524384 0.658696 0.521544
5 0.672842 0.482277 0.654315 0.482277
5 0.676461 0.482641 0.647079 0.482641
5 0.678699 0.460466 0.642602 0.460466
5 0.680208 0.481368 0.639584 0.481368
5 0.682733 0.501905 0.634534 0.501905
5 0.684522 0.478822 0.630956 0.478822
5 0.682931 0.458106 0.634138 0.458106
5 0.686153 0.459196 0.627695 0.459196
5 0.688100 0.478459 0.623799 0.478459
5 0.692038 0.501184 0.615925 0.489110
5 0.689806 0.501359 0.620387 0.501359
5 0.693950 0.500813 0.612099 0.500813
5 0.691993 0.520258 0.616014 0.520258
5 0.695805 0.521349 0.608391 0.521349
5 0.693472 0.541160 0.613055 0.541160
5 0.695944 0.540956 0.608112 0.538352
5 0.699707 0.520259 0.600586 0.520259
5 0.697735 0.499360 0.604530 0.499360
5 0.695923 0.479550 0.608155 0.479550
5 0.663395 0.504645 0.673209 0.504645
5 0.649961 0.505372 0.660194 0.505372
5 0.656974 0.483745 0.666005 0.483745
5 0.668753 0.483379 0.662494 0.483379
5 0.670922 0.460663 0.658156 0.460663
5 0.666872 0.462481 0.666257 0.462481
5 0.619621 0.465026 0.629804 0.465026
5 0.603838 0.466297 0.614912 0.466297
5 0.588757 0.466842 0.599898 0.466842
5 0.579072 0.487926 0.580019 0.484375
5 0.665936 0.604963 0.668129 0.604963
5 0.670489 0.502841 0.659021 0.502841
5 0.675060 0.503204 0.649881 0.503204
5 0.676836 0.524105 0.646329 0.524105
5 0.672879 0.523923 0.654242 0.523923
5 0.668970 0.524104 0.662060 0.524104
5 0.671420 0.543551 0.657159 0.543551
5 0.667890 0.544096 0.664221 0.544096
5 0.673059 0.503078 0.653883 0.501184
5 0.713265 0.512784 0.573469 0.506629
5 0.715949 0.480114 0.568103 0.479167
5 0.734493 0.483428 0.531013 0.481534
5 0.731061 0.483191 0.537879 0.478456
5 0.726760 0.489583 0.546480 0.482955
5 0.723366 0.479640 0.553267 0.480350
5 0.719539 0.488400 0.560922 0.482718
5 0.710030 0.463778 0.579940 0.462595
5 0.713502 0.471591 0.572996 0.465909
5 0.717211 0.471354 0.565578 0.465199
5 0.721275 0.471828 0.557449 0.459991
5 0.713739 0.456203 0.572522 0.453835
5 0.719066 0.436553 0.561869 0.438447
5 0.722814 0.442235 0.554372 0.438447
5 0.709044 0.517045 0.581913 0.513258
5 0.717448 0.504025 0.565104 0.500710
5 0.720486 0.514678 0.559028 0.512547
5 0.725182 0.500947 0.549637 0.498816
5 0.728812 0.502841 0.542377 0.500710
5 0.732521 0.501657 0.534959 0.500237
5 0.737689 0.477509 0.524621 0.476326
5 0.733546 0.459991 0.532907 0.455966
5 0.728299 0.461648 0.543403 0.458570
5 0.724156 0.466619 0.551689 0.459754
5 0.727786 0.440104 0.544429 0.434896
5 0.730508 0.441998 0.538984 0.438210
5 0.734612 0.448153 0.530777 0.441998
5 0.742385 0.476089 0.515230 0.476089
5 0.743766 0.465672 0.512468 0.459517
5 0.745818 0.483428 0.508365 0.477509
5 0.748895 0.486506 0.502210 0.483428
5 0.747396 0.465672 0.505208 0.460464
5 0.720565 0.524384 0.558870 0.522254
5 0.722932 0.524621 0.554135 0.522491
5 0.726878 0.530777 0.546244 0.524858
5 0.732481 0.524384 0.535038 0.521070
5 0.735401 0.524384 0.529198 0.521307
5 0.736269 0.536222 0.527462 0.533617
5 0.736338 0.533368 0.527325 0.533368
5 0.734862 0.513196 0.530277 0.513196
5 0.737999 0.511016 0.524003 0.511016
5 0.741992 0.510288 0.516017 0.510288
5 0.744435 0.531732 0.511129 0.531732
5 0.742394 0.553359 0.515212 0.553359
5 0.737935 0.552451 0.524129 0.552451
5 0.740682 0.573169 0.518637 0.573169
5 0.738610 0.593161 0.522781 0.593161
5 0.721406 0.615333 0.557188 0.615333
5 0.721467 0.576985 0.557066 0.576985
5 0.719870 0.556993 0.560261 0.556993
5 0.722626 0.555722 0.554748 0.555722
5 0.726855 0.554814 0.546290 0.554814
5 0.746153 0.552899 0.507694 0.552899
5 0.746551 0.509844 0.506898 0.509844