4 0.567590 0.392045 0.864820 0.393466
5 0.170573 0.427320 0.341146 0.424716
5 0.175387 0.447917 0.350773 0.447206
5 0.130800 0.445786 0.261600 0.443182
5 0.194839 0.441761 0.389678 0.444129
5 0.483191 0.473958 0.966383 0.474195
5 0.504340 0.515388 0.991319 0.516809
5 0.500000 0.513494 1.000000 0.517045
5 0.499724 0.514441 0.999448 0.512547
5 0.483152 0.516809 0.966304 0.517519
5 0.465002 0.496686 0.930003 0.497159
5 0.466106 0.470881 0.932213 0.464962
5 0.531605 0.537642 0.936790 0.535985
5 0.535275 0.535748 0.929451 0.532434
5 0.536182 0.536695 0.927636 0.538589
5 0.545928 0.559422 0.908144 0.547822
5 0.535432 0.604877 0.929135 0.603456
5 0.542850 0.582860 0.914299 0.586411
5 0.549440 0.559422 0.901121 0.561790
5 0.546836 0.562027 0.906329 0.560369
5 0.550150 0.537405 0.899700 0.535985
5 0.561671 0.601089 0.876657 0.602273
5 0.557015 0.583570 0.885969 0.579309
5 0.564789 0.580966 0.870423 0.580966
5 0.568655 0.598248 0.862689 0.594934
5 0.568103 0.579072 0.863794 0.580256
5 0.573903 0.579545 0.852194 0.576705
5 0.577375 0.602036 0.845249 0.600852
5 0.576744 0.623106 0.846512 0.622159
5 0.573666 0.621922 0.852667 0.617424
5 0.581558 0.641335 0.836884 0.643229
5 0.580887 0.622633 0.838226 0.621449
5 0.577020 0.640862 0.845960 0.643466
5 0.580729 0.664773 0.838542 0.660511
5 0.583412 0.618608 0.833176 0.620502
5 0.584478 0.639441 0.831045 0.641809
5 0.584201 0.598958 0.831597 0.597301
5 0.588226 0.639678 0.823548 0.641335