6 0.155303 0.365294 0.153409 0.371449
5 0.279514 0.486979 0.279356 0.495265
5 0.295471 0.489632 0.294997 0.496024
5 0.310922 0.486269 0.310290 0.488636
5 0.317684 0.466905 0.317309 0.473224
5 0.302832 0.470881 0.303700 0.476212
5 0.289141 0.462595 0.287405 0.465672
5 0.277977 0.481190 0.284117 0.478452
5 0.265309 0.483191 0.264205 0.490530
5 0.259911 0.459493 0.258017 0.461387
5 0.279830 0.453835 0.281723 0.457860
5 0.295337 0.448178 0.295022 0.453623
5 0.249369 0.482718 0.248580 0.486269
5 0.243371 0.499527 0.241635 0.501184
5 0.218908 0.535985 0.225379 0.540009
5 0.236394 0.517294 0.237815 0.515637
5 0.216698 0.488636 0.217645 0.494792
5 0.257576 0.424242 0.256155 0.428741
5 0.262942 0.454072 0.264678 0.457150
5 0.261679 0.448153 0.261206 0.442708
5 0.232323 0.490057 0.233112 0.494318
5 0.210542 0.547585 0.211016 0.553266
5 0.230750 0.539812 0.229483 0.542140
5 0.210385 0.512547 0.213857 0.519413
5 0.231376 0.458097 0.227904 0.459754
5 0.274463 0.519177 0.277935 0.522255
5 0.240057 0.431108 0.240846 0.436316
5 0.215751 0.575047 0.217014 0.570549
5 0.195234 0.544508 0.193655 0.547822
5 0.221275 0.561790 0.218908 0.565341
5 0.348011 0.465672 0.348011 0.468987
5 0.361900 0.477509 0.364110 0.480587
5 0.369476 0.446496 0.368687 0.453125
5 0.347224 0.513732 0.347539 0.519414
5 0.307403 0.522505 0.310290 0.524384
5 0.389836 0.482481 0.389678 0.482244
5 0.415823 0.445694 0.414457 0.452181
5 0.409366 0.463562 0.406525 0.469007
5 0.420612 0.478559 0.422033 0.481873
5 0.441576 0.460186 0.438420 0.462317
5 0.458279 0.378592 0.457016 0.384037
5 0.473629 0.376461 0.472998 0.378829
5 0.471762 0.390172 0.468448 0.392303
5 0.497475 0.413352 0.499053 0.414536
5 0.463545 0.479751 0.463857 0.466959
5 0.512626 0.396070 0.511521 0.397727
5 0.502052 0.459517 0.502999 0.461411
5 0.487058 0.459044 0.489110 0.462358
5 0.428030 0.500947 0.430556 0.504735
5 0.392992 0.472301 0.394097 0.477036
5 0.480271 0.470644 0.479798 0.477509
5 0.509943 0.469460 0.508681 0.476326
5 0.504104 0.489110 0.502999 0.491004
5 0.523832 0.475616 0.524463 0.483428
5 0.516702 0.494081 0.516702 0.498580
5 0.533775 0.492188 0.532197 0.500710
5 0.547506 0.506629 0.549242 0.508523
5 0.554924 0.477746 0.554451 0.483428
5 0.541059 0.486551 0.547687 0.487971
5 0.547822 0.450047 0.546244 0.459280
5 0.563289 0.450994 0.561869 0.454072
5 0.532717 0.462549 0.534611 0.464443
5 0.552738 0.431017 0.547530 0.427466
5 0.559501 0.445549 0.565972 0.442945
5 0.533678 0.391673 0.535730 0.394277
5 0.548453 0.377367 0.548295 0.384470
5 0.562500 0.389678 0.565183 0.393466
5 0.570391 0.410748 0.571338 0.414063
5 0.540404 0.525568 0.541982 0.527936
5 0.510101 0.526515 0.512626 0.529593
5 0.497475 0.509706 0.494318 0.512547
5 0.588699 0.508759 0.590120 0.506629
5 0.585069 0.477036 0.585385 0.483665
5 0.600537 0.479640 0.600379 0.484848
5 0.599462 0.398956 0.599620 0.407952
5 0.593225 0.393703 0.588219 0.393703
5 0.628600 0.399092 0.628284 0.401223
5 0.624053 0.428030 0.629893 0.428741
5 0.637965 0.427985 0.640806 0.430352
5 0.628653 0.433813 0.627706 0.436654
5 0.620295 0.459517 0.620453 0.465672
5 0.646999 0.470170 0.648892 0.468040
5 0.642354 0.442043 0.645195 0.448199
5 0.658295 0.429879 0.661136 0.428222
5 0.643624 0.400805 0.644701 0.407230
5 0.663879 0.411695 0.670035 0.410511
5 0.658167 0.392801 0.665427 0.389487
5 0.670691 0.410985 0.658617 0.407197
5 0.666824 0.416193 0.665720 0.418797
5 0.661421 0.431153 0.659054 0.433521
5 0.668008 0.442472 0.663984 0.448153
5 0.672805 0.411075 0.654390 0.412733
5 0.673463 0.432528 0.653075 0.430634
5 0.665757 0.469551 0.668485 0.473339
5 0.658460 0.482481 0.658617 0.489347
5 0.626954 0.478129 0.627586 0.484048
5 0.647096 0.491004 0.652146 0.491714
5 0.675347 0.453125 0.649306 0.454072
5 0.682553 0.453125 0.634895 0.454545
5 0.678148 0.448361 0.643704 0.451912
5 0.682582 0.442235 0.634835 0.448627
5 0.681019 0.424982 0.637963 0.428770
5 0.676249 0.436287 0.647501 0.440548
5 0.683120 0.410275 0.633759 0.412642
5 0.686721 0.410275 0.626559 0.414062
5 0.689276 0.383523 0.621449 0.390152
5 0.691998 0.452652 0.616004 0.449337
5 0.695155 0.455256 0.609691 0.453835
5 0.690805 0.453598 0.618391 0.453598
5 0.696970 0.455492 0.606061 0.459754
5 0.712048 0.419300 0.575905 0.424508
5 0.715002 0.422585 0.569997 0.424716
5 0.712950 0.399384 0.574100 0.403646
5 0.710952 0.382015 0.578096 0.383909
5 0.714316 0.390982 0.571369 0.393586
5 0.718789 0.377367 0.562421 0.378314
5 0.716200 0.408293 0.567600 0.412555
5 0.717408 0.436553 0.565183 0.437500
5 0.723205 0.421804 0.553589 0.423237
5 0.724392 0.407434 0.551215 0.412405
5 0.722212 0.385154 0.555576 0.391783
5 0.725497 0.430871 0.549006 0.436316
5 0.726957 0.413086 0.546086 0.416401
5 0.731179 0.413116 0.537642 0.414773
5 0.731652 0.395360 0.536695 0.399148
5 0.734730 0.417140 0.530540 0.419271
5 0.739938 0.400331 0.520123 0.402699
5 0.742661 0.404830 0.514678 0.408144
5 0.740179 0.430398 0.519643 0.434881
5 0.739938 0.441051 0.520123 0.443655
5 0.732649 0.471205 0.534703 0.475703
5 0.746449 0.443182 0.507102 0.448153
5 0.749724 0.412879 0.500552 0.415483
5 0.746409 0.401989 0.507181 0.404593
5 0.747830 0.424953 0.504340 0.431581