6 0.138287 0.259104 0.135827 0.260212
5 0.473816 0.339655 0.466634 0.343839
5 0.433092 0.361543 0.425910 0.365727
5 0.432259 0.407611 0.425078 0.411794
5 0.390743 0.382385 0.383561 0.386569
5 0.382121 0.357519 0.374940 0.361703
5 0.365804 0.403667 0.358622 0.407850
5 0.340089 0.379725 0.332908 0.383909
5 0.280087 0.399857 0.272906 0.404041
5 0.271497 0.421597 0.264315 0.425780
5 0.364504 0.449284 0.357323 0.453467
5 0.546615 0.364414 0.539433 0.368597
5 0.563404 0.362415 0.556222 0.366599
5 0.587832 0.386133 0.580651 0.390317
5 0.588365 0.338697 0.581184 0.342881
5 0.620445 0.340474 0.613263 0.344658
5 0.628738 0.316961 0.621556 0.321145
5 0.661820 0.364807 0.654638 0.368991
5 0.673255 0.342014 0.653490 0.346198
5 0.679529 0.319663 0.640942 0.323846
5 0.685779 0.342455 0.628443 0.346639
5 0.687911 0.365395 0.624178 0.369579
5 0.692053 0.365542 0.615895 0.369726
5 0.683720 0.409951 0.632560 0.414135
5 0.717371 0.319502 0.565257 0.323686
5 0.713229 0.319355 0.573541 0.323539
5 0.711060 0.295461 0.577880 0.299645
5 0.262039 0.442673 0.254858 0.446857
5 0.279178 0.443591 0.271996 0.447775
5 0.321413 0.469115 0.314231 0.473299
5 0.338551 0.470034 0.331370 0.474217
5 0.287258 0.466728 0.280076 0.470912
5 0.304396 0.467646 0.297215 0.471830