6 0.225852 0.386837 0.219697 0.384233
5 0.663259 0.465870 0.663399 0.469806
5 0.669763 0.466093 0.660475 0.470029
5 0.673494 0.465423 0.653011 0.469241
5 0.647699 0.464418 0.647951 0.470805
5 0.671549 0.487757 0.656901 0.491693
5 0.675383 0.487980 0.649233 0.491916
5 0.679199 0.488427 0.641602 0.492363
5 0.655144 0.488315 0.655284 0.492252
5 0.669446 0.509980 0.661108 0.513916
5 0.673448 0.509198 0.653104 0.513134
5 0.631321 0.509309 0.631461 0.513246
5 0.646955 0.509309 0.647095 0.513246
5 0.569464 0.467306 0.569604 0.471242
5 0.585238 0.465915 0.585378 0.469851
5 0.592807 0.443740 0.592947 0.447676
5 0.576484 0.443517 0.576624 0.447453
5 0.539395 0.467147 0.539535 0.471083
5 0.523607 0.465719 0.523747 0.469656
5 0.515071 0.486834 0.515211 0.490770
5 0.530935 0.487583 0.531075 0.491519
5 0.683016 0.531401 0.633968 0.535337
5 0.679072 0.530697 0.641856 0.534633
5 0.675238 0.530474 0.649525 0.534410
5 0.692773 0.512359 0.614454 0.516295
5 0.685016 0.511045 0.629968 0.514982
5 0.688850 0.511655 0.622299 0.515591
5 0.690736 0.532173 0.618529 0.536109
5 0.696697 0.470157 0.606606 0.474093
5 0.692710 0.469967 0.614580 0.473903
5 0.688812 0.469358 0.622376 0.473294
5 0.694724 0.448284 0.610551 0.452220
5 0.698563 0.492158 0.602874 0.496094
5 0.694554 0.491326 0.610891 0.495262
5 0.698425 0.533580 0.603150 0.537516
5 0.696581 0.512221 0.606838 0.516158
5 0.710532 0.448580 0.578936 0.452516
5 0.706420 0.448990 0.587159 0.452926
5 0.702547 0.448681 0.594906 0.452617
5 0.708359 0.426554 0.583281 0.430490
5 0.704323 0.427414 0.591355 0.431350
5 0.716251 0.471805 0.567498 0.475741
5 0.712314 0.471316 0.575372 0.475252
5 0.710357 0.493082 0.579285 0.497018
5 0.706370 0.491694 0.587259 0.495630
5 0.654251 0.530610 0.654391 0.534546
5 0.667501 0.530505 0.664998 0.534441
5 0.673153 0.551327 0.653694 0.555263
5 0.669319 0.551104 0.661362 0.555040
5 0.684876 0.552201 0.630248 0.556137
5 0.680932 0.551496 0.638136 0.555433
5 0.726031 0.448274 0.547937 0.452210
5 0.722166 0.448503 0.555668 0.452439
5 0.722110 0.493757 0.555781 0.497694
5 0.718173 0.493268 0.563655 0.497205
5 0.731795 0.470801 0.536411 0.474737
5 0.727929 0.471029 0.544141 0.474965
5 0.733684 0.494331 0.532632 0.498268
5 0.729747 0.493412 0.540507 0.497348
5 0.737773 0.450426 0.524454 0.454362
5 0.735725 0.473038 0.528550 0.476974
5 0.741600 0.496895 0.516799 0.500831
5 0.737563 0.496428 0.524875 0.500364
5 0.743309 0.518156 0.513381 0.522093
5 0.735468 0.516799 0.529064 0.520735
5 0.731506 0.515277 0.536988 0.519213
5 0.739322 0.518292 0.521356 0.522229
5 0.745219 0.538513 0.509561 0.542449
5 0.741232 0.538649 0.517536 0.542585
5 0.737303 0.538061 0.525394 0.541997
5 0.733366 0.537141 0.533269 0.541077
5 0.735242 0.558418 0.529516 0.562354
5 0.717884 0.535483 0.564231 0.539419
5 0.721671 0.536402 0.556659 0.540338
5 0.723891 0.515578 0.552218 0.519514
5 0.720012 0.514387 0.559976 0.518323
5 0.749346 0.495888 0.501307 0.499824
5 0.747257 0.517396 0.505485 0.521332
5 0.746957 0.559338 0.506087 0.563274
5 0.492413 0.461263 0.492553 0.465199
5 0.477169 0.463542 0.477842 0.468897
5 0.484651 0.437201 0.484791 0.441137
5 0.500589 0.438443 0.500729 0.442379
5 0.516673 0.441657 0.516813 0.445593
5 0.532301 0.445072 0.532441 0.449009
5 0.483944 0.485683 0.484084 0.489619
5 0.499807 0.486432 0.499947 0.490368
5 0.453365 0.485683 0.453505 0.489619
5 0.469119 0.485610 0.469259 0.489546
5 0.461775 0.464730 0.461915 0.468667
5 0.446021 0.464804 0.446161 0.468740
5 0.469447 0.442043 0.469587 0.445979
5 0.453803 0.443102 0.453943 0.447038
5 0.507748 0.507602 0.508421 0.512958
5 0.492026 0.506982 0.492166 0.510919
5 0.499369 0.527862 0.499509 0.531798
5 0.461117 0.505667 0.461257 0.509603
5 0.445364 0.505740 0.445504 0.509676
5 0.430100 0.463580 0.430240 0.467516
5 0.438101 0.484952 0.438241 0.488888
5 0.422238 0.484861 0.422378 0.488797
5 0.414565 0.462995 0.414705 0.466931
5 0.422347 0.441951 0.422487 0.445887
5 0.368429 0.462202 0.368569 0.466138
5 0.383635 0.462787 0.383775 0.466723
5 0.398783 0.462995 0.398923 0.466931
5 0.391110 0.484518 0.391250 0.488454
5 0.360641 0.483710 0.360781 0.487646
5 0.468570 0.526711 0.468711 0.530647
5 0.452817 0.526784 0.452957 0.530720
5 0.382730 0.545108 0.382870 0.549044
5 0.398080 0.545584 0.398220 0.549520
5 0.413344 0.546315 0.413484 0.550251
5 0.414456 0.420714 0.414596 0.424650
5 0.329436 0.440965 0.329576 0.444901
5 0.345454 0.439983 0.345594 0.443919
5 0.361414 0.440017 0.361554 0.443953
5 0.336982 0.419442 0.337122 0.423378
5 0.329384 0.481969 0.329525 0.485905
5 0.344919 0.482554 0.345059 0.486490
5 0.337166 0.460925 0.337306 0.464862
5 0.368068 0.504773 0.368208 0.508709
5 0.352346 0.503617 0.352486 0.507553
5 0.336812 0.503032 0.336952 0.506969
5 0.281688 0.480402 0.281828 0.484339
5 0.297454 0.480291 0.297595 0.484227
5 0.313176 0.480925 0.313316 0.484861
5 0.289447 0.458009 0.289587 0.461945
5 0.273680 0.458121 0.273821 0.462057
5 0.290027 0.501006 0.290167 0.504942
5 0.274145 0.502162 0.274285 0.506098
5 0.283053 0.522294 0.283193 0.526230
5 0.267171 0.523450 0.267311 0.527387
5 0.266439 0.479824 0.266580 0.483760
5 0.250718 0.479190 0.250858 0.483126
5 0.235440 0.478017 0.235581 0.481953
5 0.290639 0.543216 0.290779 0.547152
5 0.274756 0.543271 0.274896 0.547207
5 0.321274 0.502115 0.321414 0.506051
5 0.227733 0.498754 0.227873 0.502691
5 0.220189 0.520514 0.220329 0.524450
5 0.212423 0.541587 0.212563 0.545523
5 0.228145 0.542221 0.228285 0.546157
5 0.243883 0.542616 0.244023 0.546552
5 0.220682 0.562959 0.220821 0.566895
5 0.205327 0.562692 0.205467 0.566628
5 0.236052 0.562987 0.236192 0.566923
5 0.714232 0.494207 0.571536 0.498143
5 0.716104 0.514983 0.567791 0.518920
5 0.712251 0.514987 0.575499 0.518923
5 0.708198 0.514145 0.583604 0.518081
5 0.710080 0.534649 0.579839 0.538585
5 0.714017 0.535160 0.571965 0.539096
5 0.460272 0.547754 0.460412 0.551691
5 0.445008 0.547024 0.445148 0.550960
5 0.429144 0.546932 0.429285 0.550869
5 0.468058 0.568114 0.468198 0.572050
5 0.452794 0.567384 0.452934 0.571320
5 0.436931 0.567292 0.437071 0.571228
5 0.359727 0.524405 0.359867 0.528341
5 0.344391 0.523827 0.344531 0.527763
5 0.328856 0.523242 0.328996 0.527178
5 0.313458 0.523434 0.313598 0.527371
5 0.421685 0.566332 0.421825 0.570268
5 0.390638 0.565794 0.390778 0.569730
5 0.390686 0.524705 0.390826 0.528642
5 0.406036 0.525182 0.406176 0.529118
5 0.459846 0.587746 0.459986 0.591683
5 0.444582 0.587016 0.444722 0.590952
5 0.429360 0.587309 0.429500 0.591246
5 0.414114 0.586349 0.414254 0.590285
5 0.259279 0.542754 0.259420 0.546690
5 0.251509 0.522358 0.251649 0.526294
5 0.313342 0.564522 0.313482 0.568459
5 0.282589 0.562786 0.282729 0.566722
5 0.298066 0.563303 0.298206 0.567239
5 0.375146 0.565744 0.375286 0.569680
5 0.359809 0.565165 0.359949 0.569102
5 0.344275 0.564581 0.344415 0.568517
5 0.351796 0.544223 0.351936 0.548159
5 0.375959 0.483830 0.376099 0.487767
5 0.321170 0.585545 0.321310 0.589482
5 0.305895 0.584326 0.306035 0.588262
5 0.290418 0.583809 0.290558 0.587745
5 0.274562 0.583631 0.274702 0.587567
5 0.259318 0.582845 0.259458 0.586781
5 0.243963 0.582578 0.244103 0.586514
5 0.250985 0.562201 0.251125 0.566137
5 0.696432 0.553349 0.607136 0.557285