6 0.347104 0.278409 0.694208 0.279593
5 0.165838 0.382339 0.331676 0.383286
5 0.177281 0.383523 0.354561 0.386364
5 0.188960 0.413826 0.377920 0.407197
5 0.163431 0.418561 0.326862 0.416193
5 0.139205 0.374290 0.278409 0.379972
5 0.130524 0.399148 0.261048 0.398201
5 0.203362 0.436553 0.406723 0.438684
5 0.212753 0.430634 0.425505 0.434659
5 0.210385 0.410985 0.420770 0.413352
5 0.220052 0.368845 0.440104 0.371212
5 0.232915 0.410275 0.465830 0.413589
5 0.246330 0.433949 0.492661 0.430398
5 0.252841 0.435843 0.505682 0.435606
5 0.258917 0.415009 0.517835 0.413589
5 0.263415 0.438920 0.526831 0.438210
5 0.254695 0.461648 0.509391 0.462595
5 0.271622 0.462121 0.543245 0.459754
5 0.280816 0.464962 0.561632 0.462831
5 0.285354 0.439631 0.570707 0.440814
5 0.270991 0.417614 0.541982 0.416903
5 0.263494 0.369792 0.526989 0.370739
5 0.276318 0.367898 0.552636 0.372159
5 0.297743 0.417377 0.595486 0.413352
5 0.305082 0.421638 0.610164 0.422112
5 0.289339 0.464252 0.578677 0.466856
5 0.284209 0.487689 0.568419 0.486979
5 0.279790 0.506392 0.559580 0.503314
5 0.363557 0.397491 0.727115 0.395123
5 0.358033 0.392992 0.716067 0.392045
5 0.342448 0.388731 0.684896 0.391335
5 0.350379 0.348011 0.700758 0.349669
5 0.362098 0.348958 0.724195 0.350142
5 0.372711 0.374290 0.745423 0.371449
5 0.385219 0.373816 0.770439 0.372869
5 0.394926 0.375237 0.789852 0.371922
5 0.390349 0.394886 0.780698 0.392519
5 0.398832 0.397727 0.797664 0.396070
5 0.407828 0.375473 0.815657 0.373580
5 0.391809 0.352273 0.783617 0.348485
5 0.404119 0.351326 0.808239 0.348485
5 0.420691 0.377131 0.841383 0.372159
5 0.405342 0.395360 0.810685 0.397254
5 0.407868 0.418561 0.815735 0.412879
5 0.430753 0.377131 0.861506 0.374763
5 0.422309 0.352746 0.844618 0.354167
5 0.451981 0.379025 0.903961 0.375473
5 0.447522 0.400568 0.895044 0.399148
5 0.466067 0.370502 0.932134 0.366004
5 0.475616 0.376894 0.951231 0.374763
5 0.472143 0.348485 0.944287 0.342330
5 0.456834 0.354403 0.913668 0.348485
5 0.482402 0.355114 0.964804 0.353220
5 0.491832 0.400805 0.983665 0.398911
5 0.478417 0.399384 0.956834 0.397727
5 0.468237 0.400331 0.936474 0.400331
5 0.509193 0.384470 0.981613 0.378314
5 0.500237 0.398438 0.999527 0.397727
5 0.501381 0.395123 0.997238 0.398674
5 0.504656 0.426136 0.990688 0.424716
5 0.522846 0.457386 0.954309 0.459517
5 0.523398 0.427083 0.953204 0.425426
5 0.544705 0.375710 0.910590 0.374053
5 0.545336 0.379735 0.909328 0.384233
5 0.552399 0.402936 0.895202 0.405540