5 0.546265 0.399902 0.907471 0.399902
5 0.568970 0.448242 0.862061 0.448242
5 0.583984 0.549316 0.832031 0.555908
5 0.568237 0.408691 0.863525 0.408691
5 0.552856 0.399902 0.894287 0.404297
5 0.558716 0.404297 0.882568 0.404297
5 0.552124 0.388916 0.895752 0.386719
5 0.549194 0.382324 0.901611 0.382324
5 0.542603 0.406494 0.914795 0.399902
5 0.545532 0.382324 0.908936 0.382324
5 0.538940 0.399902 0.922119 0.399902
5 0.538208 0.382324 0.923584 0.382324
5 0.557251 0.386719 0.885498 0.386719
5 0.535278 0.399902 0.929443 0.399902
5 0.522827 0.399902 0.954346 0.399902
5 0.521362 0.377930 0.957275 0.377930
5 0.527954 0.399902 0.944092 0.399902
5 0.525024 0.417480 0.949951 0.417480
5 0.520630 0.417480 0.958740 0.417480
5 0.518433 0.395508 0.963135 0.395508
5 0.518433 0.377930 0.963135 0.377930
5 0.572144 0.487326 0.855711 0.487326
5 0.573943 0.468784 0.852114 0.468784
5 0.576019 0.488987 0.847962 0.488987
5 0.573389 0.506420 0.853222 0.506420
5 0.556278 0.482344 0.887444 0.482344
5 0.511107 0.410889 0.977787 0.402100
5 0.510376 0.417480 0.979248 0.417480
5 0.508188 0.397523 0.983624 0.393885
5 0.503784 0.395508 0.992432 0.395508
5 0.505249 0.417480 0.989502 0.417480
5 0.419067 0.413086 0.838135 0.413086
5 0.406616 0.408691 0.813232 0.408691
5 0.416138 0.391113 0.832275 0.391113
5 0.424194 0.391113 0.848389 0.391113
5 0.414307 0.369141 0.828613 0.371338
5 0.416870 0.353760 0.833740 0.347168
5 0.377319 0.386719 0.754639 0.386719
5 0.396729 0.391113 0.793457 0.393311
5 0.384644 0.410889 0.769287 0.408691
5 0.375488 0.415283 0.750977 0.410889
5 0.365234 0.419678 0.730469 0.410889
5 0.348022 0.399902 0.696045 0.399902
5 0.308105 0.410889 0.616211 0.406494
5 0.339745 0.441142 0.679491 0.441142
5 0.370728 0.448242 0.741455 0.448242
5 0.350952 0.450439 0.701904 0.443848
5 0.279541 0.432861 0.559082 0.428467
5 0.282837 0.406494 0.565674 0.399902
5 0.288696 0.382324 0.577393 0.382324
5 0.274780 0.377930 0.549561 0.377930
5 0.269653 0.360352 0.539307 0.360352
5 0.309204 0.382324 0.618408 0.382324
5 0.299683 0.382324 0.599365 0.382324
5 0.268555 0.353760 0.537109 0.344971
5 0.262329 0.377930 0.524658 0.377930
5 0.257935 0.355957 0.515869 0.355957
5 0.245483 0.399902 0.490967 0.399902
5 0.218384 0.377930 0.436768 0.377930
5 0.213989 0.413086 0.427979 0.413086
5 0.208862 0.395508 0.417725 0.395508
5 0.197876 0.395508 0.395752 0.395508
5 0.205200 0.373535 0.410400 0.373535
5 0.162720 0.391113 0.325439 0.391113
5 0.208130 0.340576 0.416260 0.333984
5 0.168579 0.373535 0.337158 0.373535
5 0.531204 0.441169 0.937591 0.437129
5 0.541870 0.443848 0.916260 0.443848
5 0.538342 0.460156 0.923316 0.460156
5 0.542315 0.461368 0.915371 0.461368
5 0.563996 0.445208 0.872009 0.445208
5 0.587280 0.628418 0.825439 0.628418
5 0.588745 0.650391 0.822510 0.650391
5 0.588013 0.549316 0.823975 0.549316
5 0.589478 0.514160 0.821045 0.514160
5 0.511108 0.377930 0.977783 0.377930
5 0.357544 0.388916 0.715088 0.382324
5 0.335571 0.388916 0.671143 0.382324
5 0.320190 0.382324 0.640381 0.382324
5 0.328647 0.404480 0.657295 0.401323
5 0.324585 0.443848 0.649170 0.443848
5 0.335571 0.443848 0.671143 0.443848
5 0.376587 0.465820 0.753174 0.465820
5 0.353149 0.465820 0.706299 0.465820
5 0.261597 0.417480 0.523193 0.417480
5 0.493987 0.416088 0.987973 0.413045
5 0.487758 0.435802 0.975515 0.432759
5 0.499257 0.436623 0.998515 0.433580
5 0.493028 0.456337 0.986057 0.453294
5 0.481665 0.455926 0.963331 0.452883
5 0.470097 0.454968 0.940194 0.451925
5 0.458597 0.453736 0.917194 0.450693
5 0.464963 0.433748 0.929926 0.430705
5 0.476326 0.435117 0.952652 0.432074
5 0.452984 0.432927 0.905968 0.429884
5 0.441347 0.432242 0.882695 0.429199
5 0.435598 0.452093 0.871195 0.449050
5 0.429916 0.432242 0.859832 0.429199
5 0.436077 0.411296 0.872153 0.408253
5 0.447850 0.411433 0.895701 0.408390
5 0.459350 0.413350 0.918700 0.410307
5 0.471055 0.413487 0.942111 0.410444
5 0.482487 0.414856 0.964974 0.411813
5 0.476737 0.394594 0.953474 0.391551
5 0.488100 0.395415 0.976200 0.392372
5 0.500000 0.395826 1.000000 0.392783
5 0.430806 0.390213 0.861612 0.387170
5 0.454011 0.392267 0.908022 0.389224
5 0.442374 0.391035 0.884748 0.387992
5 0.465305 0.393225 0.930611 0.390182
5 0.500000 0.456846 1.000000 0.453803
5 0.503357 0.458121 0.993286 0.455078
5 0.507152 0.458668 0.985695 0.455625
5 0.511009 0.459032 0.977983 0.455989
5 0.501938 0.396191 0.996124 0.393148
5 0.500000 0.375421 1.000000 0.372378
5 0.395162 0.429499 0.790323 0.426456
5 0.388668 0.448888 0.777336 0.445845
5 0.382357 0.469192 0.764715 0.466149
5 0.376778 0.447973 0.753557 0.444930
5 0.365254 0.446693 0.730509 0.443650
5 0.330866 0.443949 0.661732 0.440906
5 0.319616 0.443766 0.639233 0.440723
5 0.308093 0.443400 0.616185 0.440357
5 0.314220 0.422913 0.628441 0.419870
5 0.337268 0.423279 0.674536 0.420236
5 0.359401 0.466997 0.718802 0.463954
5 0.353822 0.445412 0.707644 0.442369
5 0.400100 0.450534 0.800201 0.447491