5 0.201479 0.431397 0.402957 0.428097
5 0.213409 0.432468 0.426817 0.429168
5 0.225387 0.433052 0.450774 0.429752
5 0.237171 0.433442 0.474342 0.430142
5 0.249101 0.434513 0.498201 0.431213
5 0.261079 0.435097 0.522158 0.431797
5 0.219495 0.454380 0.438990 0.451080
5 0.231425 0.455451 0.462850 0.452151
5 0.243404 0.456035 0.486807 0.452735
5 0.231522 0.411530 0.463045 0.408230
5 0.207078 0.410458 0.414157 0.407159
5 0.190425 0.428475 0.380851 0.425175
5 0.195976 0.452724 0.391953 0.449424
5 0.283667 0.479417 0.567333 0.476117
5 0.271902 0.479403 0.543804 0.476103
5 0.260400 0.478617 0.520799 0.475317
5 0.248616 0.478227 0.497232 0.474927
5 0.295210 0.479987 0.590419 0.476687
5 0.242702 0.499033 0.485403 0.495733
5 0.254485 0.499423 0.508971 0.496123
5 0.313023 0.456901 0.626046 0.453601
5 0.301124 0.456616 0.602248 0.453316
5 0.342498 0.435755 0.684997 0.432455
5 0.330723 0.435576 0.661445 0.432276
5 0.319131 0.434370 0.638262 0.431070
5 0.307280 0.435062 0.614559 0.431762
5 0.295707 0.434748 0.591413 0.431448
5 0.283777 0.433677 0.567554 0.430377
5 0.324923 0.411284 0.649845 0.407984
5 0.313147 0.411105 0.626294 0.407805
5 0.359532 0.460416 0.719064 0.457116
5 0.365369 0.439507 0.730738 0.436207
5 0.354194 0.437766 0.708387 0.434466
5 0.348106 0.459320 0.696211 0.456020
5 0.312881 0.501334 0.625762 0.498034
5 0.300982 0.501049 0.601964 0.497749
5 0.318773 0.479188 0.637545 0.475889
5 0.364926 0.483272 0.729852 0.479972
5 0.353500 0.482175 0.707000 0.478875
5 0.388137 0.484833 0.776273 0.481533
5 0.376710 0.483737 0.753421 0.480437
5 0.382799 0.462183 0.765597 0.458883
5 0.393974 0.463924 0.787948 0.460625
5 0.400603 0.443436 0.801205 0.440136
5 0.388825 0.441845 0.777649 0.438545
5 0.395028 0.420989 0.790057 0.417689
5 0.418078 0.465280 0.836156 0.461980
5 0.411449 0.485769 0.822899 0.482469
5 0.452429 0.467113 0.904859 0.463813
5 0.441264 0.466713 0.882529 0.463413
5 0.429480 0.466248 0.858960 0.462948
5 0.447541 0.445143 0.895083 0.441843
5 0.441712 0.423507 0.883424 0.420207
5 0.436374 0.400856 0.872748 0.397556
5 0.458867 0.444760 0.917734 0.441460
5 0.458088 0.488179 0.916175 0.484880
5 0.446661 0.487083 0.893323 0.483783
5 0.422635 0.527475 0.845271 0.524175
5 0.428664 0.507679 0.857329 0.504379
5 0.417000 0.506982 0.833999 0.503682
5 0.492734 0.488702 0.985467 0.485402
5 0.481046 0.488824 0.962093 0.485524
5 0.500000 0.488005 1.000000 0.484705
5 0.499337 0.466035 0.998673 0.462736
5 0.500320 0.442010 0.999360 0.438710
5 0.472351 0.402663 0.944702 0.399363
5 0.516962 0.510802 0.966076 0.507502
5 0.513049 0.509636 0.973902 0.506336
5 0.509270 0.509426 0.981460 0.506126
5 0.505512 0.508969 0.988976 0.505669
5 0.515238 0.488835 0.969524 0.485535
5 0.511325 0.487669 0.977350 0.484369
5 0.507546 0.487459 0.984908 0.484159
5 0.503788 0.487002 0.992425 0.483702
5 0.518986 0.442302 0.962029 0.439002
5 0.520816 0.466440 0.958367 0.463140
5 0.522732 0.444218 0.954536 0.440918
5 0.524754 0.467589 0.950492 0.464290
5 0.520709 0.510419 0.958583 0.507119
5 0.518984 0.488452 0.962031 0.485152
5 0.514862 0.531702 0.970275 0.528403
5 0.564602 0.574980 0.870797 0.571680
5 0.560746 0.575144 0.878509 0.571844
5 0.556686 0.574747 0.886628 0.571447
5 0.553090 0.576294 0.893820 0.572994
5 0.558883 0.555193 0.882234 0.551894
5 0.559080 0.514067 0.881841 0.510768
5 0.562741 0.596125 0.874518 0.592825
5 0.558681 0.595728 0.882637 0.592428
5 0.555086 0.597276 0.889829 0.593976
5 0.393830 0.505644 0.787660 0.502344
5 0.418667 0.422677 0.837334 0.419377
5 0.126898 0.450217 0.253795 0.446917
5 0.150532 0.451611 0.301063 0.448311
5 0.146642 0.386640 0.293284 0.383340
5 0.140041 0.407763 0.280083 0.404463
5 0.133352 0.386767 0.266705 0.383467
5 0.127358 0.406989 0.254717 0.403689
5 0.156651 0.429909 0.313301 0.426609
5 0.145300 0.429750 0.290601 0.426450
5 0.144438 0.472818 0.288877 0.469519
5 0.132555 0.471555 0.265110 0.468255
5 0.370693 0.505186 0.741387 0.501887
5 0.564446 0.615984 0.871107 0.612684
5 0.554971 0.555595 0.890057 0.552295
5 0.536058 0.470240 0.927884 0.466940
5 0.534334 0.448273 0.931333 0.444973
5 0.538144 0.448851 0.923712 0.445551
5 0.537948 0.491963 0.924104 0.488663
5 0.138181 0.493607 0.276362 0.490307
5 0.207515 0.496901 0.415029 0.493601
5 0.219298 0.497290 0.438597 0.493990