5 0.244354 0.568974 0.488708 0.572768
5 0.255943 0.568590 0.511886 0.572384
5 0.267852 0.568974 0.535704 0.572768
5 0.279313 0.569870 0.558626 0.573665
5 0.291158 0.570254 0.582316 0.574049
5 0.302875 0.570638 0.605750 0.574433
5 0.308663 0.593348 0.617325 0.597142
5 0.296835 0.592963 0.593671 0.596758
5 0.284770 0.593351 0.569540 0.597146
5 0.273144 0.592455 0.546287 0.596249
5 0.273858 0.543948 0.547717 0.547743
5 0.262147 0.543352 0.524294 0.547146
5 0.250388 0.543368 0.500776 0.547163
5 0.238549 0.543752 0.477098 0.547547
5 0.244454 0.521026 0.488908 0.524820
5 0.256237 0.520136 0.512474 0.523931
5 0.268165 0.520232 0.536329 0.524027
5 0.280072 0.520716 0.560145 0.524510
5 0.286735 0.498927 0.573471 0.502722
5 0.274390 0.496887 0.548780 0.500682
5 0.262511 0.496402 0.525022 0.500197
5 0.250436 0.497778 0.500872 0.501573
4 0.303938 0.512276 0.607876 0.506347
4 0.344326 0.447653 0.688652 0.441663
4 0.372535 0.513020 0.745070 0.505621
4 0.430073 0.464474 0.860145 0.457602
4 0.244901 0.480417 0.489802 0.486383
4 0.208606 0.503660 0.417212 0.497098
5 0.203589 0.543333 0.407178 0.547128
5 0.215315 0.545736 0.430631 0.549530
5 0.227074 0.545720 0.454149 0.549514
5 0.220786 0.568690 0.441572 0.572484
5 0.208763 0.568555 0.417527 0.572350
5 0.197037 0.566153 0.394074 0.569947
5 0.205234 0.495168 0.410468 0.498962
5 0.216960 0.497570 0.433921 0.501365
5 0.222093 0.475724 0.444186 0.479519
5 0.210367 0.473322 0.420733 0.477117
5 0.210999 0.521675 0.421998 0.525469
5 0.191361 0.544473 0.382721 0.548268
5 0.163462 0.523286 0.326923 0.527080
5 0.175164 0.521225 0.350327 0.525019
5 0.187350 0.520337 0.374701 0.524132
5 0.151091 0.474594 0.302182 0.478388
5 0.163188 0.474243 0.326376 0.478038
5 0.175638 0.474540 0.351276 0.478335
5 0.193141 0.496296 0.386282 0.500090
5 0.268344 0.472432 0.536687 0.476227
5 0.256109 0.473169 0.512218 0.476964
5 0.333388 0.550855 0.666776 0.554649
5 0.321220 0.548749 0.642440 0.552544
5 0.308637 0.547299 0.617274 0.551094
5 0.297176 0.546403 0.594352 0.550198
5 0.326659 0.572426 0.653319 0.576221
5 0.314648 0.571261 0.629296 0.575056
5 0.369152 0.552323 0.738303 0.556117
5 0.357255 0.553477 0.714511 0.557272
5 0.345261 0.553476 0.690522 0.557271
5 0.328056 0.528755 0.656112 0.532550
5 0.340503 0.529571 0.681006 0.533365
5 0.352354 0.530046 0.704708 0.533841
5 0.315967 0.527216 0.631934 0.531010
5 0.347068 0.506208 0.694136 0.510003
5 0.335210 0.506298 0.670420 0.510092
5 0.323121 0.504758 0.646242 0.508553
5 0.374613 0.574010 0.749226 0.577805
5 0.362688 0.574837 0.725375 0.578631
5 0.350676 0.574298 0.701353 0.578093
5 0.391338 0.596453 0.782676 0.600247
5 0.402790 0.596659 0.805581 0.600453
5 0.379628 0.596603 0.759256 0.600397
5 0.409115 0.574545 0.818229 0.578339
5 0.386124 0.574661 0.772249 0.578456
5 0.397576 0.573995 0.795152 0.577789
5 0.368055 0.596689 0.736109 0.600483
5 0.415512 0.550778 0.831025 0.554573
5 0.403973 0.549143 0.807947 0.552937
5 0.392741 0.548824 0.785482 0.552619
5 0.380645 0.549949 0.761291 0.553744
5 0.427246 0.552262 0.854492 0.556056
5 0.428195 0.506547 0.856390 0.510342
5 0.433329 0.529596 0.866657 0.533390
5 0.421531 0.526960 0.843062 0.530754
5 0.410395 0.524731 0.820790 0.528526
5 0.393172 0.502194 0.786344 0.505988
5 0.398870 0.478503 0.797740 0.482298
5 0.381071 0.501297 0.762141 0.505092
5 0.398678 0.525372 0.797356 0.529166
5 0.432749 0.574436 0.865498 0.578231
5 0.420885 0.575625 0.841769 0.579419
5 0.450989 0.551175 0.901978 0.554970
5 0.444628 0.573995 0.889256 0.577789
5 0.439201 0.551973 0.878402 0.555768
5 0.473082 0.595528 0.946164 0.599322
5 0.461256 0.597014 0.922512 0.600809
5 0.456327 0.572645 0.912654 0.576440
5 0.467760 0.571103 0.935520 0.574898
5 0.504236 0.572751 0.991528 0.576546
5 0.500149 0.573630 0.999702 0.577425
5 0.490673 0.572658 0.981346 0.576452
5 0.479513 0.571772 0.959026 0.575567
5 0.506024 0.596853 0.987953 0.600648
5 0.501918 0.597290 0.996164 0.601084
5 0.496035 0.596981 0.992070 0.600775
5 0.484654 0.595322 0.969308 0.599116
5 0.521637 0.594894 0.956725 0.598688
5 0.529432 0.595189 0.941137 0.598984
5 0.525502 0.595097 0.948996 0.598892
5 0.517949 0.594080 0.964102 0.597874
5 0.519595 0.617079 0.960810 0.620874
5 0.523459 0.617283 0.953081 0.621077
5 0.507728 0.618313 0.984543 0.622108
5 0.509959 0.596416 0.980083 0.600211
5 0.511834 0.617877 0.976332 0.621671
5 0.512177 0.573808 0.975646 0.577602
5 0.510135 0.551622 0.979731 0.555417
5 0.541044 0.551789 0.917911 0.555583
5 0.542872 0.573552 0.914256 0.577346
5 0.538824 0.572711 0.922351 0.576506
5 0.540805 0.595063 0.918391 0.598858
5 0.535059 0.617009 0.929881 0.620803
5 0.531130 0.616917 0.937741 0.620712
5 0.527493 0.572668 0.945014 0.576462
5 0.531678 0.530125 0.936644 0.533920
5 0.560115 0.594184 0.879770 0.597978
5 0.556173 0.594018 0.887654 0.597813
5 0.552345 0.593372 0.895309 0.597167
5 0.548534 0.593222 0.902931 0.597016
5 0.554053 0.614305 0.891894 0.618100
5 0.550242 0.614154 0.899516 0.617949
5 0.548358 0.635467 0.903284 0.639261
5 0.552169 0.635617 0.895662 0.639412
5 0.563565 0.667708 0.872871 0.664583
5 0.559754 0.667671 0.880492 0.664658
5 0.561641 0.672635 0.876717 0.654731
5 0.565452 0.672672 0.869095 0.654655
5 0.557656 0.672984 0.884687 0.654032
5 0.555769 0.668020 0.888462 0.663959
5 0.553648 0.673124 0.892704 0.653752
5 0.561519 0.651445 0.876962 0.655240
5 0.157325 0.500103 0.314650 0.503897
5 0.138990 0.520710 0.277981 0.524504
5 0.126717 0.519649 0.253434 0.523444
5 0.132172 0.588744 0.264344 0.592539
5 0.126717 0.565106 0.253434 0.568901
5 0.184710 0.566682 0.369419 0.570476
5 0.172401 0.567682 0.344803 0.571477
5 0.179330 0.590622 0.358661 0.594417
5 0.144976 0.497527 0.289951 0.501321
5 0.132702 0.496466 0.265404 0.500261
5 0.546316 0.656445 0.907367 0.660239
5 0.542415 0.657363 0.915171 0.661157
5 0.538550 0.657664 0.922900 0.661459
5 0.496825 0.548421 0.993650 0.552216
5 0.508235 0.530203 0.983529 0.533998
5 0.502515 0.505489 0.994971 0.509284
5 0.500352 0.525979 0.999295 0.529774
5 0.396304 0.617149 0.792608 0.620944
5 0.384852 0.616943 0.769703 0.620738
5 0.373142 0.617093 0.746283 0.620888
5 0.361568 0.617179 0.723137 0.620974