5 0.227427 0.142524 0.238700 0.285048
5 0.218750 0.128137 0.230313 0.256275
5 0.243045 0.139828 0.252678 0.279656
5 0.255771 0.141176 0.268254 0.282353
5 0.265026 0.154665 0.276041 0.309331
5 0.280065 0.154889 0.292214 0.309778
5 0.288453 0.169502 0.300802 0.339004
5 0.272835 0.170850 0.285625 0.341701
5 0.258663 0.171974 0.269651 0.343947
5 0.243622 0.171974 0.255273 0.343947
5 0.227715 0.172872 0.240697 0.345744
5 0.212677 0.174221 0.225521 0.348443
5 0.196769 0.174222 0.208149 0.348445
5 0.221930 0.188161 0.232309 0.376321
5 0.237260 0.187259 0.247885 0.374519
5 0.252300 0.187484 0.264060 0.374968
5 0.261555 0.203114 0.273082 0.406229
5 0.267050 0.187485 0.278837 0.374970
5 0.219328 0.158711 0.230713 0.317422
5 0.234658 0.157812 0.246488 0.315625
5 0.249985 0.156687 0.260864 0.313374
5 0.319689 0.169501 0.331753 0.339002
5 0.327787 0.183663 0.339141 0.367326
5 0.313037 0.184338 0.324166 0.368675
5 0.298865 0.186586 0.309787 0.373171
5 0.326630 0.151741 0.337145 0.303482
5 0.341380 0.150393 0.351322 0.300787
5 0.355264 0.152641 0.367296 0.305282
5 0.370304 0.148145 0.381076 0.296291
5 0.386499 0.149719 0.397648 0.299437
5 0.401251 0.149045 0.411827 0.298089
5 0.415713 0.148819 0.427602 0.297638
5 0.425256 0.166471 0.437225 0.332942
5 0.431620 0.150168 0.443976 0.300336
5 0.446948 0.147695 0.457355 0.295391
5 0.461409 0.148369 0.473130 0.296738
5 0.409639 0.165573 0.420851 0.331145
5 0.395466 0.166246 0.406074 0.332493
5 0.380137 0.167145 0.392294 0.334290
5 0.365965 0.167595 0.376320 0.335190
5 0.350347 0.166696 0.360745 0.333391
5 0.300600 0.216827 0.311023 0.433654
5 0.330679 0.215704 0.340577 0.431408
5 0.324028 0.230764 0.335584 0.461529
5 0.285271 0.217052 0.296446 0.434103
5 0.276016 0.202889 0.287460 0.405778
5 0.254324 0.217502 0.265294 0.435004
5 0.465169 0.180859 0.476362 0.361719
5 0.449840 0.181084 0.460387 0.362168
5 0.480499 0.181085 0.490540 0.362170
5 0.494671 0.180635 0.506715 0.361270
5 0.510866 0.179735 0.521890 0.359469
5 0.477028 0.147589 0.487745 0.295178
5 0.468640 0.129604 0.479358 0.259208
5 0.454467 0.132976 0.464381 0.265952
5 0.437403 0.130503 0.449005 0.261007
5 0.422652 0.130053 0.432831 0.260107
5 0.483101 0.131402 0.495333 0.262804
5 0.498720 0.130054 0.509310 0.260108
5 0.513180 0.129380 0.524086 0.258761
5 0.522725 0.147139 0.533273 0.294277
5 0.506529 0.146014 0.518096 0.292028
5 0.491489 0.147364 0.504319 0.294728
5 0.418026 0.181184 0.430449 0.362369
5 0.402985 0.182309 0.414474 0.364618
5 0.411663 0.196920 0.424259 0.393841
5 0.592429 0.160431 0.604812 0.320863
5 0.599659 0.145594 0.611402 0.291188
5 0.576521 0.129410 0.587440 0.258819
5 0.569291 0.144245 0.580252 0.288491
5 0.576521 0.159532 0.588438 0.319064
5 0.600816 0.174143 0.612401 0.348287
5 0.617012 0.175267 0.628575 0.350534
5 0.631185 0.175043 0.644750 0.350085
5 0.640440 0.188081 0.651539 0.376163
5 0.655480 0.188756 0.667115 0.377512
5 0.630895 0.143347 0.643152 0.286694
5 0.623376 0.126486 0.632369 0.252972
5 0.545285 0.130083 0.556688 0.260167
5 0.531980 0.162229 0.542910 0.324458
5 0.546731 0.160207 0.558685 0.320414
5 0.540946 0.178641 0.551696 0.357282
5 0.515784 0.163579 0.528932 0.327157
5 0.486282 0.164252 0.496183 0.328505
5 0.518965 0.193928 0.529731 0.387855
5 0.665033 0.157757 0.669934 0.315515
5 0.662710 0.172593 0.673717 0.345186
5 0.667424 0.173270 0.665152 0.346539
5 0.669938 0.171471 0.660124 0.342942
5 0.669655 0.141123 0.660691 0.282246
5 0.646514 0.142472 0.656744 0.284943
5 0.638993 0.159556 0.650552 0.319112
5 0.678118 0.137076 0.643763 0.274151
5 0.680166 0.154385 0.639669 0.308770
5 0.675906 0.156858 0.648189 0.313716
5 0.682133 0.167648 0.635734 0.335297
5 0.685515 0.136402 0.628971 0.272804
5 0.690163 0.134603 0.619674 0.269206
5 0.691643 0.152362 0.616714 0.304725
5 0.695558 0.150787 0.608884 0.301575
5 0.698695 0.150115 0.602610 0.300229
5 0.702665 0.148540 0.594669 0.297081
5 0.706491 0.148090 0.587019 0.296181
5 0.704851 0.163826 0.590298 0.327653
5 0.709266 0.163826 0.581467 0.327653
5 0.712543 0.163153 0.574915 0.326307
5 0.710740 0.148316 0.578520 0.296632
5 0.714405 0.147193 0.571189 0.294386
5 0.708214 0.132355 0.583572 0.264711
5 0.700557 0.134153 0.598886 0.268306
5 0.697076 0.134603 0.605848 0.269206
5 0.689769 0.169672 0.620462 0.339345
5 0.687662 0.151912 0.624676 0.303825
5 0.709153 0.195111 0.581693 0.390222
5 0.705088 0.195560 0.589823 0.391120
5 0.707525 0.212195 0.584950 0.424389
5 0.711095 0.211072 0.577810 0.422143
5 0.715200 0.210173 0.569600 0.420346
5 0.716639 0.194861 0.566722 0.389721
5 0.718970 0.208897 0.562060 0.417795
5 0.722287 0.208896 0.555425 0.417793
5 0.720954 0.193972 0.558093 0.387944
5 0.724670 0.192551 0.550660 0.385103
5 0.726465 0.207297 0.547071 0.414593
5 0.730760 0.205875 0.538479 0.411751
5 0.722264 0.177273 0.555472 0.354545
5 0.718205 0.179050 0.563589 0.358100
5 0.710399 0.178872 0.579202 0.357743
5 0.726473 0.176029 0.547054 0.352058
5 0.730572 0.176562 0.538857 0.353123
5 0.718297 0.145648 0.563406 0.291296
5 0.717258 0.130548 0.565483 0.261096
5 0.722210 0.145292 0.555580 0.290584
5 0.726068 0.145827 0.547865 0.291653
5 0.729961 0.145115 0.540079 0.290229
5 0.733842 0.144227 0.532315 0.288453
5 0.736011 0.160217 0.527977 0.320433
5 0.738157 0.173896 0.523686 0.347791
5 0.732008 0.128237 0.535983 0.256474
5 0.724509 0.126637 0.550982 0.253274
5 0.735346 0.128237 0.529308 0.256474
5 0.730719 0.237631 0.538563 0.475263
5 0.734281 0.237277 0.531437 0.474554
5 0.738080 0.236210 0.523839 0.472420
5 0.732435 0.253621 0.535131 0.507243
5 0.744655 0.251786 0.510690 0.503572
5 0.741826 0.267718 0.516348 0.535437
5 0.734701 0.267362 0.530598 0.534725
5 0.730953 0.268962 0.538093 0.537924
5 0.726465 0.269672 0.547071 0.539343
5 0.724867 0.254394 0.550265 0.508787
5 0.681619 0.138465 0.636763 0.276930
5 0.591039 0.127301 0.602964 0.254602
5 0.212734 0.143394 0.222859 0.286788
5 0.181494 0.175023 0.193134 0.350046
5 0.190420 0.189510 0.201471 0.379020
5 0.205646 0.189307 0.217422 0.378613
5 0.213260 0.204406 0.225578 0.408812
5 0.221920 0.220015 0.234172 0.440030
5 0.238973 0.218159 0.251715 0.436317
5 0.229936 0.234728 0.243356 0.469457
5 0.215952 0.234994 0.228875 0.469988
5 0.199411 0.235390 0.212509 0.470779
5 0.209130 0.249970 0.221927 0.499940
5 0.224309 0.249572 0.237352 0.499144
5 0.233005 0.263358 0.245593 0.526717
5 0.249546 0.264551 0.260545 0.529102
5 0.181675 0.204639 0.193789 0.409277
5 0.198387 0.204640 0.210271 0.409279
5 0.207084 0.219352 0.218866 0.438704
5 0.191054 0.220676 0.203795 0.441353
5 0.183379 0.235257 0.195908 0.470515
5 0.191907 0.250236 0.204974 0.500472
5 0.247330 0.234331 0.258074 0.468661
5 0.261143 0.233799 0.273968 0.467598
5 0.277855 0.232872 0.289509 0.465744
5 0.294397 0.231547 0.305758 0.463093
5 0.308552 0.231016 0.320946 0.462031
5 0.301730 0.247188 0.313529 0.494375
5 0.271546 0.248778 0.284095 0.497555
5 0.255856 0.248910 0.268434 0.497820
5 0.204867 0.158115 0.215335 0.316230
5 0.173148 0.159042 0.182957 0.318084
5 0.189690 0.157585 0.199676 0.315170
5 0.187032 0.128783 0.198511 0.257566
4 0.177241 0.148260 0.195234 0.296520
4 0.200915 0.130859 0.218592 0.261719
5 0.164095 0.176197 0.176350 0.352393
5 0.156577 0.191629 0.168631 0.383258
5 0.165444 0.205862 0.177813 0.411724
5 0.173540 0.189530 0.184601 0.379061