5 0.747034 0.131850 0.505932 0.263700
5 0.742715 0.132540 0.514569 0.265080
5 0.712155 0.129922 0.575691 0.259844
5 0.704886 0.130335 0.590228 0.260669
5 0.706127 0.145922 0.587745 0.291845
5 0.708520 0.130748 0.582959 0.261497
5 0.723746 0.130933 0.552509 0.261866
5 0.725625 0.146796 0.548749 0.293592
5 0.723198 0.162520 0.553604 0.325041
5 0.697118 0.159524 0.605764 0.319048
5 0.702021 0.175662 0.595958 0.351325
5 0.706167 0.176076 0.587667 0.352152
5 0.697237 0.128902 0.605526 0.257804
5 0.702672 0.145730 0.594656 0.291460
5 0.708321 0.160352 0.583359 0.320705
5 0.687252 0.142282 0.625496 0.284563
5 0.683662 0.141455 0.632676 0.282910
5 0.689423 0.126420 0.621154 0.252839
5 0.678055 0.125183 0.643890 0.250366
5 0.630499 0.126041 0.642109 0.252083
5 0.638423 0.141860 0.649209 0.283720
5 0.606675 0.141309 0.618502 0.282617
5 0.591106 0.141446 0.602528 0.282892
5 0.583381 0.125170 0.595782 0.250339
5 0.568796 0.125858 0.579986 0.251717
5 0.546239 0.139378 0.556378 0.278755
5 0.537536 0.156344 0.549102 0.312688
5 0.567815 0.154688 0.579808 0.309377
5 0.583382 0.155653 0.594717 0.311307
5 0.575047 0.171516 0.587794 0.343033
5 0.591227 0.171242 0.603770 0.342484
5 0.599197 0.156344 0.609983 0.312688
5 0.613906 0.156758 0.625601 0.313516
5 0.629841 0.157033 0.641576 0.314066
5 0.653134 0.141722 0.664474 0.283445
5 0.670015 0.156481 0.659971 0.312962
5 0.677215 0.157585 0.645570 0.315170
5 0.522196 0.155328 0.533659 0.310657
5 0.514227 0.170089 0.526382 0.340178
5 0.529306 0.170642 0.540760 0.341284
5 0.552517 0.185803 0.564365 0.371605
5 0.544304 0.201529 0.556201 0.403058
5 0.529348 0.201115 0.540049 0.402230
5 0.598853 0.186630 0.609982 0.373260
5 0.607313 0.171182 0.618325 0.342363
5 0.621165 0.171595 0.632702 0.343191
5 0.613441 0.186908 0.625956 0.373816
5 0.629745 0.187182 0.640334 0.374364
5 0.637591 0.172562 0.648675 0.345124
5 0.567963 0.186492 0.578921 0.372985
5 0.498531 0.200600 0.509875 0.401200
5 0.484066 0.168046 0.494255 0.336092
5 0.476712 0.154667 0.486978 0.309334
5 0.491789 0.153976 0.502952 0.307953
5 0.430007 0.183770 0.440829 0.367541
5 0.453298 0.168737 0.464969 0.337473
5 0.347301 0.135381 0.357762 0.270762
5 0.369877 0.150636 0.380836 0.301271
5 0.384710 0.151878 0.396278 0.303755
5 0.346708 0.165120 0.357761 0.330240
5 0.369029 0.181274 0.381368 0.362548
5 0.255093 0.130713 0.266529 0.261426
5 0.224463 0.158512 0.235290 0.317024
5 0.239418 0.160994 0.250200 0.321989
5 0.247386 0.145407 0.258542 0.290815
5 0.232431 0.143892 0.243809 0.287784
5 0.224953 0.128855 0.236000 0.257710
5 0.239663 0.128719 0.251442 0.257438
5 0.285748 0.163344 0.296881 0.326689
5 0.262089 0.177412 0.273451 0.354824
5 0.192998 0.158525 0.203340 0.317049
5 0.208935 0.158386 0.220204 0.316772
5 0.206116 0.190388 0.218606 0.380776
5 0.735721 0.131468 0.528557 0.262937
5 0.734986 0.163010 0.530029 0.326021