5 0.219193 0.345797 0.438386 0.350508
5 0.244365 0.345400 0.488729 0.350112
5 0.238793 0.323863 0.477586 0.328574
5 0.261344 0.367907 0.522688 0.372619
5 0.273632 0.368876 0.547265 0.373588
5 0.286405 0.369757 0.572811 0.374469
5 0.230788 0.390174 0.461576 0.394886
5 0.242834 0.391022 0.485668 0.395733
5 0.255184 0.390451 0.510367 0.395162
5 0.279865 0.346610 0.559729 0.351321
5 0.292638 0.347491 0.585275 0.352202
5 0.312650 0.326628 0.625300 0.331339
5 0.299106 0.326158 0.598212 0.330870
5 0.299000 0.370682 0.598000 0.375394
5 0.305323 0.393404 0.610646 0.398115
5 0.292677 0.391862 0.585354 0.396573
5 0.279544 0.391495 0.559088 0.396206
5 0.298691 0.414583 0.597383 0.419295
5 0.273324 0.413702 0.546648 0.418414
5 0.286046 0.413041 0.572091 0.417752
5 0.224636 0.412800 0.449272 0.417512
5 0.236683 0.413648 0.473365 0.418360
5 0.249032 0.413077 0.498064 0.417789
5 0.261052 0.412794 0.522105 0.417506
5 0.218485 0.435286 0.436969 0.439997
5 0.230531 0.436134 0.461062 0.440845
5 0.242880 0.435562 0.485761 0.440274
5 0.267455 0.436470 0.534910 0.441182
5 0.317566 0.438757 0.635131 0.443468
5 0.311243 0.416035 0.622485 0.420747
5 0.329758 0.393118 0.659515 0.397829
5 0.335779 0.415718 0.671558 0.420430
5 0.341880 0.393118 0.683760 0.397829
5 0.365617 0.392554 0.731235 0.397266
5 0.353495 0.393118 0.706991 0.397829
5 0.371253 0.369310 0.742505 0.374021
5 0.358778 0.369451 0.717556 0.374162
5 0.377169 0.347756 0.754339 0.352467
5 0.389778 0.349446 0.779555 0.354158
5 0.396469 0.327047 0.792939 0.331758
5 0.383713 0.326765 0.767426 0.331477
5 0.383650 0.370578 0.767299 0.375289
5 0.403668 0.306419 0.807335 0.311131
5 0.409145 0.328579 0.818291 0.333290
5 0.371270 0.415664 0.742541 0.420376
5 0.359148 0.416228 0.718296 0.420939
5 0.377588 0.438608 0.755176 0.443319
5 0.341940 0.439171 0.683881 0.443883
5 0.420849 0.460822 0.841698 0.465534
5 0.408452 0.459554 0.816904 0.464266
5 0.395977 0.459695 0.791955 0.464407
5 0.426936 0.438792 0.853872 0.443504
5 0.414539 0.437524 0.829078 0.442236
5 0.439883 0.439179 0.879767 0.443890
5 0.433313 0.461788 0.866626 0.466500
5 0.452348 0.439565 0.904695 0.444277
5 0.445777 0.462175 0.891555 0.466886
5 0.458048 0.417149 0.916096 0.421861
5 0.445584 0.416763 0.891168 0.421474
5 0.433410 0.416376 0.866819 0.421088
5 0.439400 0.394540 0.878800 0.399251
5 0.451575 0.394926 0.903149 0.399638
5 0.464039 0.395313 0.928078 0.400024
5 0.433216 0.371930 0.866433 0.376642
5 0.445391 0.372317 0.890782 0.377028
5 0.457783 0.371985 0.915566 0.376697
5 0.464102 0.349294 0.928205 0.354005
5 0.451638 0.349769 0.903276 0.354480
5 0.439105 0.350388 0.878209 0.355099
5 0.457568 0.326890 0.915135 0.331601
5 0.445104 0.328083 0.890207 0.332794
5 0.432642 0.328702 0.865284 0.333413
5 0.437956 0.305005 0.875912 0.309716
5 0.450633 0.304099 0.901266 0.308810
5 0.463815 0.304342 0.927630 0.309053
5 0.476627 0.303668 0.953255 0.308380
5 0.482413 0.327464 0.964827 0.332176
5 0.470165 0.326790 0.940329 0.331502
5 0.476268 0.349625 0.952537 0.354337
5 0.495098 0.329475 0.988288 0.334186
5 0.494851 0.373466 0.988041 0.378177
5 0.482198 0.371411 0.964396 0.376122
5 0.470093 0.371311 0.940186 0.376023
5 0.502559 0.395618 0.994881 0.400330
5 0.488467 0.395835 0.976934 0.400546
5 0.476166 0.395070 0.952332 0.399782
5 0.470267 0.417567 0.940534 0.422279
5 0.482323 0.418191 0.964645 0.422903
5 0.495477 0.418340 0.988667 0.423052
5 0.502597 0.440267 0.994806 0.444978
5 0.488517 0.439880 0.977034 0.444592
5 0.476224 0.439731 0.952448 0.444443
5 0.458063 0.462862 0.916126 0.467574
5 0.470237 0.463011 0.940475 0.467723
5 0.482701 0.461617 0.965403 0.466329
5 0.510746 0.396328 0.978509 0.401039
5 0.506659 0.395835 0.986681 0.400546
5 0.504564 0.418333 0.990872 0.423045
5 0.508758 0.418482 0.982484 0.423194
5 0.508995 0.373174 0.982009 0.377885
5 0.512757 0.418332 0.974486 0.423043
5 0.510769 0.440486 0.978461 0.445197
5 0.504537 0.461703 0.990926 0.466414
5 0.512709 0.461922 0.974581 0.466633
5 0.510656 0.483671 0.978689 0.488382
5 0.514654 0.483520 0.970691 0.488231
5 0.506461 0.483521 0.987077 0.488233
5 0.502469 0.483529 0.995061 0.488240
5 0.488015 0.483379 0.976030 0.488091
5 0.476235 0.483306 0.952470 0.488018
5 0.464115 0.484225 0.928231 0.488936
5 0.520951 0.460887 0.958098 0.465598
5 0.516894 0.461211 0.966211 0.465923
5 0.522895 0.439364 0.954210 0.444076
5 0.518838 0.439797 0.962323 0.444509
5 0.516836 0.418383 0.966327 0.423094
5 0.518606 0.395749 0.962787 0.400461
5 0.520342 0.372095 0.959317 0.376807
5 0.516082 0.372246 0.967836 0.376957
5 0.526731 0.394357 0.946538 0.399068
5 0.522652 0.394306 0.954697 0.399017
5 0.534947 0.393423 0.930106 0.398134
5 0.530849 0.394232 0.938301 0.398943
5 0.524864 0.417147 0.950271 0.421859
5 0.532941 0.415945 0.934119 0.420657
5 0.528895 0.416079 0.942209 0.420790
5 0.526839 0.439099 0.946321 0.443810
5 0.530838 0.438127 0.938324 0.442839
5 0.534883 0.437994 0.930234 0.442705
5 0.524928 0.460841 0.950145 0.465552
5 0.528872 0.460467 0.942256 0.465179
5 0.536964 0.460633 0.926072 0.465345
5 0.541103 0.460496 0.917793 0.465208
5 0.539022 0.437856 0.921955 0.442568
5 0.541768 0.428600 0.916464 0.420203
5 0.543070 0.438131 0.913860 0.442842
5 0.543061 0.392860 0.913878 0.397571
5 0.545152 0.415122 0.909695 0.419833
5 0.547255 0.436896 0.905490 0.441608
5 0.536891 0.371469 0.926218 0.376181
5 0.534833 0.349378 0.930334 0.354090
5 0.532843 0.327425 0.934313 0.332136
5 0.528837 0.371867 0.942326 0.376578
5 0.512844 0.326012 0.974312 0.330723
5 0.507022 0.351065 0.985955 0.355777
5 0.549184 0.369704 0.901633 0.374416
5 0.548035 0.406141 0.903929 0.397744
5 0.551420 0.392141 0.897160 0.396852
5 0.554216 0.427730 0.891568 0.419332
5 0.551326 0.436290 0.897349 0.441001
5 0.557455 0.413555 0.885089 0.418267
5 0.563578 0.390574 0.872844 0.395285
5 0.560281 0.404749 0.879439 0.396351
5 0.555393 0.391641 0.889214 0.396353
5 0.563397 0.434549 0.873207 0.439260
5 0.559326 0.435155 0.881348 0.439867
5 0.555286 0.436216 0.889428 0.440927
5 0.549265 0.458575 0.901469 0.463286
5 0.553226 0.458501 0.893548 0.463212
5 0.557266 0.457440 0.885468 0.462151
5 0.569662 0.457434 0.860677 0.462145
5 0.565400 0.457331 0.869200 0.462042
5 0.561440 0.457404 0.877121 0.462116
5 0.573954 0.458490 0.852092 0.463201
5 0.555276 0.480114 0.889447 0.484826
5 0.559316 0.480051 0.881367 0.484763
5 0.535034 0.481367 0.929931 0.486078
5 0.539052 0.481803 0.921896 0.486515
5 0.543035 0.481593 0.913930 0.486304
5 0.547180 0.481047 0.905639 0.485758
5 0.526770 0.481762 0.946459 0.486473
5 0.522794 0.481808 0.954413 0.486519
5 0.524806 0.503069 0.950387 0.507780
5 0.536962 0.502968 0.926076 0.507679
5 0.541065 0.503064 0.917871 0.507776
5 0.545048 0.502854 0.909905 0.507565
5 0.532993 0.502458 0.934013 0.507169
5 0.549136 0.502648 0.901727 0.507360
5 0.530867 0.524059 0.938265 0.528771
5 0.534836 0.524569 0.930328 0.529281
5 0.538938 0.524666 0.922123 0.529377
5 0.542922 0.524455 0.914157 0.529167
5 0.547010 0.524250 0.905979 0.528961
5 0.522567 0.525181 0.954866 0.529892
5 0.557261 0.501546 0.885478 0.506257
5 0.561301 0.501482 0.877399 0.506194
5 0.567620 0.479176 0.864761 0.483887
5 0.565496 0.501823 0.869008 0.506534
5 0.576237 0.480877 0.847525 0.485588
5 0.573916 0.502333 0.852169 0.507044
5 0.578291 0.415117 0.843417 0.419829
5 0.575999 0.523248 0.848002 0.527960
5 0.571563 0.523448 0.856873 0.528160
5 0.567523 0.523511 0.864953 0.528223
5 0.555160 0.523151 0.889679 0.527863
5 0.559200 0.523088 0.881600 0.527800
5 0.552940 0.545657 0.894120 0.550369
5 0.561085 0.544854 0.877830 0.549565
5 0.573694 0.543613 0.852612 0.548325
5 0.571498 0.564659 0.857004 0.569370
5 0.550977 0.566847 0.898046 0.571558
5 0.559071 0.566496 0.881858 0.571208
5 0.563054 0.566286 0.873892 0.570998
5 0.567257 0.565260 0.865487 0.569972
5 0.554968 0.566400 0.890063 0.571112
5 0.547667 0.580283 0.904666 0.571886
5 0.542731 0.567790 0.914538 0.572501
5 0.548758 0.587804 0.902483 0.592516
5 0.552822 0.587477 0.894355 0.592189
5 0.561106 0.587080 0.877789 0.591792
5 0.565089 0.586870 0.869823 0.591582
5 0.577862 0.584533 0.844275 0.589245
5 0.573621 0.585134 0.852758 0.589846
5 0.571444 0.606570 0.857111 0.611282
5 0.550673 0.608971 0.898654 0.613682
5 0.540786 0.588816 0.918428 0.593527
5 0.542656 0.609446 0.914688 0.614158
5 0.527341 0.580964 0.945318 0.572566
5 0.530651 0.567527 0.938698 0.572239
5 0.532497 0.588157 0.935007 0.592869
5 0.528433 0.588485 0.943135 0.593196
5 0.511301 0.538696 0.977398 0.530299
5 0.488496 0.525778 0.976992 0.530490
5 0.494757 0.504414 0.987947 0.509125
5 0.504454 0.504166 0.991093 0.508878
5 0.508446 0.504159 0.983109 0.508870
5 0.512640 0.504308 0.974720 0.509020
5 0.427249 0.481730 0.854499 0.486442
5 0.439714 0.482697 0.879427 0.487408
5 0.420613 0.502224 0.841226 0.506936
5 0.433010 0.503492 0.866020 0.508204
5 0.445571 0.503878 0.891141 0.508590
5 0.457938 0.504845 0.915876 0.509556
5 0.427166 0.523632 0.854333 0.528343
5 0.451448 0.524513 0.902896 0.529225
5 0.463912 0.524900 0.927824 0.529611
5 0.389703 0.480918 0.779406 0.485630
5 0.330037 0.480694 0.660074 0.485406
5 0.139262 0.413145 0.278523 0.417857
5 0.151830 0.413297 0.303661 0.418009
5 0.163831 0.414119 0.327663 0.418830
5 0.157477 0.436229 0.314954 0.440941
5 0.200306 0.413770 0.400611 0.418482
5 0.187956 0.413297 0.375913 0.418009
5 0.181689 0.391708 0.363377 0.396420
5 0.187956 0.369075 0.375913 0.373787
5 0.193528 0.346790 0.387055 0.351502
5 0.175769 0.326072 0.351538 0.330784
5 0.191699 0.303091 0.383399 0.307802
5 0.139034 0.366986 0.278068 0.371698
5 0.126987 0.367183 0.253975 0.371894
5 0.145389 0.345049 0.290777 0.349761
5 0.133168 0.344550 0.266336 0.349261
5 0.145301 0.389619 0.290603 0.394331
5 0.127162 0.457715 0.254323 0.462427
5 0.151731 0.456773 0.303463 0.461485
5 0.139469 0.457345 0.278938 0.462056
5 0.182468 0.436301 0.364936 0.441012
5 0.176113 0.458411 0.352227 0.463123
5 0.292809 0.303768 0.585617 0.308479
5 0.285903 0.324925 0.571806 0.329637