5 0.298950 0.158691 0.597900 0.317383
5 0.256470 0.175171 0.512939 0.350342
5 0.291626 0.171875 0.583252 0.343750
5 0.385010 0.150452 0.770020 0.300903
5 0.494909 0.154068 0.981783 0.308136
5 0.480678 0.154324 0.961357 0.308647
5 0.558716 0.185059 0.882568 0.370117
5 0.545166 0.180115 0.909668 0.360229
5 0.537842 0.172424 0.924316 0.344849
5 0.544800 0.178467 0.910400 0.356934
5 0.530884 0.191650 0.938232 0.383301
5 0.571167 0.194946 0.857666 0.389893
5 0.566772 0.227905 0.866455 0.455811
5 0.572632 0.244385 0.854736 0.488770
5 0.566406 0.174622 0.867188 0.349243
5 0.321289 0.166931 0.642578 0.333862
5 0.350220 0.171875 0.700439 0.343750
5 0.364136 0.155396 0.728271 0.310791