6 0.534407 0.314867 0.931187 0.316761
5 0.172607 0.452637 0.345215 0.454834
5 0.149902 0.452637 0.299805 0.459229
5 0.164185 0.402100 0.328369 0.408691
5 0.172974 0.426270 0.345947 0.426270
5 0.209595 0.397705 0.419189 0.399902
5 0.236694 0.485596 0.473389 0.492188
5 0.215454 0.492188 0.430908 0.492188
5 0.257568 0.426270 0.515137 0.432861
5 0.279175 0.465820 0.558350 0.465820
5 0.260864 0.399902 0.521729 0.399902
5 0.246582 0.382324 0.493164 0.388916
5 0.252075 0.419678 0.504150 0.426270
5 0.216187 0.419678 0.432373 0.421875
5 0.211060 0.474609 0.422119 0.474609
5 0.218384 0.468018 0.436768 0.470215
5 0.197144 0.470215 0.394287 0.470215
5 0.312500 0.399902 0.625000 0.406494
5 0.317993 0.393311 0.635986 0.399902
5 0.305176 0.388916 0.610352 0.393311
5 0.299316 0.406494 0.598633 0.419678
5 0.291626 0.421875 0.583252 0.421875
5 0.299683 0.382324 0.599365 0.377930
5 0.285034 0.399902 0.570068 0.399902
5 0.275146 0.406494 0.550293 0.419678
5 0.267456 0.421875 0.534912 0.421875
5 0.269653 0.393311 0.539307 0.399902
5 0.273315 0.375732 0.546631 0.377930
5 0.233765 0.397705 0.467529 0.399902
5 0.240723 0.404297 0.481445 0.406494
5 0.224243 0.399902 0.448486 0.399902
5 0.312866 0.463623 0.625732 0.465820
5 0.331909 0.446045 0.663818 0.443848
5 0.354614 0.439453 0.709229 0.439453
5 0.341431 0.421875 0.682861 0.421875
5 0.338501 0.461426 0.677002 0.461426
5 0.322021 0.410889 0.644043 0.415283
5 0.337769 0.417480 0.675537 0.417480
5 0.374390 0.432861 0.748779 0.435059
5 0.369995 0.454834 0.739990 0.457031
5 0.380249 0.402100 0.760498 0.413086
5 0.372925 0.413086 0.745850 0.413086
5 0.363403 0.393311 0.726807 0.395508
5 0.352417 0.393311 0.704834 0.395508
5 0.345825 0.415283 0.691650 0.417480
5 0.339966 0.388916 0.679932 0.395508
5 0.401489 0.435059 0.802979 0.435059
5 0.410278 0.428467 0.820557 0.435059
5 0.501587 0.397705 0.996826 0.404297
5 0.504517 0.393311 0.990967 0.404297
5 0.505615 0.366943 0.988770 0.371338
5 0.500000 0.404297 1.000000 0.404297
5 0.491577 0.419678 0.983154 0.426270
5 0.515137 0.404297 0.969727 0.410889
5 0.518799 0.399902 0.962402 0.406494
5 0.521362 0.399902 0.957275 0.399902
5 0.533447 0.395508 0.933105 0.397705
5 0.536743 0.391113 0.926514 0.391113
5 0.543701 0.391113 0.912598 0.402100
5 0.535278 0.410889 0.929443 0.417480
5 0.528320 0.406494 0.943359 0.410889
5 0.526855 0.399902 0.946289 0.406494
5 0.519165 0.421875 0.961670 0.421875
5 0.519165 0.399902 0.961670 0.399902
5 0.510376 0.397705 0.979248 0.399902
5 0.510010 0.404297 0.979980 0.406494
5 0.506348 0.410889 0.987305 0.415283
5 0.497559 0.338379 0.993164 0.344971
5 0.500000 0.375732 1.000000 0.382324
5 0.457886 0.428467 0.915771 0.430664
5 0.360474 0.463623 0.720947 0.461426
4 0.589478 0.483398 0.821045 0.474609
5 0.241089 0.463623 0.482178 0.470215
5 0.256470 0.470215 0.512939 0.470215
5 0.271851 0.485596 0.543701 0.492188
5 0.284302 0.485596 0.568604 0.487793
5 0.288696 0.463623 0.577393 0.465820
5 0.317261 0.481201 0.634521 0.483398
5 0.324585 0.498779 0.649170 0.505371
5 0.367065 0.479004 0.734131 0.479004
5 0.359741 0.454834 0.719482 0.461426
5 0.349487 0.461426 0.698975 0.461426