6 0.552833 0.329072 0.894334 0.327652
4 0.550189 0.348722 0.899621 0.348722
5 0.128903 0.453040 0.257806 0.453040
5 0.123512 0.475379 0.247025 0.475379
5 0.130535 0.498440 0.261071 0.498440
5 0.164651 0.497719 0.329303 0.497719
5 0.169507 0.469974 0.339014 0.469974
5 0.158178 0.471774 0.316357 0.471774
5 0.147098 0.474298 0.294195 0.474298
5 0.140020 0.453759 0.280040 0.453759
5 0.151787 0.451238 0.303575 0.451238
5 0.163785 0.452318 0.327570 0.452318
5 0.174678 0.450156 0.349356 0.450156
5 0.198723 0.445833 0.397446 0.445833
5 0.209851 0.444753 0.419702 0.444753
5 0.221383 0.445833 0.442766 0.445833
5 0.232938 0.443671 0.465876 0.443671
5 0.245005 0.443312 0.490009 0.443312
5 0.255740 0.442590 0.511480 0.442590
5 0.267520 0.443672 0.535041 0.443672
5 0.279445 0.442230 0.558890 0.442230
5 0.261748 0.417727 0.523496 0.417727
5 0.249657 0.419891 0.499314 0.419891
5 0.238328 0.418449 0.476656 0.418449
5 0.225726 0.419890 0.451453 0.419890
5 0.226667 0.380254 0.453333 0.380254
5 0.232201 0.399711 0.464401 0.399711
5 0.243552 0.399353 0.487104 0.399353
5 0.254799 0.395028 0.509597 0.395028
5 0.249026 0.378815 0.498052 0.378815
5 0.237913 0.379535 0.475827 0.379535
5 0.238491 0.360078 0.476982 0.360078
5 0.222807 0.359718 0.445614 0.359718
5 0.214946 0.380254 0.429893 0.380254
5 0.252963 0.357917 0.505925 0.357917
5 0.268261 0.357556 0.536522 0.357556
5 0.260724 0.374850 0.521448 0.374850
5 0.266737 0.394669 0.533475 0.394669
5 0.272745 0.376652 0.545490 0.376652
5 0.277569 0.396830 0.555138 0.396830
5 0.272330 0.418088 0.544660 0.418088
5 0.284194 0.419531 0.568388 0.419531
5 0.296570 0.418448 0.593140 0.418448
5 0.289545 0.400073 0.579090 0.400073
5 0.307385 0.416288 0.614769 0.416288
5 0.318346 0.412324 0.636691 0.412324
5 0.300671 0.394667 0.601341 0.394667
5 0.305029 0.373769 0.610058 0.373769
5 0.311600 0.391425 0.623199 0.391425
5 0.322870 0.391424 0.645739 0.391424
5 0.335087 0.391425 0.670175 0.391425
5 0.317511 0.373049 0.635022 0.373049
5 0.340658 0.368724 0.681315 0.368724
5 0.346417 0.387822 0.692835 0.387822
5 0.357558 0.386381 0.715116 0.386381
5 0.341576 0.408000 0.683151 0.408000
5 0.359568 0.432862 0.719136 0.432862
5 0.354218 0.460246 0.708436 0.460246
5 0.336586 0.434664 0.673172 0.434664
5 0.324970 0.437545 0.649941 0.437545
5 0.331505 0.460246 0.663009 0.460246
5 0.320116 0.463127 0.640232 0.463127
5 0.307768 0.466731 0.615535 0.466731
5 0.364103 0.408361 0.728205 0.408361
5 0.376387 0.409802 0.752774 0.409802
5 0.388334 0.408720 0.776668 0.408720
5 0.399401 0.405837 0.798802 0.405837
5 0.410910 0.404395 0.821819 0.404395
5 0.422276 0.405477 0.844552 0.405477
5 0.433200 0.406919 0.866399 0.406919
5 0.445109 0.408359 0.890218 0.408359
4 0.500592 0.421875 0.998816 0.418797
5 0.456807 0.405837 0.913614 0.405837
5 0.468400 0.404757 0.936801 0.404757
5 0.462921 0.427817 0.925841 0.427817
5 0.451192 0.430701 0.902384 0.430701
5 0.440171 0.429979 0.880342 0.429979
5 0.428390 0.429619 0.856779 0.429619
5 0.416678 0.429258 0.833355 0.429258
5 0.405994 0.432141 0.811988 0.432141
5 0.382764 0.433943 0.765528 0.433943
5 0.371466 0.435743 0.742931 0.435743
5 0.385632 0.366924 0.771264 0.366924
5 0.364735 0.369805 0.729470 0.369805
5 0.352464 0.367646 0.704929 0.367646
5 0.403813 0.347106 0.807625 0.347106
5 0.396795 0.364761 0.793590 0.364761
5 0.404888 0.380975 0.809776 0.380975
5 0.416051 0.382417 0.832102 0.382417
5 0.427569 0.384938 0.855138 0.384938
5 0.439101 0.387823 0.878203 0.387823
5 0.449468 0.384579 0.898935 0.384579
5 0.445207 0.343862 0.890413 0.343862
5 0.451741 0.362599 0.903482 0.362599
5 0.381824 0.389263 0.763647 0.389263
5 0.369244 0.389624 0.738488 0.389624
5 0.392829 0.385301 0.785658 0.385301
5 0.400710 0.457364 0.801421 0.457364
5 0.458140 0.455561 0.916280 0.455561
5 0.474692 0.427817 0.949384 0.427817
5 0.486007 0.429619 0.972013 0.429619
5 0.501843 0.427096 0.989271 0.427096
5 0.506832 0.426737 0.986336 0.426737
5 0.511184 0.422412 0.977633 0.422412
5 0.507973 0.403316 0.984055 0.403316
5 0.512887 0.401153 0.974225 0.401153
5 0.516396 0.400793 0.967208 0.400793
5 0.520241 0.397551 0.959517 0.397551
5 0.524427 0.397191 0.951146 0.397191
5 0.528913 0.397191 0.942173 0.397191
5 0.533025 0.396109 0.933951 0.396109
5 0.536728 0.393948 0.926545 0.393948
5 0.539421 0.390705 0.921159 0.390705
5 0.544395 0.391785 0.911209 0.391785
5 0.548047 0.391065 0.903907 0.391065
5 0.514758 0.423494 0.970484 0.423494
5 0.519041 0.424936 0.961918 0.424936
5 0.522881 0.422772 0.954239 0.422772
5 0.526771 0.420250 0.946457 0.420250
5 0.530580 0.419530 0.938840 0.419530
5 0.534517 0.419529 0.930966 0.419529
5 0.528433 0.353593 0.943134 0.353593
5 0.526743 0.372688 0.946513 0.372688
5 0.522958 0.373409 0.954085 0.373409
5 0.530372 0.375211 0.939257 0.375211
5 0.534715 0.375211 0.930571 0.375211
5 0.538800 0.369806 0.922399 0.369806
5 0.542037 0.368725 0.915927 0.368725
5 0.545505 0.369446 0.908990 0.369446
5 0.549208 0.370885 0.901585 0.370885
5 0.551183 0.389983 0.897633 0.389983
5 0.553287 0.370527 0.893425 0.370527
5 0.554908 0.389264 0.890183 0.389264
5 0.558686 0.387821 0.882628 0.387821
5 0.556696 0.366203 0.886608 0.366203
5 0.554606 0.350710 0.890789 0.350710
5 0.550669 0.351791 0.898662 0.351791
5 0.549743 0.329451 0.900515 0.329451
5 0.542449 0.330172 0.915103 0.330172
5 0.537093 0.331254 0.925813 0.331254
5 0.523569 0.334856 0.952861 0.334856
5 0.524588 0.354313 0.950825 0.354313
5 0.520894 0.353593 0.958213 0.353593
5 0.563180 0.387102 0.873640 0.387102
5 0.567343 0.385301 0.865315 0.385301
5 0.571446 0.385298 0.857109 0.385298
5 0.575754 0.385298 0.848492 0.385298
5 0.579640 0.383138 0.840720 0.383138
5 0.578153 0.404757 0.843693 0.404757
5 0.574208 0.408359 0.851585 0.408359
5 0.570133 0.409441 0.859734 0.409441
5 0.565467 0.408001 0.869066 0.408001
5 0.561152 0.409441 0.877695 0.409441
5 0.563860 0.433943 0.872279 0.433943
5 0.559357 0.435024 0.881286 0.435024
5 0.562185 0.456642 0.875630 0.456642
5 0.555506 0.435743 0.888988 0.435743
5 0.557744 0.457362 0.884511 0.457362
5 0.553756 0.411604 0.892488 0.411604
5 0.557510 0.410521 0.884980 0.410521
5 0.550211 0.414126 0.899578 0.414126
5 0.569442 0.364401 0.861117 0.364401
5 0.570745 0.344585 0.858510 0.344585
5 0.577021 0.320083 0.845958 0.320083
5 0.575857 0.341341 0.848286 0.341341
5 0.577821 0.361879 0.844357 0.361879
5 0.573438 0.364040 0.853123 0.364040
5 0.581730 0.405117 0.836540 0.405117
5 0.579926 0.427096 0.840148 0.427096
5 0.576086 0.428898 0.847827 0.428898
5 0.572066 0.432141 0.855868 0.432141
5 0.588103 0.422411 0.823794 0.422411
5 0.586182 0.402956 0.827636 0.402956
5 0.589152 0.400792 0.821695 0.400792
5 0.593970 0.398632 0.812060 0.398632
5 0.586299 0.357914 0.827402 0.357914
5 0.587628 0.337018 0.824744 0.337018
5 0.581956 0.359718 0.836089 0.359718
5 0.579397 0.340260 0.841206 0.340260
5 0.583946 0.337377 0.832109 0.337377
5 0.590628 0.443312 0.818745 0.443312
5 0.595526 0.441149 0.808949 0.441149
5 0.599402 0.393948 0.801196 0.393948