5 0.522095 0.562500 0.955811 0.562500
5 0.522095 0.540527 0.955811 0.540527
5 0.518433 0.540527 0.963135 0.540527
5 0.516968 0.580078 0.966064 0.580078
5 0.515503 0.558106 0.968994 0.558106
5 0.509277 0.562500 0.981445 0.564697
5 0.512573 0.540527 0.974854 0.540527
5 0.509277 0.569092 0.981445 0.564697
5 0.506714 0.542725 0.986572 0.540527
5 0.503052 0.540527 0.993897 0.540527
5 0.573364 0.639404 0.853272 0.628418
5 0.533813 0.562500 0.932373 0.566895
5 0.533081 0.584473 0.933838 0.584473
5 0.525024 0.569092 0.949951 0.562500
5 0.473999 0.558106 0.947998 0.558106
5 0.463013 0.558106 0.926025 0.558106
5 0.466675 0.575684 0.933350 0.575684
5 0.468506 0.597656 0.937012 0.604248
5 0.416138 0.553711 0.832275 0.553711
5 0.427856 0.558106 0.855713 0.558106
5 0.409546 0.531738 0.819092 0.531738
5 0.353149 0.531738 0.706299 0.531738
5 0.375855 0.531738 0.751709 0.531738
5 0.343628 0.531738 0.687256 0.531738
5 0.350220 0.553711 0.700439 0.553711
5 0.324585 0.509766 0.649170 0.509766
5 0.159058 0.525147 0.318115 0.514160
5 0.571818 0.649129 0.856364 0.649129
5 0.578133 0.667334 0.843734 0.665333