4 0.579901 0.384470 0.840199 0.387074
5 0.127012 0.551373 0.254025 0.548769
5 0.194089 0.550426 0.388179 0.552083
5 0.150371 0.525568 0.300742 0.529356
5 0.188408 0.529119 0.376815 0.529356
5 0.144886 0.505919 0.289773 0.508759
5 0.216146 0.509706 0.432292 0.511127
5 0.331439 0.470170 0.662879 0.471828
5 0.327888 0.494081 0.655777 0.494081
5 0.323943 0.474432 0.647885 0.472064
5 0.328480 0.453125 0.656960 0.451705
5 0.364189 0.466856 0.728378 0.469223
5 0.376657 0.510417 0.753314 0.513968
5 0.395241 0.490057 0.790483 0.491951
5 0.407158 0.509233 0.814315 0.506866
5 0.421836 0.508049 0.843671 0.513731
5 0.427872 0.487926 0.855745 0.489110
5 0.440814 0.489110 0.881629 0.490530
5 0.462713 0.486269 0.925426 0.487453
5 0.479048 0.492188 0.958097 0.488873
5 0.503946 0.467566 0.992109 0.467093
5 0.512942 0.490530 0.974116 0.494318
5 0.513928 0.471354 0.972143 0.469934
5 0.500000 0.463778 1.000000 0.464725
5 0.546244 0.509470 0.907513 0.510417
5 0.532513 0.484138 0.934975 0.487453
5 0.568458 0.588305 0.863084 0.587831
5 0.576271 0.582860 0.847459 0.579782
5 0.573864 0.606534 0.852273 0.609848
5 0.571970 0.611506 0.856061 0.605824
5 0.578243 0.630919 0.843513 0.629972
5 0.581360 0.629261 0.837279 0.630682
5 0.581084 0.649148 0.837831 0.647254
5 0.585385 0.666371 0.829230 0.667259
5 0.582031 0.667554 0.835937 0.664891
5 0.577020 0.666726 0.845960 0.666548
5 0.591619 0.668146 0.816761 0.663707