5 0.182796 0.140589 0.365593 0.281177
5 0.171482 0.140589 0.342965 0.281177
5 0.206321 0.140051 0.412643 0.280101
5 0.240802 0.138973 0.481604 0.277946
5 0.337871 0.141039 0.675742 0.282079
5 0.331558 0.130386 0.663116 0.260772
5 0.304609 0.150036 0.609217 0.300071
5 0.320115 0.127249 0.640230 0.254498
5 0.451902 0.130504 0.903804 0.261009
5 0.436001 0.126953 0.872001 0.253906
5 0.414575 0.130149 0.829151 0.260298
5 0.379796 0.134127 0.759591 0.268255
5 0.391289 0.133589 0.782579 0.267179
5 0.402603 0.133589 0.805207 0.267179
5 0.333105 0.134667 0.666211 0.269334
5 0.425990 0.132971 0.851979 0.265941
5 0.586655 0.168532 0.826690 0.337063
5 0.584679 0.153501 0.830642 0.307003
5 0.582374 0.168745 0.835253 0.337489
5 0.593087 0.182635 0.813826 0.365270
5 0.590908 0.168434 0.818184 0.336868
5 0.588541 0.183651 0.822918 0.367301
5 0.308673 0.130090 0.617345 0.260180
5 0.361427 0.136660 0.722854 0.273319
5 0.142756 0.147076 0.285511 0.294152
5 0.131353 0.153587 0.262705 0.307173
5 0.126539 0.158913 0.253078 0.317827
5 0.154080 0.141809 0.308160 0.283617
5 0.193616 0.136009 0.387232 0.272017
5 0.219342 0.153705 0.438684 0.307410
5 0.216264 0.166134 0.432528 0.332268