5 0.301043 0.430063 0.602087 0.430063
5 0.295644 0.453967 0.591287 0.453967
5 0.279524 0.477180 0.559048 0.477180
5 0.249175 0.455353 0.498350 0.455353
5 0.261008 0.456392 0.522016 0.456392
5 0.239200 0.345529 0.478399 0.345529
5 0.251338 0.345181 0.502677 0.345181
5 0.276513 0.344143 0.553026 0.344143
5 0.301398 0.342758 0.602797 0.342758
5 0.216314 0.353150 0.432627 0.353150
5 0.221540 0.481338 0.443079 0.481338
5 0.232403 0.477873 0.464806 0.477873
5 0.244825 0.478219 0.489650 0.478219
5 0.239744 0.500739 0.479487 0.500739
5 0.226395 0.460896 0.452791 0.460896
5 0.237006 0.458472 0.474012 0.458472
5 0.173948 0.483069 0.347895 0.483069
5 0.185311 0.482723 0.370622 0.482723
5 0.197175 0.483416 0.394351 0.483416
5 0.209270 0.482721 0.418540 0.482721
5 0.216124 0.502817 0.432248 0.502817
5 0.204428 0.503511 0.408857 0.503511
5 0.211000 0.525683 0.421999 0.525683
5 0.222588 0.523603 0.445176 0.523603
5 0.206122 0.546817 0.412244 0.546817
5 0.192543 0.504202 0.385085 0.504202
5 0.180195 0.504896 0.360390 0.504896
5 0.168694 0.504550 0.337388 0.504550
5 0.175663 0.526722 0.351326 0.526722
5 0.157951 0.509400 0.315903 0.509400
5 0.162634 0.484107 0.325267 0.484107
5 0.144807 0.467132 0.289614 0.467132
5 0.155873 0.465054 0.311746 0.465054
5 0.167085 0.465054 0.334171 0.465054
5 0.190783 0.464014 0.381566 0.464014
5 0.133066 0.467824 0.266132 0.467824
5 0.154185 0.568642 0.308370 0.568642
5 0.130500 0.571761 0.261001 0.571761
5 0.312779 0.429369 0.625559 0.429369
5 0.324432 0.429370 0.648863 0.429370
5 0.336664 0.430754 0.673328 0.430754
5 0.349079 0.430407 0.698157 0.430407
5 0.360587 0.429023 0.721174 0.429023
5 0.367464 0.448079 0.734927 0.448079
5 0.379856 0.448771 0.759711 0.448771
5 0.391059 0.446692 0.782119 0.446692
5 0.403466 0.444961 0.806931 0.444961
5 0.414851 0.444960 0.829701 0.444960
5 0.409149 0.467480 0.818297 0.467480
5 0.397560 0.469557 0.795120 0.469557
5 0.386138 0.470943 0.772275 0.470943
5 0.374420 0.471983 0.748839 0.471983
5 0.362223 0.473714 0.724446 0.473714
5 0.350071 0.474060 0.700142 0.474060
5 0.338446 0.474754 0.676893 0.474754
5 0.331583 0.452582 0.663166 0.452582
5 0.343434 0.451542 0.686868 0.451542
5 0.355210 0.451889 0.710419 0.451889
5 0.319671 0.453967 0.639341 0.453967
5 0.313423 0.477180 0.626846 0.477180
5 0.320344 0.498313 0.640689 0.498313
5 0.366498 0.405811 0.732996 0.405811
5 0.372577 0.426944 0.745153 0.426944
5 0.385527 0.425212 0.771054 0.425212
5 0.396225 0.423479 0.792450 0.423479
5 0.408111 0.423133 0.816222 0.423133
5 0.420060 0.421054 0.840121 0.421054
5 0.432306 0.420361 0.864612 0.420361
5 0.443527 0.419670 0.887053 0.419670
5 0.455795 0.418977 0.911590 0.418977
5 0.450244 0.441842 0.900488 0.441842
5 0.433118 0.466785 0.866235 0.466785
5 0.413618 0.397841 0.827235 0.397841
5 0.425656 0.398883 0.851312 0.398883
5 0.437440 0.400268 0.874880 0.400268
5 0.448910 0.397150 0.897820 0.397150
5 0.442766 0.373245 0.885531 0.373245
5 0.430692 0.374631 0.861385 0.374631
5 0.390377 0.398881 0.780753 0.398881
5 0.377782 0.402346 0.755565 0.402346
5 0.401183 0.398881 0.802365 0.398881
5 0.381257 0.336867 0.762515 0.336867
5 0.393322 0.335482 0.786644 0.335482
5 0.406475 0.335481 0.812949 0.335481
5 0.419125 0.334442 0.838251 0.334442
5 0.442787 0.336173 0.885574 0.336173
5 0.364702 0.361811 0.729405 0.361811
5 0.409552 0.509399 0.819104 0.509399
5 0.485677 0.438723 0.971355 0.438723
5 0.500382 0.436645 0.989542 0.436645
5 0.491931 0.417243 0.981459 0.417243
5 0.479713 0.418629 0.959426 0.418629
5 0.504205 0.415857 0.991591 0.415857
5 0.507999 0.415165 0.984003 0.415165
5 0.512507 0.412739 0.974985 0.412739
4 0.461450 0.330729 0.922901 0.331913
5 0.509783 0.394379 0.980434 0.394379
5 0.514385 0.391952 0.971229 0.391952
5 0.515975 0.366662 0.968051 0.366662
5 0.507413 0.329244 0.985173 0.329244
5 0.512027 0.327512 0.975946 0.327512
5 0.516096 0.326126 0.967809 0.326126
5 0.519752 0.325780 0.960496 0.325780
5 0.524002 0.324741 0.951995 0.324741
5 0.527839 0.323701 0.944321 0.323701
5 0.526171 0.344834 0.947658 0.344834
5 0.521850 0.347260 0.956301 0.347260
5 0.518308 0.347260 0.963384 0.347260
5 0.513574 0.347953 0.972852 0.347953
5 0.524445 0.368741 0.951111 0.368741
5 0.522053 0.387795 0.955895 0.387795
5 0.521217 0.411701 0.957565 0.411701
5 0.518432 0.389528 0.963136 0.389528
5 0.524120 0.410315 0.951760 0.410315
5 0.522394 0.434220 0.955213 0.434220
5 0.526635 0.433526 0.946729 0.433526
5 0.528593 0.411007 0.942814 0.411007
5 0.531749 0.408583 0.936503 0.408583
5 0.535889 0.407889 0.928221 0.407889
5 0.537624 0.386410 0.924753 0.386410
5 0.533808 0.386410 0.932384 0.386410
5 0.530168 0.389528 0.939663 0.389528
5 0.526498 0.388490 0.947004 0.388490
5 0.527905 0.366315 0.944190 0.366315
5 0.531735 0.364582 0.936530 0.364582
5 0.534064 0.339291 0.931873 0.339291
5 0.535730 0.362158 0.928540 0.362158
5 0.540161 0.365277 0.919678 0.365277
5 0.541910 0.385369 0.916181 0.385369
5 0.543628 0.406158 0.912744 0.406158
5 0.542220 0.429022 0.915560 0.429022
5 0.543889 0.363888 0.912221 0.363888
5 0.546036 0.384330 0.907928 0.384330
5 0.549569 0.382253 0.900863 0.382253
5 0.553868 0.380865 0.892263 0.380865
5 0.557689 0.380173 0.884621 0.380173
5 0.559650 0.403039 0.880700 0.403039
5 0.561824 0.422095 0.876351 0.422095
5 0.549566 0.338598 0.900868 0.338598
5 0.551034 0.358348 0.897932 0.358348
5 0.545395 0.341372 0.909209 0.341372
5 0.541511 0.344490 0.916977 0.344490
5 0.538385 0.339986 0.923230 0.339986
5 0.543438 0.318158 0.913123 0.318158
5 0.551754 0.316773 0.896491 0.316773
5 0.537902 0.319199 0.924197 0.319199
5 0.553707 0.337559 0.892586 0.337559
5 0.556123 0.359041 0.887754 0.359041
5 0.559461 0.359386 0.881079 0.359386
5 0.562419 0.379135 0.875163 0.379135
5 0.563914 0.400960 0.872172 0.400960
5 0.565778 0.421055 0.868444 0.421055
5 0.569855 0.419322 0.860290 0.419322
5 0.572450 0.398188 0.855100 0.398188
5 0.570529 0.376017 0.858943 0.376017
5 0.574540 0.379135 0.850921 0.379135
5 0.564194 0.313654 0.871611 0.313654
5 0.562476 0.336174 0.875047 0.336174
5 0.557951 0.338253 0.884098 0.338253
5 0.566111 0.335134 0.867779 0.335134
5 0.564420 0.359041 0.871160 0.359041
5 0.565960 0.377747 0.868081 0.377747
5 0.567867 0.397841 0.864266 0.397841
5 0.568106 0.357307 0.863788 0.357307
5 0.573982 0.419667 0.852037 0.419667
5 0.578347 0.418630 0.843307 0.418630
5 0.582561 0.418282 0.834878 0.418282
5 0.586537 0.417938 0.826926 0.417938
5 0.591273 0.415858 0.817454 0.415858
5 0.572038 0.440456 0.855924 0.440456
5 0.576701 0.439070 0.846598 0.439070
5 0.580769 0.439763 0.838461 0.439763
5 0.584093 0.436644 0.831814 0.436644
5 0.583054 0.460204 0.833892 0.460204
5 0.586913 0.458472 0.826173 0.458472
5 0.590982 0.456045 0.818036 0.456045
5 0.588271 0.438031 0.823457 0.438031
5 0.594589 0.414819 0.810821 0.414819
5 0.587436 0.377401 0.825128 0.377401
5 0.582605 0.379480 0.834789 0.379480
5 0.580161 0.399575 0.839677 0.399575
5 0.576664 0.399921 0.846671 0.399921
5 0.577913 0.460202 0.844175 0.460202
5 0.576230 0.479606 0.847539 0.479606
5 0.580458 0.479950 0.839083 0.479950
5 0.584513 0.477872 0.830974 0.477872
5 0.588763 0.477527 0.822474 0.477527
5 0.592804 0.475101 0.814392 0.475101
5 0.591394 0.499353 0.817212 0.499353
5 0.594872 0.498313 0.810256 0.498313
5 0.598715 0.493809 0.802569 0.493809
5 0.597047 0.435259 0.805906 0.435259
5 0.592318 0.438030 0.815365 0.438030
5 0.596134 0.475447 0.807732 0.475447
5 0.600392 0.515634 0.799216 0.515634
5 0.596505 0.514942 0.806990 0.514942
5 0.593275 0.516675 0.813451 0.516675
5 0.590814 0.537809 0.818372 0.537809
5 0.594204 0.538155 0.811593 0.538155
5 0.586174 0.540580 0.827652 0.540580
5 0.588697 0.517713 0.822605 0.517713
5 0.586160 0.499353 0.827680 0.499353
5 0.582729 0.500739 0.834542 0.500739
5 0.583658 0.520138 0.832683 0.520138
5 0.588769 0.559981 0.822463 0.559981
5 0.593107 0.558942 0.813786 0.558942
5 0.596967 0.557902 0.806066 0.557902
5 0.598751 0.579729 0.802497 0.579729
5 0.594704 0.579729 0.810592 0.579729
5 0.591364 0.579036 0.817272 0.579036
5 0.586644 0.581115 0.826711 0.581115
5 0.548489 0.360992 0.903023 0.360992
5 0.407081 0.373200 0.814161 0.373200
5 0.394864 0.374344 0.789728 0.374344
5 0.382524 0.374628 0.765047 0.374628
5 0.371803 0.381204 0.743606 0.381204
5 0.376509 0.356902 0.753018 0.356902