5 0.305082 0.568182 0.307449 0.570076
5 0.324495 0.536458 0.324968 0.542140
5 0.353965 0.529448 0.341366 0.529448
5 0.368964 0.528549 0.356364 0.528549
5 0.376963 0.548946 0.364363 0.548946
5 0.391361 0.548348 0.378762 0.548348
5 0.399560 0.566645 0.386961 0.566645
5 0.407360 0.586444 0.394761 0.586444
5 0.380563 0.483854 0.367963 0.483854
5 0.360765 0.508151 0.348165 0.508151
5 0.314769 0.510251 0.302169 0.510251
5 0.302370 0.551347 0.289770 0.551347
5 0.265574 0.571146 0.252974 0.571146
5 0.251775 0.611042 0.239175 0.611042
5 0.297370 0.610741 0.284770 0.610741
5 0.421158 0.545947 0.408558 0.545947
5 0.429557 0.566345 0.416958 0.566345
5 0.444355 0.565144 0.431756 0.565144
5 0.460154 0.564844 0.447554 0.564844
5 0.419557 0.503950 0.406958 0.503950
5 0.404759 0.504549 0.392160 0.504549
5 0.413159 0.525247 0.400560 0.525247
5 0.428358 0.524947 0.415758 0.524947
5 0.443557 0.523446 0.430957 0.523446
5 0.471953 0.481751 0.459354 0.481751
5 0.417758 0.460752 0.405159 0.460752
5 0.426757 0.481751 0.414158 0.481751
5 0.411159 0.482051 0.398560 0.482051
5 0.398760 0.526448 0.386161 0.526448
5 0.398760 0.526448 0.386161 0.526448
5 0.361964 0.549845 0.349365 0.549845
5 0.318969 0.591540 0.306369 0.591540
5 0.363164 0.588841 0.350564 0.588841
5 0.378363 0.587641 0.365763 0.587641
5 0.460555 0.605039 0.447955 0.605039
5 0.452955 0.585541 0.440356 0.585541
5 0.482553 0.584641 0.469953 0.584641
5 0.489553 0.564843 0.476953 0.564843
5 0.496352 0.543544 0.483752 0.543544
5 0.510951 0.542644 0.498351 0.542644
5 0.518350 0.521046 0.505750 0.521046
5 0.533348 0.520447 0.520749 0.520447
5 0.503751 0.522247 0.491151 0.522247
5 0.487954 0.522846 0.475354 0.522846
5 0.482154 0.544143 0.469554 0.544143
5 0.467155 0.545043 0.454556 0.545043
5 0.458557 0.524044 0.445957 0.524044
5 0.434958 0.503045 0.422359 0.503045
5 0.465356 0.503045 0.452756 0.503045
5 0.495754 0.501844 0.483154 0.501844
5 0.510552 0.500343 0.497952 0.500343
5 0.487753 0.479946 0.475154 0.479946
5 0.509351 0.456548 0.496751 0.456548
5 0.478754 0.458949 0.466155 0.458949
5 0.493953 0.457448 0.481353 0.457448
5 0.546948 0.476946 0.534349 0.476946
5 0.546948 0.476946 0.534349 0.476946
5 0.540350 0.500343 0.527750 0.500343
5 0.517551 0.479046 0.504952 0.479046
5 0.532349 0.477846 0.519750 0.477846
5 0.525350 0.500043 0.512750 0.500043
5 0.570746 0.499143 0.558146 0.499143
5 0.585345 0.499444 0.572745 0.499444
5 0.593744 0.520741 0.581145 0.520741
5 0.578546 0.521641 0.565946 0.521641
5 0.563547 0.521340 0.550948 0.521340
5 0.548549 0.520741 0.535949 0.520741
5 0.555548 0.499742 0.542949 0.499742
5 0.562747 0.476645 0.550148 0.476645
5 0.577346 0.476046 0.564747 0.476046
5 0.592144 0.477547 0.579545 0.477547
5 0.600343 0.498246 0.587744 0.498246
5 0.526551 0.542940 0.513951 0.542940
5 0.540949 0.542341 0.528350 0.542341
5 0.556748 0.542041 0.544149 0.542041
5 0.571746 0.542041 0.559147 0.542041
5 0.564947 0.563040 0.552348 0.563040
5 0.519152 0.562141 0.506552 0.562141
5 0.535151 0.562141 0.522551 0.562141
5 0.512152 0.582539 0.499553 0.582539
5 0.504553 0.562740 0.491953 0.562740
5 0.437958 0.586739 0.425359 0.586739
5 0.466956 0.585238 0.454357 0.585238
5 0.415962 0.606837 0.403363 0.606837
5 0.375366 0.507547 0.362367 0.507547
5 0.345969 0.509347 0.332970 0.509347
5 0.513553 0.623935 0.500554 0.623935
5 0.507153 0.643733 0.494154 0.643733
5 0.602745 0.581340 0.589746 0.581340
5 0.505953 0.603838 0.492955 0.603838
5 0.617943 0.580741 0.604945 0.580741
5 0.610144 0.560942 0.597145 0.560942
5 0.602145 0.541143 0.589146 0.541143
5 0.617143 0.540843 0.604145 0.540843
5 0.608946 0.519844 0.595947 0.519844
5 0.638941 0.518343 0.625942 0.518343
5 0.632342 0.539342 0.619343 0.539342
5 0.654140 0.519242 0.641141 0.519242
5 0.645941 0.497045 0.632942 0.497045
5 0.661140 0.497644 0.648141 0.497644
5 0.630342 0.496745 0.617344 0.496745
5 0.616144 0.497945 0.603146 0.497945
5 0.607945 0.476648 0.594946 0.476648
5 0.676034 0.496446 0.647932 0.496446
5 0.674284 0.517145 0.651432 0.517145
5 0.669339 0.518045 0.656340 0.518045
5 0.676433 0.537843 0.647133 0.537843
5 0.680183 0.536643 0.639634 0.536643
5 0.678183 0.515945 0.643633 0.515945
5 0.682083 0.515346 0.635834 0.515346
5 0.683933 0.535144 0.632135 0.535144
5 0.691432 0.533944 0.617136 0.533944
5 0.685982 0.555241 0.628035 0.555241
5 0.682133 0.554941 0.635734 0.554941
5 0.693232 0.512045 0.613536 0.512045
5 0.689232 0.512644 0.621536 0.512644
5 0.697031 0.511143 0.605938 0.511143
5 0.694981 0.489245 0.610037 0.489245
5 0.691132 0.490445 0.617736 0.490445
5 0.687382 0.491044 0.625235 0.491044
5 0.683633 0.492545 0.632734 0.492545
5 0.679933 0.493745 0.640133 0.493745
5 0.700281 0.466148 0.599437 0.466148
5 0.698681 0.488646 0.602637 0.488646
5 0.702531 0.488946 0.594938 0.488946
5 0.704581 0.512043 0.590839 0.512043
5 0.706230 0.488946 0.587539 0.488946
5 0.708080 0.466148 0.583840 0.466148
5 0.704180 0.466148 0.591639 0.466148
5 0.692932 0.467947 0.614137 0.467947
5 0.712130 0.509643 0.575740 0.509643
5 0.710080 0.488045 0.579840 0.488045
5 0.715780 0.465246 0.568441 0.465246
5 0.715930 0.509342 0.568141 0.509342
5 0.717579 0.486544 0.564841 0.486544
5 0.717929 0.529139 0.564141 0.529139
5 0.721679 0.528542 0.556642 0.528542
5 0.725578 0.527642 0.548843 0.527642
5 0.723628 0.507843 0.552743 0.507843
5 0.721629 0.486844 0.556742 0.486844
5 0.719479 0.466146 0.561042 0.466146
5 0.725479 0.485045 0.549043 0.485045
5 0.727429 0.506044 0.545143 0.506044
5 0.731228 0.504245 0.537543 0.504245
5 0.733128 0.525542 0.533744 0.525542
5 0.736978 0.524643 0.526045 0.524643
5 0.735078 0.503643 0.529845 0.503643
5 0.738827 0.502444 0.522345 0.502444
5 0.740527 0.480247 0.518946 0.480247
5 0.729228 0.482347 0.541544 0.482347
5 0.734728 0.458948 0.530545 0.458948
5 0.732728 0.437652 0.534544 0.437652
5 0.742527 0.501546 0.514946 0.501546
5 0.744827 0.522545 0.510346 0.522545
5 0.748576 0.521044 0.502847 0.521044
5 0.752076 0.478447 0.495848 0.478447
5 0.744527 0.479948 0.510947 0.479948
5 0.742377 0.460150 0.515246 0.460150
5 0.746626 0.542642 0.506747 0.542642
5 0.746626 0.542642 0.506747 0.542642