5 0.654484 0.452125 0.659128 0.448825
5 0.666388 0.450939 0.667224 0.447639
5 0.670193 0.450346 0.659615 0.447046
5 0.668216 0.471098 0.663568 0.467798
5 0.662488 0.471395 0.667132 0.468095
5 0.647072 0.471691 0.651717 0.468391
5 0.670069 0.490665 0.659862 0.487365
5 0.654978 0.491109 0.659622 0.487809
5 0.666289 0.491257 0.667422 0.487958
5 0.673874 0.490220 0.652253 0.486920
5 0.672021 0.470653 0.655958 0.467354
5 0.677629 0.490368 0.644742 0.487068
5 0.675776 0.470802 0.648448 0.467502
5 0.681335 0.489627 0.637331 0.486327
5 0.683237 0.470209 0.633526 0.466909
5 0.681260 0.450642 0.637479 0.447342
5 0.677530 0.450198 0.644940 0.446898
5 0.646776 0.431076 0.651420 0.427776
5 0.662192 0.430779 0.666836 0.427479
5 0.668142 0.430483 0.663716 0.427183
5 0.671947 0.430038 0.656107 0.426738
5 0.675652 0.429593 0.648695 0.426294
5 0.679457 0.429445 0.641086 0.426145
5 0.683187 0.429890 0.633625 0.426590
5 0.638454 0.411151 0.643099 0.407851
5 0.654001 0.410462 0.658646 0.407162
5 0.677459 0.409771 0.645082 0.406471
5 0.673874 0.410296 0.652251 0.406996
5 0.670012 0.409987 0.659977 0.406687
5 0.666160 0.409773 0.667680 0.406473
5 0.681183 0.410082 0.637634 0.406782
5 0.578735 0.411151 0.583379 0.407851
5 0.593384 0.411270 0.598028 0.407970
5 0.608487 0.411254 0.613131 0.407954
5 0.623534 0.412142 0.628178 0.408842
5 0.533563 0.411555 0.538208 0.408255
5 0.548212 0.411674 0.552856 0.408374
5 0.563315 0.411658 0.567959 0.408359
5 0.526289 0.390810 0.530933 0.387510
5 0.540938 0.390929 0.545582 0.387629
5 0.556041 0.390914 0.560685 0.387614
5 0.585571 0.389986 0.590215 0.386687
5 0.570922 0.389867 0.575566 0.386567
5 0.616389 0.390914 0.621033 0.387614
5 0.631527 0.390724 0.636171 0.387424
5 0.556285 0.432180 0.560929 0.428880
5 0.541182 0.432195 0.545826 0.428895
5 0.548969 0.451846 0.553614 0.448546
5 0.490497 0.453339 0.495142 0.450039
5 0.505232 0.452031 0.509876 0.448731
5 0.519880 0.451927 0.524524 0.448627
5 0.511506 0.432354 0.516150 0.429054
5 0.482907 0.432476 0.487551 0.429176
5 0.475668 0.452972 0.480313 0.449672
5 0.430084 0.451011 0.434729 0.447711
5 0.445208 0.451377 0.449852 0.448078
5 0.461315 0.452128 0.465959 0.448828
5 0.469550 0.433894 0.474194 0.430594
5 0.453442 0.433143 0.458087 0.429843
5 0.438319 0.432777 0.442964 0.429477
5 0.482857 0.470637 0.487501 0.467337
5 0.468520 0.470565 0.473165 0.467265
5 0.453294 0.470145 0.457938 0.466845
5 0.437713 0.470083 0.442357 0.466783
5 0.698082 0.431612 0.603837 0.428312
5 0.694247 0.431700 0.611507 0.428401
5 0.688530 0.409973 0.622940 0.406673
5 0.684823 0.409664 0.630355 0.406365
5 0.686842 0.430360 0.626316 0.427060
5 0.699932 0.451021 0.600136 0.447721
5 0.703767 0.450933 0.592466 0.447633
5 0.694304 0.471400 0.611392 0.468100
5 0.690494 0.470397 0.619012 0.467097
5 0.686786 0.470219 0.626429 0.466919
5 0.694171 0.389719 0.611659 0.386420
5 0.690463 0.390077 0.619073 0.386777
5 0.686668 0.389962 0.626663 0.386662
5 0.682922 0.389517 0.634155 0.386217
5 0.692442 0.411015 0.615115 0.407715
5 0.699789 0.410906 0.600422 0.407606
5 0.697924 0.389586 0.604153 0.386286
5 0.696196 0.410882 0.607609 0.407582
5 0.701699 0.389853 0.596602 0.386553
5 0.701721 0.430893 0.596557 0.427593
5 0.703520 0.411039 0.592960 0.407739
5 0.705452 0.431426 0.589096 0.428126
5 0.707498 0.451466 0.585004 0.448166
5 0.705386 0.390386 0.589229 0.387086
5 0.707362 0.410773 0.585276 0.407473
5 0.709294 0.431159 0.581412 0.427859
5 0.709272 0.390785 0.581456 0.387486
5 0.713069 0.431692 0.573861 0.428392
5 0.705677 0.470520 0.588647 0.467220
5 0.709563 0.471053 0.580874 0.467753
5 0.715157 0.452346 0.569686 0.449046
5 0.707564 0.490507 0.584871 0.487208
5 0.700189 0.491254 0.599622 0.487954
5 0.696223 0.490784 0.607553 0.487484
5 0.724570 0.390692 0.550861 0.387392
5 0.716854 0.390045 0.566293 0.386745
5 0.713078 0.389778 0.573843 0.386479
5 0.720731 0.389863 0.558538 0.386563
5 0.732462 0.389690 0.535076 0.386390
5 0.728552 0.390864 0.542897 0.387564
5 0.726668 0.370806 0.546664 0.367506
5 0.711122 0.370949 0.577756 0.367649
5 0.730364 0.410749 0.539273 0.407450
5 0.734274 0.409575 0.531452 0.406276
5 0.732438 0.431178 0.535124 0.427878
5 0.734250 0.450920 0.531500 0.447620
5 0.738208 0.451349 0.523584 0.448049
5 0.720636 0.430778 0.558729 0.427478
5 0.722734 0.409719 0.554533 0.406419
5 0.724617 0.430605 0.550765 0.427305
5 0.745893 0.410738 0.508214 0.407439
5 0.741911 0.410566 0.516178 0.407266
5 0.743915 0.430774 0.512170 0.427474
5 0.740102 0.430273 0.519797 0.426973
5 0.738125 0.410232 0.523749 0.406932
5 0.740185 0.390024 0.519630 0.386724
5 0.743889 0.390530 0.512223 0.387230
5 0.745568 0.450673 0.508864 0.447373
5 0.715166 0.370284 0.569668 0.366984
5 0.730457 0.371103 0.539086 0.367803
5 0.730524 0.451050 0.538951 0.447750
5 0.732301 0.471324 0.535399 0.468024
5 0.699934 0.370917 0.600132 0.367617
5 0.670500 0.371745 0.659000 0.368445
5 0.653809 0.371240 0.658454 0.367940
5 0.578539 0.451529 0.583183 0.448229
5 0.616682 0.473014 0.621326 0.469715
5 0.377310 0.470039 0.381954 0.466739
5 0.407548 0.470114 0.412193 0.466814
5 0.392566 0.470263 0.397210 0.466963
5 0.311675 0.526281 0.316319 0.522981
5 0.304002 0.507386 0.308646 0.504087
5 0.319608 0.545724 0.324252 0.542425
5 0.737987 0.491768 0.524026 0.488468
5 0.741834 0.490846 0.516332 0.487546
5 0.444206 0.412638 0.448850 0.409338
5 0.460313 0.413389 0.464957 0.410089
5 0.489648 0.412169 0.494293 0.408870
5 0.497185 0.393548 0.501830 0.390249
5 0.475101 0.490308 0.479746 0.487008