5 0.461490 0.142223 0.461174 0.284446
5 0.253472 0.216383 0.252683 0.432765
5 0.275568 0.226385 0.274779 0.452770
5 0.273990 0.198035 0.273516 0.396070
5 0.247790 0.159328 0.247633 0.318655
5 0.324968 0.190163 0.326389 0.380327
5 0.292614 0.146603 0.289931 0.293205
5 0.306818 0.146780 0.303030 0.293561
5 0.322759 0.148437 0.321970 0.296875
5 0.313605 0.174775 0.315657 0.349550
5 0.353062 0.146662 0.351484 0.293324
5 0.354640 0.175189 0.348643 0.350379
5 0.362374 0.168442 0.363005 0.336884
5 0.372001 0.125178 0.366162 0.250355
5 0.359217 0.128788 0.356061 0.257576
5 0.332702 0.168975 0.332386 0.337950
5 0.341856 0.179510 0.338542 0.359020
5 0.404040 0.130919 0.404830 0.261837
5 0.393782 0.162287 0.392361 0.324574
5 0.406408 0.155007 0.404672 0.310014
5 0.421244 0.163648 0.423611 0.327296
5 0.438920 0.159624 0.438447 0.319247
5 0.442235 0.146544 0.444444 0.293087
5 0.427399 0.145597 0.428346 0.291193
5 0.411932 0.147254 0.413194 0.294508
5 0.436237 0.124290 0.435922 0.248580
5 0.450758 0.123875 0.450600 0.247751
5 0.286143 0.166489 0.285669 0.332978
5 0.278409 0.190045 0.279987 0.380090
5 0.335069 0.194898 0.331597 0.389796
5 0.467961 0.123698 0.466856 0.247396
5 0.484059 0.122869 0.482165 0.245739
5 0.476641 0.141809 0.476641 0.283617
5 0.464962 0.168797 0.462121 0.337595
5 0.480271 0.168975 0.477904 0.337950
5 0.507102 0.133700 0.505997 0.267401
5 0.485322 0.151515 0.483586 0.303030
5 0.497001 0.122573 0.497001 0.245147
5 0.499527 0.151397 0.498106 0.302794
5 0.495107 0.172526 0.495265 0.345052
5 0.509785 0.164477 0.507102 0.328954
5 0.513889 0.158736 0.515467 0.317472
5 0.535038 0.137429 0.536301 0.274858
5 0.529514 0.155185 0.530461 0.310369
5 0.524937 0.164240 0.524306 0.328480
5 0.518782 0.185665 0.518466 0.371330
5 0.533775 0.185843 0.532986 0.371686
5 0.540720 0.167969 0.539931 0.335938
5 0.544981 0.145952 0.543876 0.291903
5 0.555871 0.168561 0.555713 0.337121
5 0.568971 0.159860 0.567708 0.319721
5 0.592051 0.157620 0.586435 0.315241
5 0.577777 0.155865 0.572394 0.311731
5 0.575284 0.142401 0.573232 0.284801
5 0.563763 0.124704 0.559186 0.249408
5 0.580335 0.125000 0.578914 0.250000
5 0.590751 0.149148 0.590751 0.298295
5 0.597222 0.127427 0.596275 0.254853
5 0.606692 0.142460 0.605587 0.284920
5 0.622001 0.146425 0.621843 0.292850
5 0.613479 0.124882 0.612847 0.249763
5 0.639836 0.130859 0.642045 0.261719
5 0.637153 0.138139 0.635574 0.276278
5 0.629104 0.159387 0.629261 0.318774
5 0.614899 0.155836 0.612058 0.311671
5 0.667140 0.126953 0.665720 0.253906
5 0.675584 0.122573 0.648832 0.245147
5 0.674085 0.140211 0.651831 0.280421
5 0.683396 0.138554 0.633207 0.277107
5 0.690065 0.127249 0.619871 0.254498
5 0.679530 0.170987 0.640941 0.341974
5 0.688131 0.153232 0.623737 0.306463
5 0.691091 0.166667 0.617819 0.333333
5 0.695352 0.158795 0.609296 0.317590
5 0.698666 0.162879 0.602667 0.325758
5 0.696023 0.136068 0.607955 0.272135
5 0.693813 0.131570 0.612374 0.263139
5 0.341540 0.140507 0.344066 0.281013
5 0.297191 0.141690 0.298927 0.283381
5 0.388573 0.180043 0.387153 0.360085
5 0.427557 0.186908 0.426136 0.373816
5 0.473643 0.190104 0.472696 0.380208
5 0.458807 0.186790 0.456439 0.373580
5 0.718750 0.142815 0.562500 0.285630
5 0.712871 0.147964 0.574258 0.295928
5 0.722577 0.141394 0.554845 0.282789
5 0.708925 0.124467 0.582150 0.248935
5 0.712161 0.124053 0.575679 0.248106
5 0.708846 0.164003 0.582307 0.328007
5 0.699416 0.135239 0.601168 0.270478
5 0.704585 0.131214 0.590830 0.262429
5 0.713463 0.151574 0.573074 0.303149
5 0.717527 0.148793 0.564946 0.297585
5 0.719658 0.122633 0.560685 0.245265
5 0.726444 0.137370 0.547112 0.274740
5 0.724905 0.150331 0.550189 0.300663