6 0.190207 0.179626 0.184547 0.359252
5 0.420754 0.130129 0.425398 0.260258
5 0.299411 0.161339 0.304055 0.322679
5 0.307184 0.146301 0.311829 0.292602
5 0.282958 0.160589 0.287602 0.321178
5 0.291843 0.146551 0.296487 0.293103
5 0.299476 0.130542 0.304121 0.261085
5 0.259683 0.172822 0.264328 0.345645
5 0.241627 0.200490 0.246271 0.400980
5 0.250512 0.186452 0.255156 0.372905
5 0.275744 0.144637 0.280388 0.289274
5 0.217776 0.211781 0.222420 0.423563
5 0.235008 0.247097 0.239652 0.494194
5 0.241904 0.232507 0.246549 0.465014
5 0.226123 0.261135 0.230768 0.522269
5 0.211379 0.258226 0.216023 0.516453
5 0.218732 0.243866 0.223376 0.487731
5 0.225436 0.228952 0.230081 0.457905
5 0.217794 0.274922 0.222438 0.549844
5 0.202379 0.272229 0.207023 0.544458