6 0.552438 0.313684 0.895123 0.313920
4 0.591309 0.366943 0.817383 0.362549
4 0.586548 0.547119 0.826904 0.549316
5 0.161255 0.430664 0.322510 0.430664
5 0.216919 0.426270 0.433838 0.426270
5 0.205933 0.426270 0.411865 0.426270
5 0.241821 0.426270 0.483643 0.426270
5 0.242188 0.388916 0.484375 0.397705
5 0.253540 0.426270 0.507080 0.426270
5 0.326782 0.397705 0.653564 0.391113
5 0.290894 0.505371 0.581787 0.505371
5 0.306274 0.483398 0.612549 0.483398
5 0.316895 0.454834 0.633789 0.441650
5 0.323120 0.419678 0.646240 0.417480
5 0.328979 0.435059 0.657959 0.435059
5 0.338867 0.410889 0.677734 0.393311
5 0.326782 0.391113 0.653564 0.391113
5 0.321289 0.388916 0.642578 0.375732
5 0.301880 0.395508 0.603760 0.395508
5 0.348022 0.432861 0.696045 0.435059
5 0.357544 0.391113 0.715088 0.391113
5 0.408081 0.391113 0.816162 0.391113
5 0.369995 0.435059 0.739990 0.439453
5 0.363037 0.454834 0.726074 0.441650
5 0.365601 0.417480 0.731201 0.413086
5 0.345459 0.432861 0.690918 0.419678
5 0.356445 0.388916 0.712891 0.371338
5 0.374023 0.410889 0.748047 0.397705
5 0.378418 0.388916 0.756836 0.375732
5 0.464478 0.391113 0.928955 0.386719
5 0.451294 0.408691 0.902588 0.408691
5 0.461914 0.384521 0.923828 0.371338
5 0.420166 0.410889 0.840332 0.397705
5 0.415771 0.375732 0.831543 0.388916
5 0.409180 0.353760 0.818359 0.358154
5 0.532715 0.415283 0.934570 0.402100
5 0.534546 0.377930 0.930908 0.373535
5 0.532349 0.373535 0.935303 0.373535
5 0.521362 0.417480 0.957275 0.417480
5 0.524292 0.395508 0.951416 0.395508
5 0.518066 0.402100 0.963867 0.415283
5 0.519531 0.380127 0.960938 0.388916
5 0.515503 0.395508 0.968994 0.395508
5 0.508911 0.421875 0.982178 0.421875
5 0.510376 0.395508 0.979248 0.395508
5 0.509277 0.421875 0.981445 0.419678
5 0.511475 0.397705 0.977051 0.380127
5 0.504883 0.384521 0.990234 0.397705
5 0.502686 0.424072 0.994629 0.410889
5 0.502686 0.402100 0.994629 0.397705
5 0.500122 0.470215 0.999756 0.470215
5 0.501953 0.432861 0.996094 0.437256
5 0.503784 0.426270 0.992432 0.426270
5 0.514771 0.421875 0.970459 0.421875
5 0.533447 0.402100 0.933105 0.410889
5 0.536743 0.417480 0.926514 0.417480
5 0.538940 0.461426 0.922119 0.457031
5 0.538208 0.461426 0.923584 0.461426
5 0.539673 0.439453 0.920654 0.439453
5 0.167480 0.468018 0.334961 0.454834
5 0.172241 0.470215 0.344482 0.470215
5 0.207397 0.470215 0.414795 0.470215
5 0.224609 0.468018 0.449219 0.450439
5 0.211792 0.404297 0.423584 0.404297
5 0.265259 0.465820 0.530518 0.465820
5 0.259766 0.463623 0.519531 0.450439
5 0.262329 0.421875 0.524658 0.421875
5 0.271118 0.443848 0.542236 0.443848
5 0.259766 0.406494 0.519531 0.415283
5 0.287231 0.417480 0.574463 0.417480
5 0.300415 0.461426 0.600830 0.461426
5 0.304810 0.439453 0.609619 0.439453
5 0.322388 0.463623 0.644775 0.457031
5 0.325317 0.439453 0.650635 0.439453
5 0.334473 0.476807 0.668945 0.463623
5 0.350952 0.479004 0.701904 0.479004
5 0.361938 0.391113 0.723877 0.391113
5 0.361938 0.362549 0.723877 0.369141
5 0.449829 0.364746 0.899658 0.364746
5 0.464478 0.347168 0.928955 0.342773
5 0.462280 0.452637 0.924561 0.452637
5 0.466675 0.430664 0.933350 0.430664
5 0.461914 0.428467 0.923828 0.415283
5 0.496889 0.423358 0.993778 0.410544
5 0.533081 0.461426 0.933838 0.461426
5 0.537476 0.500977 0.925049 0.500977
5 0.542603 0.461426 0.914795 0.457031
5 0.539673 0.395508 0.920654 0.395508
5 0.534546 0.395508 0.930908 0.395508
5 0.525391 0.459229 0.949219 0.446045
5 0.519531 0.481201 0.960938 0.468018
5 0.521729 0.459229 0.956543 0.450439
5 0.516602 0.443848 0.966797 0.450439
5 0.505981 0.465820 0.988037 0.465820
5 0.511475 0.448242 0.977051 0.450439
5 0.470552 0.367846 0.941103 0.367846
5 0.476607 0.387308 0.953214 0.387308
5 0.482338 0.366222 0.964675 0.366222
5 0.488272 0.387633 0.975945 0.387633
5 0.476390 0.344489 0.952781 0.344489
5 0.434816 0.368493 0.869631 0.368493
5 0.440654 0.393145 0.881309 0.393145
5 0.429193 0.393145 0.858387 0.393145
5 0.428382 0.347409 0.856764 0.347409
5 0.481851 0.408391 0.963701 0.408391
5 0.388106 0.372710 0.776212 0.372710
5 0.400269 0.370116 0.800538 0.370116
5 0.392214 0.351951 0.784428 0.351951
5 0.382375 0.395091 0.764751 0.395091
5 0.394214 0.395417 0.788428 0.395417
5 0.405838 0.392821 0.811676 0.392821
5 0.341449 0.369790 0.682899 0.369790
5 0.312904 0.395418 0.625807 0.395418
5 0.284629 0.419746 0.569257 0.419746
5 0.296198 0.418124 0.592396 0.418124
5 0.250786 0.427205 0.501572 0.427205
5 0.237594 0.383415 0.475189 0.383415
5 0.231485 0.363952 0.462970 0.363952
5 0.243812 0.361682 0.487623 0.361682
5 0.225646 0.385685 0.451293 0.385685
5 0.231864 0.406122 0.463728 0.406122
5 0.192235 0.424611 0.384471 0.424611
5 0.175476 0.408391 0.350952 0.408391
5 0.181747 0.429477 0.363494 0.429477
5 0.187802 0.450236 0.375604 0.450236
5 0.163086 0.489990 0.326172 0.476807
5 0.203613 0.427792 0.407226 0.427792
5 0.215374 0.428129 0.430748 0.428129
5 0.187146 0.407294 0.374293 0.407294
5 0.197732 0.406622 0.395464 0.406622
5 0.147212 0.391500 0.294424 0.391500
5 0.134666 0.391164 0.269332 0.391164
5 0.123185 0.392172 0.246370 0.392172
5 0.128057 0.371336 0.256114 0.371336
5 0.140603 0.370664 0.281205 0.370664
5 0.159085 0.391835 0.318170 0.391835
5 0.152756 0.414349 0.305513 0.414349
5 0.259399 0.404297 0.518799 0.404297
5 0.245850 0.468018 0.491699 0.459229
5 0.213989 0.492188 0.427979 0.492188
5 0.343262 0.406494 0.686523 0.410889
5 0.307007 0.377930 0.614014 0.377930
5 0.426758 0.472412 0.853516 0.459229
5 0.415771 0.472412 0.831543 0.463623
5 0.534180 0.417480 0.931641 0.424072
5 0.560913 0.474609 0.878174 0.474609
5 0.468506 0.489990 0.937012 0.476807