6 0.579940 0.283854 0.840120 0.284091
5 0.328508 0.447724 0.657015 0.450964
5 0.315760 0.447219 0.631520 0.450459
5 0.289809 0.447542 0.579619 0.450781
5 0.302780 0.448047 0.605561 0.451287
5 0.334917 0.469524 0.669833 0.472763
5 0.322225 0.469800 0.644450 0.473040
5 0.309022 0.471075 0.618044 0.474315
5 0.296163 0.471017 0.592325 0.474256
5 0.270590 0.469230 0.541180 0.472470
5 0.283282 0.470629 0.566563 0.473868
5 0.277624 0.446808 0.555248 0.450048
5 0.264714 0.446241 0.529428 0.449481
5 0.328489 0.403276 0.656978 0.406515
5 0.322318 0.425186 0.644637 0.428426
5 0.316157 0.402809 0.632313 0.406049
5 0.335137 0.381223 0.670274 0.384463
5 0.353884 0.446265 0.707769 0.449504
5 0.341299 0.447057 0.682598 0.450296
5 0.290568 0.403041 0.581136 0.406281
5 0.278282 0.403156 0.556563 0.406395
5 0.265565 0.401836 0.531130 0.405076
5 0.259555 0.423037 0.519110 0.426276
5 0.246866 0.424066 0.493732 0.427305
5 0.233956 0.423499 0.467912 0.426739
5 0.271897 0.424675 0.543793 0.427915
5 0.227503 0.445612 0.455005 0.448852
5 0.240224 0.445171 0.480447 0.448411
5 0.252409 0.445905 0.504818 0.449144
5 0.245987 0.468697 0.491974 0.471937
5 0.233612 0.468341 0.467225 0.471581
5 0.208488 0.421056 0.416975 0.424296
5 0.233799 0.378871 0.467598 0.382110
5 0.360479 0.380201 0.720958 0.383440
5 0.354309 0.402111 0.708617 0.405351
5 0.361276 0.424587 0.722552 0.427826
5 0.398022 0.468269 0.796045 0.471509
5 0.385326 0.468557 0.770652 0.471797
5 0.372483 0.468431 0.744967 0.471671
5 0.379232 0.491770 0.758465 0.495010
5 0.391640 0.490736 0.783280 0.493976
5 0.359983 0.467863 0.719967 0.471103
5 0.404462 0.446489 0.808924 0.449728
5 0.392049 0.446588 0.784099 0.449827
5 0.379302 0.447219 0.758603 0.450459
5 0.411381 0.424500 0.822762 0.427739
5 0.399254 0.423572 0.798507 0.426812
5 0.386367 0.424239 0.772735 0.427479
5 0.374093 0.424681 0.748186 0.427921
5 0.392246 0.401602 0.784492 0.404842
5 0.398205 0.377784 0.796409 0.381024
5 0.385930 0.378896 0.771861 0.382135
5 0.429594 0.400113 0.859187 0.403353
5 0.500306 0.444548 0.999388 0.447787
5 0.493797 0.443947 0.987595 0.447187
5 0.481006 0.444614 0.962012 0.447854
5 0.468868 0.444632 0.937735 0.447871
5 0.455540 0.445460 0.911079 0.448699
5 0.442917 0.446347 0.885834 0.449587
5 0.430209 0.446484 0.860418 0.449723
5 0.417299 0.445917 0.834599 0.449157
5 0.449099 0.467393 0.898198 0.470633
5 0.436389 0.468629 0.872778 0.471868
5 0.423681 0.468765 0.847363 0.472005
5 0.462155 0.422134 0.924309 0.425373
5 0.449880 0.423195 0.899760 0.426435
5 0.436215 0.423680 0.872429 0.426919
5 0.424001 0.424332 0.848002 0.427571
5 0.474857 0.421621 0.949714 0.424861
5 0.486995 0.421277 0.973991 0.424517
5 0.499542 0.420447 0.999083 0.423687
5 0.502221 0.421048 0.995558 0.424287
5 0.455268 0.397888 0.910536 0.401128
5 0.467869 0.398949 0.935738 0.402189
5 0.480408 0.398437 0.960816 0.401676
5 0.492979 0.398372 0.985957 0.401611
5 0.500241 0.398406 0.999519 0.401645
5 0.504289 0.397373 0.991422 0.400613
5 0.516763 0.397484 0.966474 0.400723
5 0.508440 0.396950 0.983120 0.400190
5 0.506399 0.420135 0.987202 0.423374
5 0.504403 0.443472 0.991195 0.446711
5 0.508666 0.442804 0.982667 0.446044
5 0.512687 0.443405 0.974625 0.446644
5 0.514834 0.420740 0.970331 0.423980
5 0.512622 0.397263 0.974756 0.400502
5 0.502061 0.375092 0.995878 0.378331
5 0.506212 0.374669 0.987577 0.377908
5 0.520975 0.442357 0.958051 0.445597
5 0.523017 0.420553 0.953965 0.423792
5 0.525105 0.398482 0.949791 0.401722
5 0.520954 0.398905 0.958093 0.402145
5 0.518793 0.419933 0.962414 0.423173
5 0.516878 0.443434 0.966244 0.446673
5 0.529491 0.397368 0.941017 0.400608
5 0.523066 0.377041 0.953868 0.380281
5 0.527198 0.464107 0.945604 0.467347
5 0.523069 0.464413 0.953862 0.467653
5 0.518943 0.465539 0.962115 0.468779
5 0.514761 0.466094 0.970478 0.469333
5 0.510562 0.465606 0.978877 0.468846
5 0.506465 0.466682 0.987070 0.469922
5 0.521060 0.487674 0.957880 0.490913
5 0.529507 0.487204 0.940985 0.490443
5 0.499316 0.466875 0.998633 0.470114
5 0.487253 0.466274 0.974506 0.469514
5 0.474462 0.466941 0.948924 0.470181
5 0.500274 0.490356 0.999452 0.493596
5 0.468290 0.490055 0.936580 0.493295
5 0.480428 0.490038 0.960857 0.493278
5 0.455683 0.489863 0.911366 0.493103
5 0.448339 0.376139 0.896678 0.379378
5 0.544183 0.463049 0.911635 0.466289
5 0.546536 0.441058 0.906928 0.444297
5 0.542151 0.486045 0.915698 0.489284
5 0.537876 0.486785 0.924247 0.490025
5 0.533677 0.486298 0.932647 0.489537
5 0.535678 0.463537 0.928644 0.466777
5 0.537949 0.441432 0.924101 0.444671
5 0.539993 0.464125 0.920014 0.467365
5 0.542093 0.441244 0.915813 0.444484
5 0.533628 0.440609 0.932745 0.443848
5 0.544326 0.507482 0.911348 0.510721
5 0.539958 0.508595 0.920084 0.511835
5 0.535758 0.509786 0.928484 0.513025
5 0.531589 0.510692 0.936822 0.513931
5 0.542299 0.396507 0.915402 0.399746
5 0.531546 0.418799 0.936908 0.422038
5 0.531453 0.462978 0.937094 0.466218
5 0.556990 0.460240 0.886021 0.463480
5 0.552800 0.461317 0.894400 0.464556
5 0.548588 0.461345 0.902825 0.464585
5 0.554896 0.482525 0.890208 0.485764
5 0.550684 0.482553 0.898632 0.485793
5 0.559168 0.482558 0.881664 0.485798
5 0.565458 0.503659 0.869084 0.506899
5 0.561186 0.503625 0.877627 0.506865
5 0.556974 0.503654 0.886052 0.506894
5 0.548443 0.505766 0.903114 0.509006
5 0.567485 0.523265 0.865029 0.526504
5 0.563111 0.523951 0.873778 0.527191
5 0.558914 0.524550 0.882171 0.527789
5 0.554944 0.525054 0.890113 0.528293
5 0.132183 0.469962 0.264367 0.473201
5 0.156674 0.471032 0.313348 0.474272
5 0.169280 0.469373 0.338560 0.472613
5 0.182376 0.470916 0.364752 0.474156
5 0.144369 0.470696 0.288738 0.473935
5 0.195347 0.471421 0.390695 0.474661
5 0.202429 0.497321 0.404859 0.500561
5 0.189357 0.496817 0.378714 0.500056
5 0.176463 0.496285 0.352927 0.499524
5 0.196157 0.520793 0.392313 0.524033
5 0.183590 0.520288 0.367181 0.523528
5 0.150361 0.494464 0.300722 0.497703
5 0.157893 0.519479 0.315785 0.522719
5 0.132937 0.518651 0.265873 0.521891
5 0.138703 0.494168 0.277407 0.497407
5 0.126518 0.493434 0.253035 0.496673
5 0.177487 0.446589 0.354974 0.449829
5 0.163585 0.446534 0.327171 0.449773
5 0.150979 0.448193 0.301958 0.451433
5 0.138116 0.448476 0.276233 0.451716
5 0.190086 0.447343 0.380173 0.450582
5 0.170546 0.424279 0.341092 0.427518
5 0.157140 0.425214 0.314280 0.428454
5 0.144348 0.425882 0.288695 0.429122
5 0.132043 0.426289 0.264086 0.429529
5 0.138212 0.404315 0.276425 0.407555
5 0.164472 0.402836 0.328945 0.406075
5 0.127410 0.541491 0.254820 0.544731
5 0.543828 0.549781 0.912344 0.553020
5 0.548189 0.547891 0.903621 0.551130
5 0.552504 0.546166 0.894991 0.549405
5 0.556558 0.546178 0.886884 0.549418
5 0.560963 0.544474 0.878074 0.547714
5 0.565175 0.544445 0.869650 0.547685
5 0.569501 0.542553 0.860999 0.545792
5 0.474002 0.376434 0.948004 0.379673
5 0.461742 0.375275 0.923483 0.378514