5 0.297704 0.249296 0.595408 0.255448
5 0.378784 0.275626 0.757569 0.281779
5 0.385994 0.253475 0.771988 0.259628
5 0.398383 0.254520 0.796766 0.260673
5 0.391740 0.276880 0.783481 0.283032
5 0.441925 0.276655 0.883851 0.282807
5 0.428969 0.275401 0.857938 0.281553
5 0.462742 0.254151 0.925484 0.260303
5 0.449448 0.253797 0.898896 0.259949
5 0.488172 0.254151 0.976344 0.260303
5 0.475328 0.253347 0.950657 0.259499
5 0.504088 0.255951 0.991824 0.262103
5 0.500000 0.255147 1.000000 0.261299
5 0.481179 0.277652 0.962359 0.283804
5 0.494023 0.278455 0.988046 0.284608
5 0.461617 0.300735 0.923233 0.306887
5 0.487047 0.300735 0.974093 0.306887
5 0.510314 0.277330 0.979371 0.283482
5 0.505958 0.277877 0.988084 0.284029
5 0.522695 0.278915 0.954611 0.285067
5 0.518537 0.278471 0.962927 0.284623
5 0.516191 0.301695 0.967618 0.307847
5 0.533424 0.257323 0.933151 0.263476
5 0.529364 0.257323 0.941273 0.263476
5 0.525205 0.256880 0.949589 0.263032
5 0.547792 0.281065 0.904416 0.287217
5 0.541350 0.305037 0.917301 0.311189
5 0.539381 0.281313 0.921238 0.287465
5 0.545691 0.304345 0.908619 0.310498
5 0.554065 0.304345 0.891869 0.310498
5 0.549763 0.304576 0.900474 0.310728
5 0.556217 0.281526 0.887567 0.287678
5 0.551914 0.281756 0.896172 0.287909
5 0.551837 0.328778 0.896325 0.334931
5 0.555909 0.329009 0.888181 0.335161
5 0.560212 0.328778 0.879576 0.334931
5 0.528672 0.302505 0.942655 0.308657
5 0.562514 0.304937 0.874972 0.311089
5 0.195377 0.246394 0.390755 0.252547
5 0.208008 0.246453 0.416015 0.252605
5 0.220668 0.246681 0.441335 0.252834
5 0.246484 0.248075 0.492967 0.254227
5 0.259603 0.247632 0.519207 0.253785
5 0.214495 0.269892 0.428990 0.276044
5 0.189509 0.270334 0.379017 0.276486
5 0.182801 0.292151 0.365603 0.298303
5 0.145188 0.243616 0.290377 0.249768
5 0.158687 0.244890 0.317374 0.251043
5 0.171347 0.245987 0.342694 0.252139
5 0.138936 0.267234 0.277873 0.273386
5 0.164487 0.268737 0.328975 0.274889
5 0.132290 0.244196 0.264580 0.250348
5 0.576972 0.377447 0.846056 0.383599