6 0.502604 0.283854 0.994792 0.286458
5 0.375077 0.394719 0.750154 0.398540
5 0.362356 0.395944 0.724711 0.399764
5 0.349838 0.396352 0.699676 0.400173
5 0.343375 0.418802 0.686751 0.422622
5 0.368750 0.418665 0.737501 0.422486
5 0.355893 0.418393 0.711786 0.422214
5 0.337253 0.441523 0.674505 0.445344
5 0.349770 0.441115 0.699540 0.444936
5 0.362356 0.441115 0.724711 0.444936
5 0.343988 0.373630 0.687975 0.377451
5 0.356505 0.373222 0.713010 0.377043
5 0.368750 0.371861 0.737501 0.375682
5 0.350178 0.349684 0.700357 0.353504
5 0.362696 0.349276 0.725391 0.353096
5 0.374941 0.347915 0.749882 0.351736
5 0.336844 0.351725 0.673689 0.355545
5 0.331266 0.373630 0.662532 0.377451
5 0.331288 0.419107 0.662577 0.422928
5 0.318794 0.419874 0.637588 0.423694
5 0.306329 0.419555 0.612657 0.423376
5 0.300050 0.441862 0.600101 0.445682
5 0.312464 0.441661 0.624928 0.445482
5 0.324894 0.441973 0.649787 0.445793
5 0.312672 0.397116 0.625343 0.400937
5 0.324945 0.396389 0.649891 0.400210
5 0.337305 0.395421 0.674609 0.399242
5 0.318742 0.372733 0.637485 0.376554
5 0.306277 0.372414 0.612554 0.376235
5 0.368681 0.463163 0.737361 0.466984
5 0.356095 0.463163 0.712191 0.466984
5 0.343578 0.463571 0.687156 0.467392
5 0.331219 0.464020 0.662438 0.467841
5 0.318789 0.463709 0.637578 0.467530
5 0.306375 0.463909 0.612751 0.467730
5 0.443757 0.460854 0.887515 0.464675
5 0.431298 0.461736 0.862596 0.465556
5 0.418780 0.462144 0.837561 0.465964
5 0.406295 0.463223 0.812591 0.467043
5 0.393866 0.462911 0.787731 0.466732
5 0.381263 0.462860 0.762527 0.466680
5 0.400007 0.440872 0.800014 0.444692
5 0.412501 0.440106 0.825003 0.443926
5 0.424777 0.439548 0.849554 0.443368
5 0.437232 0.439140 0.874463 0.442960
5 0.449837 0.438027 0.899675 0.441847
5 0.387542 0.440553 0.775083 0.444374
5 0.393459 0.418205 0.786918 0.422026
5 0.380993 0.417886 0.761987 0.421707
5 0.374715 0.440193 0.749430 0.444013
5 0.443402 0.415969 0.886804 0.419790
5 0.430948 0.416377 0.861895 0.420198
5 0.418168 0.417691 0.836336 0.421511
5 0.412812 0.484425 0.825624 0.488246
5 0.387897 0.485193 0.775795 0.489013
5 0.375295 0.485141 0.750590 0.488962
5 0.362712 0.485445 0.725425 0.489265
5 0.350127 0.485445 0.700254 0.489265
5 0.337610 0.485853 0.675219 0.489674
5 0.324955 0.486006 0.649909 0.489827
5 0.312673 0.485843 0.625346 0.489663
5 0.300407 0.486191 0.600814 0.490012
5 0.250975 0.487327 0.501951 0.491148
5 0.263241 0.486979 0.526482 0.490799
5 0.275779 0.486503 0.551557 0.490323
5 0.287986 0.486349 0.575972 0.490170
5 0.281915 0.464901 0.563830 0.468721
5 0.269485 0.465485 0.538970 0.469306
5 0.256816 0.466070 0.513631 0.469890
5 0.505408 0.458253 0.989183 0.462074
5 0.501207 0.459366 0.997587 0.463187
5 0.493672 0.458388 0.987344 0.462209
5 0.480819 0.458254 0.961637 0.462074
5 0.468613 0.459251 0.937226 0.463071
5 0.456032 0.459740 0.912064 0.463561
5 0.449985 0.481469 0.899969 0.485290
5 0.462587 0.481521 0.925174 0.485341
5 0.475132 0.481139 0.950265 0.484960
5 0.487617 0.480061 0.975235 0.483881
5 0.500000 0.479999 1.000000 0.483819
5 0.503382 0.481080 0.993237 0.484901
5 0.487436 0.436331 0.974871 0.440152
5 0.474582 0.436196 0.949165 0.440017
5 0.462377 0.437193 0.924754 0.441014
5 0.437439 0.482953 0.874878 0.486773
5 0.431392 0.504682 0.862784 0.508502
5 0.443994 0.504733 0.887988 0.508554
5 0.493854 0.501772 0.987707 0.505592
5 0.481368 0.502850 0.962737 0.506671
5 0.468823 0.503232 0.937647 0.507052
5 0.518003 0.500714 0.963994 0.504534
5 0.520187 0.478176 0.959625 0.481997
5 0.515939 0.523167 0.968122 0.526987
5 0.511709 0.523565 0.976582 0.527386
5 0.507528 0.523947 0.984945 0.527767
5 0.509631 0.501854 0.980739 0.505675
5 0.511707 0.478832 0.976585 0.482653
5 0.513815 0.501048 0.972370 0.504868
5 0.516037 0.478015 0.967926 0.481836
5 0.530622 0.498839 0.938757 0.502659
5 0.532782 0.477861 0.934436 0.481681
5 0.528656 0.476140 0.942689 0.479960
5 0.524326 0.476957 0.951348 0.480778
5 0.522249 0.499979 0.955502 0.503800
5 0.520146 0.522071 0.959708 0.525892
5 0.524328 0.521690 0.951345 0.525511
5 0.528557 0.521292 0.942885 0.525112
5 0.526433 0.499172 0.947133 0.502993
5 0.551512 0.410922 0.896975 0.414743
5 0.549414 0.432272 0.901172 0.436093
5 0.547308 0.454725 0.905383 0.458546
5 0.543079 0.455124 0.913843 0.458945
5 0.538897 0.455505 0.922206 0.459326
5 0.530667 0.455264 0.938666 0.459085
5 0.526485 0.455645 0.947030 0.459466
5 0.528381 0.434173 0.943237 0.437993
5 0.532690 0.434357 0.934620 0.438178
5 0.536795 0.434147 0.926409 0.437968
5 0.541041 0.433413 0.917918 0.437233
5 0.545226 0.432606 0.909549 0.436427
5 0.534896 0.454865 0.930207 0.458686
5 0.534664 0.411573 0.930672 0.415393
5 0.538918 0.411238 0.922165 0.415059
5 0.543304 0.411011 0.913392 0.414831
5 0.547386 0.411805 0.905228 0.415625
5 0.530520 0.412762 0.938959 0.416582
5 0.518036 0.455521 0.963928 0.459342
5 0.522218 0.455140 0.955565 0.458960
5 0.528475 0.391071 0.943050 0.394891
5 0.532619 0.389882 0.934762 0.393702
5 0.536728 0.389547 0.926544 0.393368
5 0.541114 0.389320 0.917771 0.393140
5 0.545341 0.390114 0.909319 0.393934
5 0.549467 0.389231 0.901065 0.393052
5 0.526389 0.412638 0.947223 0.416459
5 0.524209 0.433429 0.951583 0.437250
5 0.515874 0.389707 0.968253 0.393528
5 0.530520 0.368088 0.938960 0.371908
5 0.534664 0.366899 0.930672 0.370719
5 0.557820 0.389750 0.884361 0.393570
5 0.553693 0.390632 0.892614 0.394453
5 0.560152 0.367458 0.879695 0.371279
5 0.543275 0.367631 0.913450 0.371451
5 0.564106 0.410767 0.871787 0.414588
5 0.559885 0.410941 0.880229 0.414761
5 0.555662 0.410714 0.888676 0.414534
5 0.553541 0.432549 0.892918 0.436370
5 0.551396 0.454641 0.897207 0.458462
5 0.555578 0.454260 0.888844 0.458080
5 0.559808 0.453861 0.880384 0.457682
5 0.562008 0.432968 0.875984 0.436788
5 0.557725 0.431742 0.884550 0.435563
5 0.545216 0.520201 0.909569 0.524021
5 0.541002 0.520285 0.917996 0.524105
5 0.536848 0.520985 0.926305 0.524806
5 0.532591 0.521065 0.934819 0.524885
5 0.534735 0.498972 0.930530 0.502793
5 0.536872 0.477324 0.926256 0.481145
5 0.540954 0.477213 0.918092 0.481034
5 0.545206 0.476482 0.909588 0.480302
5 0.549355 0.476273 0.901289 0.480094
5 0.547234 0.498108 0.905531 0.501929
5 0.543082 0.498887 0.913835 0.502708
5 0.538894 0.499221 0.922212 0.503042
5 0.555563 0.496479 0.888874 0.500300
5 0.553442 0.518314 0.893116 0.522135
5 0.551373 0.540256 0.897254 0.544077
5 0.547210 0.540634 0.905581 0.544455
5 0.549290 0.519093 0.901420 0.522914
5 0.551414 0.496688 0.897173 0.500509
5 0.542996 0.541779 0.914008 0.545600
5 0.538865 0.541740 0.922271 0.545560
5 0.534710 0.542440 0.930579 0.546260
5 0.530557 0.542891 0.938887 0.546712
5 0.526420 0.542746 0.947160 0.546567
5 0.522232 0.543641 0.955537 0.547461
5 0.518009 0.544394 0.963982 0.548215
5 0.513802 0.544622 0.972397 0.548442
5 0.509572 0.545020 0.980856 0.548841
5 0.505390 0.545402 0.989219 0.549222
5 0.503264 0.524171 0.993473 0.527992
5 0.500000 0.524339 1.000000 0.528160
5 0.487854 0.524721 0.975708 0.528541
5 0.501293 0.545766 0.997414 0.549586
5 0.507597 0.479455 0.984806 0.483276
5 0.505312 0.502458 0.989376 0.506278
5 0.513698 0.411892 0.972605 0.415713
5 0.503170 0.344861 0.993659 0.348682
5 0.505320 0.367573 0.989361 0.371393
5 0.500000 0.342551 1.000000 0.346372
5 0.566067 0.474625 0.867865 0.478446
5 0.564249 0.452598 0.871503 0.456419
5 0.564019 0.496429 0.871962 0.500250
5 0.561789 0.475570 0.876421 0.479390
5 0.557626 0.476376 0.884748 0.480197
5 0.559789 0.496828 0.880421 0.500649
5 0.570538 0.473618 0.858924 0.477438
5 0.561754 0.601696 0.876492 0.605517
5 0.559568 0.580843 0.880865 0.584664
5 0.557590 0.560632 0.884821 0.564452
5 0.553489 0.560792 0.893022 0.564612
5 0.549224 0.562054 0.901553 0.565875
5 0.545053 0.562667 0.909894 0.566488
5 0.540940 0.562534 0.918120 0.566354
5 0.536840 0.562469 0.926320 0.566290
5 0.532656 0.563276 0.934689 0.567097
5 0.528513 0.563856 0.942974 0.567677
5 0.524325 0.564190 0.951350 0.568011
5 0.526320 0.584607 0.947360 0.588428
5 0.528390 0.605834 0.943221 0.609655
5 0.540938 0.604332 0.918125 0.608152
5 0.549246 0.603180 0.901509 0.607000
5 0.557591 0.602075 0.884819 0.605895
5 0.555494 0.581951 0.889013 0.585771
5 0.551280 0.582035 0.897440 0.585855
5 0.543075 0.583124 0.913851 0.586945
5 0.534709 0.583130 0.930583 0.586951
5 0.530579 0.584131 0.938843 0.587951
5 0.532613 0.605081 0.934774 0.608902
5 0.545154 0.602941 0.909692 0.606761
5 0.553377 0.603220 0.893246 0.607040
5 0.547229 0.582425 0.905543 0.586246
5 0.538887 0.583506 0.922226 0.587326
5 0.536801 0.604187 0.926398 0.608007
5 0.576890 0.616709 0.846220 0.620529
5 0.574613 0.597352 0.850774 0.601173
5 0.572476 0.577549 0.855048 0.581369
5 0.568013 0.579750 0.863975 0.583570
5 0.563679 0.580876 0.872642 0.584696
5 0.565826 0.600992 0.868348 0.604813
5 0.567946 0.620681 0.864109 0.624502
5 0.572386 0.619400 0.855228 0.623220
5 0.570221 0.599004 0.859558 0.602824
5 0.574585 0.556732 0.850830 0.560552
5 0.570099 0.557708 0.859802 0.561529
5 0.565788 0.560059 0.868424 0.563879
5 0.561677 0.560026 0.876647 0.563847
5 0.572431 0.536323 0.855139 0.540144
5 0.568149 0.537708 0.863703 0.541528
5 0.563838 0.538426 0.872325 0.542246
5 0.559568 0.538665 0.880865 0.542486
5 0.555481 0.539271 0.889039 0.543091
5 0.570326 0.515394 0.859349 0.519214
5 0.566128 0.517200 0.867744 0.521021
5 0.561858 0.517440 0.876284 0.521260
5 0.294053 0.419559 0.588106 0.423379
5 0.275680 0.443242 0.551360 0.447063
5 0.287833 0.441026 0.575667 0.444847
5 0.281815 0.326868 0.563629 0.330689
5 0.244518 0.466994 0.489035 0.470814
5 0.207315 0.467332 0.414630 0.471152
5 0.213228 0.444604 0.426455 0.448424
5 0.238574 0.445943 0.477147 0.449763
5 0.226088 0.445631 0.452176 0.449452
5 0.220139 0.466760 0.440278 0.470581
5 0.232421 0.466924 0.464842 0.470744
5 0.250486 0.444712 0.500972 0.448533
5 0.207086 0.422381 0.414172 0.426202
5 0.163219 0.444870 0.326438 0.448690
5 0.176140 0.443823 0.352281 0.447643
5 0.188443 0.443280 0.376886 0.447101
5 0.200477 0.444978 0.400955 0.448799
5 0.182280 0.467198 0.364561 0.471019
5 0.170344 0.466277 0.340688 0.470098
5 0.157423 0.467324 0.314845 0.471144
5 0.138324 0.398295 0.276649 0.402115
5 0.150466 0.397407 0.300931 0.401227
5 0.144440 0.420260 0.288880 0.424081
5 0.131657 0.419504 0.263314 0.423325
5 0.138036 0.442562 0.276071 0.446383
5 0.126053 0.442949 0.252106 0.446770
5 0.144001 0.373640 0.288003 0.377461
5 0.131849 0.374866 0.263699 0.378687
5 0.150195 0.349828 0.300391 0.353649
5 0.138043 0.351054 0.276086 0.354875
5 0.144952 0.467034 0.289903 0.470855
5 0.150824 0.444466 0.301648 0.448287
5 0.127383 0.488968 0.254766 0.492788
5 0.139366 0.488580 0.278731 0.492401
5 0.132781 0.466347 0.265561 0.470167
5 0.306796 0.507365 0.613591 0.511185
4 0.228062 0.310843 0.456124 0.312027
4 0.482757 0.337121 0.965515 0.337831