6 0.573757 0.315576 0.852485 0.317421
5 0.161968 0.420423 0.323937 0.424857
5 0.155867 0.443172 0.311734 0.447605
5 0.143890 0.443322 0.287780 0.447756
5 0.131688 0.443623 0.263375 0.448057
5 0.137337 0.419519 0.274674 0.423953
5 0.167994 0.442870 0.335989 0.447304
5 0.162646 0.465920 0.325292 0.470353
5 0.150670 0.466070 0.301339 0.470504
5 0.138467 0.466372 0.276934 0.470805
5 0.181930 0.488969 0.363859 0.493403
5 0.168974 0.487162 0.337947 0.491595
5 0.156997 0.487312 0.313994 0.491746
5 0.132667 0.488668 0.265333 0.493102
5 0.155716 0.397374 0.311433 0.401807
5 0.180995 0.393186 0.361989 0.397620
5 0.187247 0.417477 0.374493 0.421910
5 0.205730 0.394117 0.411460 0.398551
5 0.205912 0.441940 0.411824 0.446373
5 0.193784 0.441776 0.387569 0.446209
5 0.212503 0.465202 0.425006 0.469636
5 0.175580 0.467655 0.351161 0.472089
5 0.262294 0.507740 0.524589 0.512173
5 0.249812 0.508613 0.499623 0.513047
5 0.237362 0.509079 0.474723 0.513513
5 0.199900 0.509868 0.399800 0.514302
5 0.212350 0.509402 0.424700 0.513836
5 0.224833 0.508528 0.449666 0.512962
5 0.236702 0.466708 0.473403 0.471142
5 0.230963 0.487793 0.461925 0.492226
5 0.218247 0.487371 0.436494 0.491805
5 0.176015 0.510579 0.352029 0.515012
5 0.163137 0.509875 0.326275 0.514309
5 0.151161 0.510026 0.302321 0.514459
5 0.206543 0.531286 0.413085 0.535719
5 0.194354 0.531954 0.388708 0.536387
5 0.182194 0.531982 0.364388 0.536416
5 0.170052 0.532161 0.340105 0.536595
5 0.157239 0.532369 0.314477 0.536802
5 0.145064 0.531880 0.290129 0.536313
5 0.286405 0.505954 0.572809 0.510387
5 0.274120 0.506430 0.548240 0.510864
5 0.261321 0.464758 0.522642 0.469192
5 0.255566 0.486983 0.511133 0.491417
5 0.254971 0.442930 0.509942 0.447364
5 0.223816 0.417927 0.447632 0.422361
5 0.274952 0.550449 0.549904 0.554883
5 0.262673 0.550246 0.525345 0.554680
5 0.250190 0.551120 0.500380 0.555553
5 0.237740 0.551586 0.475480 0.556019
5 0.213085 0.552703 0.426171 0.557137
5 0.200897 0.553371 0.401794 0.557805
5 0.188669 0.553938 0.377339 0.558372
5 0.176393 0.553983 0.352786 0.558416
5 0.164118 0.554864 0.328236 0.559297
5 0.151944 0.554375 0.303888 0.558809
5 0.139079 0.554779 0.278159 0.559213
5 0.126925 0.511291 0.253850 0.515724
5 0.183497 0.575097 0.366995 0.579530
5 0.171221 0.575141 0.342442 0.579575
5 0.158946 0.576022 0.317892 0.580456
5 0.275360 0.593420 0.550720 0.597854
5 0.263231 0.593217 0.526462 0.597651
5 0.251125 0.594241 0.502249 0.598675
5 0.238449 0.594858 0.476898 0.599292
5 0.213794 0.595523 0.427589 0.599957
5 0.201982 0.596794 0.403965 0.601228
5 0.189755 0.597361 0.379510 0.601795
5 0.177479 0.597406 0.354957 0.601839
5 0.153029 0.597798 0.306059 0.602231
5 0.140165 0.598202 0.280330 0.602636
5 0.165204 0.598287 0.330407 0.602720
5 0.226171 0.595611 0.452341 0.600045
5 0.299916 0.592818 0.599832 0.597251
5 0.287636 0.592916 0.575273 0.597349
5 0.293789 0.570926 0.587579 0.575360
5 0.268972 0.571902 0.537943 0.576336
5 0.287288 0.576878 0.574576 0.574637
5 0.249869 0.578660 0.499739 0.576419
5 0.256499 0.572284 0.512998 0.576718
5 0.237715 0.579551 0.475430 0.577310
5 0.213342 0.580569 0.426684 0.578328
5 0.225433 0.580060 0.450866 0.577819
5 0.208295 0.617598 0.416590 0.622031
5 0.195902 0.618223 0.391805 0.622657
5 0.183546 0.618403 0.367092 0.622837
5 0.171012 0.619351 0.342023 0.623784
5 0.158995 0.619328 0.317989 0.623762
5 0.202355 0.639259 0.404710 0.643692
5 0.227133 0.638355 0.454267 0.642789
5 0.232428 0.616307 0.464856 0.620741
5 0.177980 0.640258 0.355961 0.644691
5 0.153123 0.641397 0.306245 0.645830
5 0.171206 0.647161 0.342411 0.644920
5 0.140233 0.625867 0.280465 0.623626
5 0.128034 0.598589 0.256068 0.603023
5 0.140746 0.641048 0.281492 0.645481
5 0.128421 0.641306 0.256842 0.645740
4 0.574496 0.401206 0.851009 0.412648