5 0.278766 0.125291 0.281717 0.250582
5 0.296106 0.125806 0.299057 0.251613
5 0.183601 0.139553 0.186552 0.279106
5 0.201987 0.139528 0.204937 0.279056
5 0.219151 0.140165 0.222102 0.280329
5 0.236508 0.140444 0.239459 0.280889
5 0.192768 0.155248 0.195718 0.310496
5 0.210171 0.155615 0.213122 0.311230
5 0.227528 0.155895 0.230479 0.311790
5 0.175099 0.155542 0.178050 0.311084
5 0.156793 0.154855 0.159744 0.309711
5 0.166331 0.171024 0.169282 0.342048
5 0.201498 0.171528 0.204449 0.343057
5 0.218902 0.171896 0.221853 0.343791
5 0.236259 0.172175 0.239210 0.344351
5 0.261973 0.156971 0.264923 0.313943
5 0.244616 0.156692 0.247566 0.313383
5 0.253346 0.172972 0.256297 0.345944
5 0.270703 0.173252 0.273654 0.346504
5 0.253087 0.141249 0.256038 0.282499
5 0.201373 0.203307 0.204324 0.406614
5 0.192206 0.187612 0.195157 0.375225
5 0.210104 0.219588 0.213054 0.439175
5 0.227507 0.219955 0.230458 0.439910
5 0.244864 0.220235 0.247815 0.440469
5 0.227756 0.188224 0.230707 0.376447
5 0.210592 0.187587 0.213543 0.375175
5 0.218776 0.203674 0.221727 0.407349
5 0.236134 0.203954 0.239084 0.407908
5 0.201021 0.235482 0.203972 0.470963
5 0.218425 0.235849 0.221376 0.471698
5 0.235782 0.236129 0.238733 0.472258
5 0.245038 0.188508 0.247989 0.377015
5 0.254046 0.204664 0.256997 0.409328
5 0.262446 0.189359 0.265397 0.378718
5 0.262245 0.220416 0.265196 0.440832