5 0.373798 0.362572 0.747596 0.362519
5 0.386216 0.363947 0.772431 0.363893
5 0.380442 0.339203 0.760884 0.339149
5 0.367658 0.338378 0.735315 0.338325
5 0.354507 0.338012 0.709013 0.337958
5 0.361197 0.361656 0.722393 0.361602
5 0.342540 0.385660 0.685080 0.385606
5 0.355081 0.385859 0.710162 0.385805
5 0.367439 0.385201 0.734878 0.385147
5 0.337218 0.409341 0.674435 0.409287
5 0.349759 0.409540 0.699518 0.409486
5 0.336364 0.362896 0.672728 0.362842
5 0.323882 0.362578 0.647765 0.362524
5 0.348722 0.362238 0.697444 0.362184
5 0.317962 0.337223 0.635924 0.337169
5 0.331101 0.339814 0.662203 0.339760
5 0.326274 0.317369 0.652549 0.317315
5 0.305567 0.388902 0.611134 0.388849
5 0.317859 0.386607 0.635718 0.386553
5 0.330217 0.385949 0.660434 0.385895
5 0.299769 0.366831 0.599538 0.366777
5 0.311936 0.364785 0.623872 0.364732
5 0.287611 0.365833 0.575222 0.365780
5 0.312213 0.411011 0.624426 0.410957
5 0.324768 0.411611 0.649536 0.411558
5 0.343534 0.432502 0.687069 0.432449
5 0.356076 0.432701 0.712151 0.432648
5 0.269690 0.342323 0.539379 0.342269
5 0.282424 0.342744 0.564847 0.342690
5 0.275164 0.366179 0.550328 0.366125
5 0.268998 0.390958 0.537996 0.390904
5 0.281445 0.390612 0.562890 0.390558
5 0.275394 0.413893 0.550789 0.413839
5 0.287841 0.413547 0.575683 0.413493
5 0.201140 0.373000 0.402281 0.372946
5 0.224019 0.367548 0.448037 0.367494
5 0.236863 0.367147 0.473726 0.367093
5 0.249852 0.366646 0.499704 0.366592
5 0.256007 0.342659 0.512013 0.342605
5 0.195224 0.394732 0.390448 0.394679
5 0.206996 0.395095 0.413992 0.395041
5 0.231446 0.391593 0.462891 0.391539
5 0.213836 0.416174 0.427672 0.416120
5 0.226063 0.415660 0.452126 0.415607
5 0.238604 0.415160 0.477207 0.415106
5 0.250634 0.415052 0.501268 0.414998
5 0.244239 0.390595 0.488479 0.390541
5 0.219105 0.392266 0.438209 0.392213
5 0.208243 0.439579 0.416486 0.439525
5 0.220470 0.439065 0.440940 0.439011
5 0.233010 0.438564 0.466021 0.438510
5 0.245041 0.438457 0.490082 0.438403
5 0.269371 0.437469 0.538742 0.437416
5 0.262975 0.414535 0.525950 0.414481
5 0.281676 0.436437 0.563352 0.436383
5 0.294123 0.436091 0.588246 0.436037
5 0.263434 0.460186 0.526868 0.460132
5 0.275739 0.459153 0.551477 0.459099
5 0.288186 0.458807 0.576371 0.458753
5 0.177427 0.415333 0.354854 0.415280
5 0.189808 0.417402 0.379617 0.417348
5 0.201917 0.417987 0.403834 0.417933
5 0.212315 0.369667 0.424630 0.369613
5 0.189084 0.368883 0.378167 0.368829
5 0.176733 0.368295 0.353466 0.368241
5 0.158501 0.393584 0.317002 0.393530
5 0.170852 0.392212 0.341703 0.392158
5 0.152914 0.417698 0.305827 0.417644
5 0.165264 0.416325 0.330529 0.416271
5 0.140147 0.417565 0.280295 0.417511
5 0.146533 0.394382 0.293065 0.394328
5 0.133698 0.439506 0.267396 0.439453
5 0.146464 0.439639 0.292928 0.439586
5 0.158815 0.438267 0.317630 0.438213
5 0.171603 0.439292 0.343206 0.439238
5 0.183579 0.438799 0.367157 0.438745
5 0.196147 0.440369 0.392294 0.440315
5 0.152490 0.371856 0.304981 0.371803
5 0.164704 0.369263 0.329407 0.369209
5 0.157685 0.348533 0.315369 0.348479
5 0.128088 0.373325 0.256175 0.373272
5 0.135188 0.350800 0.270376 0.350746
5 0.134290 0.395525 0.268581 0.395471
5 0.128395 0.417698 0.256789 0.417644
5 0.412201 0.359975 0.824403 0.359921
5 0.406399 0.383902 0.812798 0.383848
5 0.392536 0.342536 0.785071 0.342482
5 0.387156 0.408211 0.774311 0.408158
5 0.374211 0.408948 0.748421 0.408894
5 0.361853 0.409606 0.723705 0.409552
5 0.406028 0.432695 0.812056 0.432641
5 0.393206 0.432240 0.786413 0.432186
5 0.400071 0.407565 0.800141 0.407512
5 0.393206 0.385674 0.786413 0.385620
5 0.306370 0.434781 0.612739 0.434728
5 0.318925 0.435382 0.637849 0.435328
5 0.337874 0.456684 0.675748 0.456630
5 0.325482 0.457479 0.650963 0.457425
5 0.313124 0.458137 0.626247 0.458083
5 0.350752 0.455949 0.701504 0.455895
5 0.481373 0.377979 0.962746 0.377925
5 0.469193 0.377880 0.938387 0.377826
5 0.474982 0.404009 0.949965 0.403955
5 0.463036 0.402663 0.926073 0.402610
5 0.493609 0.377511 0.987218 0.377457
5 0.432564 0.378815 0.865127 0.378761
5 0.457213 0.375329 0.914426 0.375275
5 0.450511 0.349766 0.901021 0.349712
5 0.424848 0.356058 0.849696 0.356004
5 0.417055 0.336418 0.834109 0.336365
5 0.421149 0.381644 0.842297 0.381482
5 0.457324 0.426235 0.914649 0.426181
5 0.481996 0.426713 0.963992 0.426659
5 0.504769 0.402095 0.990462 0.402041
5 0.500646 0.402563 0.998530 0.402509
5 0.515174 0.379016 0.969652 0.378962
5 0.511096 0.379757 0.977809 0.379704
5 0.506876 0.379111 0.986248 0.379058
5 0.513031 0.355622 0.973938 0.355568
5 0.509019 0.402369 0.981961 0.402315
5 0.513376 0.401646 0.973249 0.401593
5 0.511438 0.425314 0.977125 0.425260
5 0.507104 0.425763 0.985792 0.425709
5 0.503036 0.426036 0.993928 0.425982
5 0.494757 0.426504 0.989513 0.426450
5 0.515587 0.424357 0.968825 0.424303
5 0.502658 0.376102 0.994684 0.376048
5 0.523960 0.421380 0.952080 0.421327
5 0.519806 0.422764 0.960388 0.422710
5 0.517927 0.446048 0.964145 0.445994
5 0.522022 0.445048 0.955956 0.444994
5 0.523810 0.374166 0.952381 0.374112
5 0.519308 0.377001 0.961383 0.376948
5 0.521736 0.398560 0.956529 0.398506
5 0.536609 0.417556 0.926782 0.417502
5 0.532369 0.418861 0.935262 0.418807
5 0.530415 0.442022 0.939170 0.441968
5 0.534554 0.441573 0.930892 0.441520
5 0.538782 0.441082 0.922437 0.441029
5 0.540901 0.463249 0.918198 0.463195
5 0.536673 0.463740 0.926653 0.463686
5 0.532534 0.464188 0.934931 0.464134
5 0.547279 0.439566 0.905443 0.439512
5 0.542915 0.441107 0.914170 0.441053
5 0.555568 0.436640 0.888865 0.436586
5 0.551281 0.437719 0.897438 0.437665
5 0.545173 0.461278 0.909654 0.461224
5 0.549537 0.459737 0.900926 0.459683
5 0.566244 0.457735 0.867513 0.457681
5 0.561957 0.458814 0.876086 0.458760
5 0.553283 0.414315 0.893435 0.414261
5 0.549033 0.415392 0.901933 0.415339
5 0.543282 0.395715 0.913436 0.395662
5 0.538950 0.485034 0.922100 0.484980
5 0.534612 0.486081 0.930777 0.486027
5 0.543178 0.484543 0.913645 0.484489
5 0.547450 0.482572 0.905100 0.482519
5 0.551614 0.481629 0.896771 0.481576
5 0.128482 0.461689 0.256963 0.461635
5 0.140590 0.461689 0.281181 0.461635
5 0.153090 0.461428 0.306179 0.461374
5 0.165068 0.460387 0.330136 0.460333
5 0.177567 0.461168 0.355135 0.461114
5 0.190327 0.461949 0.380654 0.461895