5 0.349653 0.126223 0.699307 0.252446
5 0.338133 0.125993 0.676265 0.251986
5 0.326822 0.126254 0.653644 0.252508
5 0.509586 0.126711 0.980827 0.253423
5 0.505826 0.126415 0.988349 0.252829
5 0.524661 0.126670 0.950677 0.253340
5 0.520799 0.125888 0.958401 0.251777
5 0.552600 0.137098 0.894799 0.274195
5 0.556412 0.136809 0.887176 0.273618
5 0.564231 0.137131 0.871537 0.274262
5 0.568172 0.136217 0.863657 0.272433
5 0.560305 0.136746 0.879390 0.273491
5 0.572652 0.145401 0.854696 0.290803
5 0.568589 0.147231 0.862823 0.294461
5 0.564822 0.147838 0.870356 0.295677
5 0.560943 0.148048 0.878114 0.296095
5 0.558337 0.152984 0.883326 0.305968
5 0.560215 0.168015 0.879569 0.336029
5 0.562732 0.162810 0.874535 0.325619
5 0.568088 0.166002 0.863824 0.332003
5 0.562333 0.182508 0.875335 0.365017
5 0.570676 0.160919 0.858648 0.321838
5 0.578585 0.157377 0.842831 0.314753
5 0.578676 0.188480 0.842648 0.376960
5 0.576648 0.174121 0.846704 0.348241
5 0.572883 0.175279 0.854234 0.350558
5 0.568758 0.177228 0.862484 0.354457
5 0.564879 0.177438 0.870241 0.354875
5 0.574620 0.190359 0.850760 0.380718
5 0.570855 0.191517 0.858290 0.383034
5 0.566730 0.193467 0.866539 0.386934
5 0.572134 0.134526 0.855732 0.269051
5 0.576334 0.132748 0.847332 0.265497
5 0.576177 0.163081 0.847647 0.326162
5 0.581147 0.231885 0.837707 0.463770
5 0.572715 0.235400 0.854570 0.470801
5 0.582548 0.187631 0.834904 0.375262
5 0.567875 0.225310 0.864249 0.450620
5 0.572616 0.205879 0.854769 0.411757
5 0.578116 0.208040 0.843768 0.416081
5 0.578986 0.217406 0.842028 0.434812
5 0.577038 0.233286 0.845924 0.466571
5 0.580747 0.202422 0.838505 0.404844
5 0.576019 0.224053 0.847963 0.448107
5 0.569762 0.239539 0.860476 0.479078
5 0.571914 0.225908 0.856172 0.451815
5 0.570028 0.210961 0.859945 0.421922
5 0.580606 0.172213 0.838788 0.344426
5 0.580514 0.141541 0.838972 0.283083
5 0.578283 0.147663 0.843433 0.295325
5 0.584252 0.141294 0.831497 0.282588
5 0.582527 0.126687 0.834947 0.253374
5 0.578789 0.126935 0.842422 0.253869
5 0.577104 0.262349 0.845792 0.524697
5 0.575101 0.247836 0.849798 0.495671
5 0.575076 0.276176 0.849848 0.552353
5 0.580383 0.251085 0.839233 0.502171
5 0.573022 0.262238 0.853955 0.524476
5 0.580989 0.261906 0.838022 0.523812
5 0.565989 0.211918 0.868022 0.423835
5 0.560519 0.208736 0.878961 0.417471
5 0.562406 0.222367 0.875188 0.444734
5 0.570855 0.249151 0.858290 0.498303
5 0.564425 0.236237 0.871150 0.472475