6 0.086207 0.527130 0.085193 0.531694
5 0.697658 0.293389 0.604683 0.299541
5 0.704126 0.271811 0.591747 0.277963
5 0.714674 0.295284 0.570651 0.301436
5 0.710465 0.251066 0.579070 0.257218
5 0.737783 0.274849 0.524433 0.281001
5 0.550673 0.267728 0.551898 0.273880
5 0.567816 0.268392 0.569041 0.274544
5 0.584223 0.268524 0.585448 0.274676
5 0.593542 0.247676 0.594767 0.253828
5 0.652682 0.270214 0.653907 0.276366
5 0.466397 0.265391 0.467622 0.271544
5 0.449990 0.265260 0.451215 0.271412
5 0.432847 0.264596 0.434072 0.270748
5 0.449257 0.308510 0.450482 0.314662
5 0.432349 0.308021 0.433574 0.314173
5 0.524613 0.332257 0.525838 0.338410
5 0.382371 0.262493 0.383596 0.268645
5 0.399513 0.263157 0.400738 0.269309
5 0.415921 0.263288 0.417146 0.269441
5 0.356198 0.283349 0.357423 0.289502
5 0.373691 0.284364 0.374916 0.290516
5 0.390683 0.284671 0.391908 0.290823
5 0.382220 0.306447 0.383446 0.312599
5 0.398862 0.306929 0.400087 0.313082
5 0.365395 0.261579 0.366620 0.267732
5 0.347902 0.260565 0.349127 0.266717
5 0.304904 0.280370 0.306129 0.286522
5 0.322280 0.280858 0.323505 0.287011
5 0.339272 0.282217 0.340497 0.288369
5 0.313901 0.258462 0.315126 0.264614
5 0.313055 0.302825 0.314280 0.308977
5 0.330225 0.303818 0.331450 0.309970
5 0.347217 0.305001 0.348442 0.311154
5 0.373691 0.327654 0.374916 0.333806
5 0.390332 0.328136 0.391558 0.334289
5 0.398745 0.350395 0.399970 0.356547
5 0.287966 0.324407 0.289192 0.330560
5 0.305342 0.325071 0.306568 0.331224
5 0.339261 0.327387 0.340486 0.333539
5 0.322334 0.326254 0.323560 0.332407
5 0.313917 0.349197 0.315142 0.355349
5 0.288629 0.279456 0.289854 0.285609
5 0.279404 0.301423 0.280629 0.307575
5 0.271458 0.324733 0.272684 0.330885
5 0.229278 0.345925 0.230503 0.352077
5 0.246148 0.346644 0.247373 0.352796
5 0.263524 0.347308 0.264749 0.353460
5 0.254704 0.278920 0.255929 0.285073
5 0.246220 0.301072 0.247445 0.307225
5 0.263391 0.302065 0.264616 0.308218
5 0.204155 0.323538 0.205380 0.329691
5 0.220663 0.323213 0.221888 0.329365
5 0.238039 0.323877 0.239264 0.330029
5 0.255374 0.369312 0.256600 0.375465
5 0.237999 0.368649 0.239224 0.374801
5 0.221433 0.278364 0.222658 0.284516
5 0.212455 0.301443 0.213680 0.307596
5 0.229626 0.301509 0.230851 0.307661
5 0.195510 0.300516 0.196736 0.306668
5 0.160124 0.300162 0.161349 0.306315
5 0.169706 0.321914 0.170931 0.328066
5 0.187082 0.322578 0.188307 0.328730
5 0.212442 0.345987 0.213667 0.352139
5 0.195368 0.345026 0.196593 0.351179
5 0.177992 0.344362 0.179218 0.350515
5 0.161484 0.344688 0.162710 0.350840
5 0.170142 0.279012 0.171367 0.285165
5 0.196239 0.256750 0.197464 0.262902
5 0.152295 0.366286 0.153520 0.372438
5 0.169335 0.366625 0.170560 0.372778
5 0.186711 0.367289 0.187936 0.373441
5 0.203784 0.368250 0.205009 0.374402
5 0.161122 0.388710 0.162347 0.394863
5 0.178427 0.389182 0.179653 0.395335
5 0.212877 0.390807 0.214102 0.396959
5 0.195537 0.389447 0.196763 0.395600
5 0.204137 0.413118 0.205362 0.419270
5 0.169189 0.411450 0.170414 0.417602
5 0.187204 0.411922 0.188429 0.418074
5 0.221476 0.414477 0.222701 0.420630
5 0.133816 0.409322 0.135041 0.415475
5 0.151831 0.409794 0.153056 0.415947
5 0.143391 0.387646 0.144616 0.393799
5 0.134475 0.364823 0.135700 0.370976
5 0.151443 0.321515 0.152668 0.327667
5 0.356402 0.371719 0.357627 0.377872
5 0.331122 0.438302 0.332347 0.444454
5 0.322548 0.414176 0.323773 0.420328
5 0.348084 0.394345 0.349309 0.400497
5 0.124581 0.431739 0.125806 0.437891
5 0.142596 0.432211 0.143821 0.438363
5 0.124173 0.474219 0.125398 0.480371
5 0.133536 0.453362 0.134761 0.459515
5 0.169575 0.455036 0.170800 0.461189
5 0.186790 0.455834 0.188015 0.461986
5 0.151966 0.454397 0.153191 0.460549
5 0.196407 0.478129 0.197632 0.484281
5 0.179442 0.477706 0.180667 0.483858
5 0.161333 0.476317 0.162558 0.482469
5 0.142903 0.475283 0.144128 0.481435
5 0.161706 0.520422 0.162931 0.526574
5 0.143597 0.519033 0.144822 0.525185
5 0.125167 0.517999 0.126392 0.524151
5 0.152465 0.497488 0.153690 0.503640
5 0.134035 0.496453 0.135260 0.502606
5 0.170574 0.498877 0.171799 0.505029
5 0.097439 0.538420 0.098664 0.544572
5 0.116549 0.539357 0.117774 0.545509
5 0.134979 0.540391 0.136204 0.546544
5 0.153234 0.542217 0.154459 0.548370
5 0.574526 0.376662 0.575752 0.382814
5 0.644716 0.248285 0.645942 0.254438
5 0.491651 0.244330 0.492876 0.250482
5 0.474637 0.243592 0.475863 0.249744
5 0.153692 0.585558 0.154917 0.591711
5 0.144782 0.607572 0.146007 0.613724
5 0.126527 0.605746 0.127752 0.611898
5 0.135146 0.584388 0.136371 0.590540
5 0.099188 0.627600 0.100413 0.633752
5 0.117569 0.626788 0.118794 0.632940
5 0.136145 0.627166 0.137370 0.633319
5 0.154400 0.628993 0.155625 0.635145