5 0.734572 0.140329 0.530855 0.280658
5 0.734296 0.126420 0.531408 0.252841
5 0.278409 0.129261 0.284249 0.258523
5 0.264678 0.140447 0.266730 0.280895
5 0.279987 0.144886 0.284249 0.289773
5 0.211490 0.151101 0.214173 0.302202
5 0.284249 0.176432 0.290088 0.352865
5 0.287721 0.161754 0.295928 0.323509
5 0.333742 0.160347 0.332602 0.320693
5 0.335385 0.166193 0.338068 0.332386
5 0.329072 0.152521 0.331124 0.305043
5 0.334122 0.124797 0.328612 0.249595
5 0.329388 0.183890 0.331755 0.367779
5 0.317404 0.158352 0.317404 0.316704
5 0.315884 0.181790 0.309235 0.363580
5 0.278269 0.167043 0.277319 0.334086
5 0.270670 0.145101 0.263641 0.290202
5 0.253952 0.142251 0.247493 0.284503
5 0.262691 0.162555 0.260981 0.325110
5 0.238374 0.170748 0.231345 0.341496
5 0.253572 0.209004 0.252622 0.418008
5 0.670636 0.126917 0.658729 0.253834
5 0.694198 0.122568 0.611604 0.245137
5 0.262202 0.137421 0.264640 0.274843
5 0.222550 0.178469 0.223320 0.356937
5 0.231276 0.189825 0.230250 0.379650
5 0.246162 0.195311 0.245905 0.390622
5 0.251679 0.241507 0.252706 0.483014
5 0.242184 0.256376 0.244878 0.512753
5 0.219855 0.238090 0.221652 0.476181
5 0.222807 0.205224 0.221909 0.410448
5 0.230250 0.215089 0.222422 0.430177
5 0.245777 0.221922 0.244622 0.443844
5 0.275547 0.250891 0.267976 0.501781
5 0.280167 0.275769 0.282477 0.551538
5 0.289406 0.284960 0.288123 0.569920
5 0.235382 0.266867 0.235511 0.533733
5 0.226010 0.301669 0.232955 0.603338
5 0.251936 0.264605 0.249626 0.529210
5 0.268233 0.238042 0.266436 0.476085
5 0.204585 0.255462 0.212028 0.510924
5 0.203687 0.285201 0.197399 0.570402
5 0.192394 0.309069 0.194063 0.618138
5 0.208435 0.309694 0.210103 0.619389
5 0.218316 0.291408 0.217289 0.582817
5 0.173916 0.230872 0.174943 0.461745
5 0.211129 0.194397 0.214851 0.388793
5 0.198169 0.190306 0.199324 0.380613
5 0.379489 0.158498 0.373971 0.316997
5 0.364731 0.157488 0.358187 0.314976
5 0.421322 0.123515 0.421065 0.247029
5 0.457124 0.144976 0.458407 0.289953
5 0.519873 0.142474 0.513457 0.284948
5 0.535400 0.150751 0.534630 0.301502
5 0.533475 0.175533 0.531294 0.351066