6 0.285125 0.394562 0.570251 0.399729
5 0.385051 0.472576 0.770103 0.469276
5 0.396243 0.472872 0.792486 0.469572
5 0.390239 0.492883 0.780479 0.489583
5 0.401283 0.492735 0.802565 0.489435
5 0.407138 0.472576 0.814276 0.469276
5 0.374305 0.471242 0.748609 0.467942
5 0.363113 0.470945 0.726226 0.467645
5 0.302183 0.449122 0.604367 0.445822
5 0.263751 0.466815 0.527501 0.463515
5 0.209324 0.465950 0.418647 0.462650
5 0.483964 0.475333 0.967929 0.472033
5 0.489346 0.494922 0.978692 0.491622
5 0.484101 0.435416 0.968202 0.432116
5 0.542804 0.496049 0.914392 0.492749
5 0.540623 0.516620 0.918753 0.513320
5 0.537430 0.473409 0.925141 0.470109
5 0.535432 0.495626 0.929135 0.492327
5 0.531736 0.495362 0.936529 0.492063