5 0.130086 0.472215 0.260173 0.472543
5 0.135772 0.494929 0.271544 0.495257
5 0.141882 0.474236 0.283764 0.474564
5 0.148539 0.494215 0.297077 0.494542
5 0.166573 0.516177 0.333146 0.516505
5 0.160084 0.495606 0.320168 0.495934
5 0.172226 0.496141 0.344451 0.496469
5 0.178743 0.475072 0.357486 0.475400
5 0.184992 0.496141 0.369985 0.496469
5 0.179441 0.557648 0.358881 0.557976
5 0.167427 0.557583 0.334853 0.557911
5 0.155238 0.556797 0.310477 0.557125
5 0.143229 0.556674 0.286458 0.557001
5 0.131464 0.556203 0.262927 0.556531
5 0.209233 0.538057 0.418467 0.538385
5 0.196847 0.537928 0.393693 0.538256
5 0.190715 0.516424 0.381430 0.516752
5 0.203266 0.517312 0.406531 0.517640
5 0.184897 0.537286 0.369794 0.537614
5 0.197244 0.578507 0.394489 0.578835
5 0.203106 0.558528 0.406213 0.558855
5 0.209631 0.496307 0.419262 0.496635
5 0.197160 0.496532 0.394320 0.496860
5 0.221566 0.497103 0.443131 0.497431
5 0.215598 0.517631 0.431197 0.517959
5 0.215678 0.476257 0.431356 0.476584
5 0.203027 0.476097 0.406054 0.476425
5 0.233898 0.496625 0.467797 0.496953
5 0.227772 0.475938 0.455544 0.476266
5 0.227843 0.559374 0.455686 0.559702
5 0.221478 0.579800 0.442956 0.580127
5 0.209091 0.579671 0.418182 0.579999
5 0.215510 0.559055 0.431020 0.559383
5 0.264391 0.517260 0.528782 0.517588
5 0.252244 0.517869 0.504488 0.518197
5 0.239694 0.517166 0.479387 0.517494
5 0.270142 0.496110 0.540285 0.496438
5 0.258459 0.496348 0.516918 0.496676
5 0.245909 0.495645 0.491817 0.495973
5 0.300530 0.517891 0.601060 0.518219
5 0.288383 0.518500 0.576765 0.518828
5 0.282047 0.496276 0.564095 0.496604
5 0.294598 0.496980 0.589196 0.497307
5 0.276385 0.518271 0.552769 0.518598
5 0.269993 0.538091 0.539987 0.538419
5 0.281987 0.539102 0.563974 0.539430
5 0.293985 0.539331 0.587970 0.539659
5 0.305974 0.539827 0.611949 0.540155
5 0.347863 0.519271 0.695726 0.519599
5 0.336176 0.518654 0.672351 0.518982
5 0.324178 0.518271 0.648355 0.518598
5 0.312184 0.517566 0.624368 0.517894
5 0.318088 0.497323 0.636177 0.497651
5 0.306357 0.497341 0.612715 0.497669
5 0.330312 0.497261 0.660624 0.497589
5 0.342080 0.498257 0.684160 0.498585
5 0.354304 0.499642 0.708608 0.499969
5 0.354415 0.539683 0.708830 0.540011
5 0.342387 0.540430 0.684773 0.540758
5 0.330389 0.540047 0.660777 0.540375
5 0.318395 0.539343 0.636790 0.539671
5 0.276218 0.559239 0.552437 0.559567
5 0.288212 0.560250 0.576424 0.560578
5 0.300210 0.560479 0.600420 0.560807
5 0.312199 0.560975 0.624399 0.561303
5 0.324364 0.560491 0.648729 0.560819
5 0.335846 0.560854 0.671692 0.561182
5 0.348271 0.560896 0.696541 0.561224
5 0.360725 0.559979 0.721450 0.560307
5 0.367121 0.536955 0.734241 0.537283
5 0.372749 0.559979 0.745498 0.560307
5 0.385370 0.560832 0.770739 0.561159
5 0.391547 0.538823 0.783095 0.539151
5 0.378927 0.537970 0.757853 0.538298
5 0.409598 0.517393 0.819197 0.517721
5 0.397846 0.517313 0.795693 0.517641
5 0.422147 0.518745 0.844294 0.519073
5 0.433817 0.518131 0.867635 0.518458
5 0.445155 0.519570 0.890310 0.519897
5 0.457455 0.520825 0.914909 0.521153
5 0.469090 0.520360 0.938180 0.520688
5 0.480857 0.519815 0.961714 0.520143
5 0.498709 0.542014 0.997418 0.542342
5 0.451048 0.540795 0.902097 0.541123
5 0.439533 0.540788 0.879067 0.541116
5 0.427450 0.539592 0.854901 0.539920
5 0.474918 0.541006 0.949837 0.541334
5 0.502658 0.541316 0.994683 0.541644
5 0.463162 0.540992 0.926325 0.541320
5 0.372141 0.349832 0.744282 0.350160
5 0.359924 0.346263 0.719848 0.346591
5 0.385097 0.351765 0.770194 0.352093
5 0.398047 0.349755 0.796093 0.350083
5 0.410489 0.350148 0.820979 0.350476
5 0.404965 0.328631 0.809929 0.328959
5 0.391650 0.329867 0.783299 0.330195
5 0.452705 0.328897 0.905410 0.329225
5 0.509136 0.521296 0.981728 0.521624
5 0.504890 0.520504 0.990221 0.520832
5 0.500809 0.519876 0.998383 0.520204
5 0.492956 0.520443 0.985912 0.520771
5 0.487549 0.499057 0.975098 0.499385
5 0.500000 0.499463 1.000000 0.499791
5 0.511215 0.501594 0.977571 0.501921
5 0.507178 0.500941 0.985644 0.501269
5 0.456938 0.561662 0.913877 0.561990
5 0.445423 0.561656 0.890847 0.561983
5 0.469052 0.561859 0.938105 0.562187
5 0.480808 0.561873 0.961617 0.562201
5 0.421740 0.561895 0.843479 0.562223
5 0.409119 0.561043 0.818238 0.561370
5 0.397471 0.560433 0.794941 0.560760
5 0.391021 0.581842 0.782042 0.582170
5 0.403122 0.581444 0.806245 0.581771
5 0.414771 0.582054 0.829541 0.582381
5 0.427391 0.582906 0.854783 0.583234
5 0.433155 0.561798 0.866310 0.562126
5 0.439406 0.582384 0.878813 0.582712
5 0.450822 0.582286 0.901644 0.582614
5 0.463090 0.582144 0.926180 0.582472
5 0.474605 0.582151 0.949210 0.582478
5 0.486659 0.583659 0.973319 0.583987
5 0.492633 0.562690 0.985266 0.563018
5 0.486493 0.541229 0.972986 0.541557
5 0.500634 0.563047 0.998731 0.563375
5 0.518864 0.542490 0.962272 0.542818
5 0.514722 0.543607 0.970557 0.543935
5 0.525261 0.519891 0.949477 0.520219
5 0.506675 0.542039 0.986650 0.542367
5 0.508670 0.563929 0.982660 0.564257
5 0.504637 0.563301 0.990726 0.563629
5 0.512577 0.563781 0.974845 0.564109
5 0.516658 0.564409 0.966683 0.564737
5 0.518574 0.584497 0.962852 0.584825
5 0.506548 0.584135 0.986904 0.584463
5 0.502545 0.583881 0.994910 0.584209
5 0.510581 0.584763 0.978838 0.585091
5 0.527049 0.541829 0.945902 0.542157
5 0.523041 0.541969 0.953918 0.542297
5 0.521113 0.521149 0.957773 0.521477
5 0.519412 0.499896 0.961176 0.500224
5 0.523351 0.499337 0.953299 0.499664
5 0.515264 0.502413 0.969472 0.502741
5 0.535145 0.540985 0.929711 0.541313
5 0.539235 0.542157 0.921530 0.542485
5 0.541284 0.521173 0.917432 0.521501
5 0.543388 0.500026 0.913224 0.500354
5 0.532969 0.562589 0.934062 0.562917
5 0.524793 0.563264 0.950415 0.563592
5 0.529289 0.520445 0.941421 0.520773
5 0.533337 0.520292 0.933326 0.520620
5 0.543190 0.542644 0.913620 0.542972
5 0.546982 0.583765 0.906036 0.584093
5 0.536762 0.603872 0.926477 0.604200
5 0.384179 0.602991 0.768358 0.603319
5 0.396681 0.602922 0.793362 0.603250
5 0.408624 0.602795 0.817248 0.603123
5 0.293459 0.581397 0.586919 0.581725
5 0.305449 0.581893 0.610897 0.582220
5 0.317614 0.581409 0.635227 0.581737
5 0.329571 0.581582 0.659141 0.581910
5 0.341520 0.581814 0.683040 0.582142
5 0.353974 0.580897 0.707949 0.581224
5 0.365998 0.580897 0.731996 0.581224
5 0.378904 0.581749 0.757808 0.582077
5 0.360008 0.602195 0.720016 0.602523
5 0.347794 0.603526 0.695588 0.603854
5 0.335530 0.602732 0.671059 0.603060
5 0.372273 0.602005 0.744547 0.602332
5 0.341615 0.623650 0.683230 0.623978
5 0.353879 0.624444 0.707759 0.624772
5 0.366093 0.623113 0.732186 0.623441
5 0.390264 0.623909 0.780528 0.624237
5 0.402766 0.623840 0.805532 0.624167
5 0.414709 0.623712 0.829419 0.624040
5 0.378454 0.623493 0.756907 0.623821
5 0.426625 0.623549 0.853250 0.623877
5 0.480318 0.603044 0.960636 0.603372
5 0.468803 0.603037 0.937606 0.603365
5 0.456535 0.603180 0.913070 0.603508
5 0.433104 0.603800 0.866209 0.604128
5 0.420484 0.602947 0.840968 0.603275
5 0.498169 0.624823 0.996338 0.625151
5 0.438899 0.624693 0.877798 0.625021
5 0.462329 0.624563 0.924659 0.624891
5 0.474598 0.624420 0.949195 0.624748
5 0.486113 0.624427 0.972225 0.624755
5 0.131694 0.597924 0.263388 0.598252
5 0.167657 0.599303 0.335314 0.599631
5 0.179671 0.599369 0.359342 0.599697
5 0.155469 0.598517 0.310938 0.598845
5 0.143459 0.598394 0.286919 0.598722
5 0.149130 0.577311 0.298260 0.577639
5 0.137121 0.577188 0.274241 0.577516
5 0.161318 0.578097 0.322637 0.578425
5 0.173332 0.578163 0.346665 0.578491
5 0.142831 0.515024 0.285663 0.515352
5 0.567392 0.458051 0.865215 0.458379
5 0.559270 0.457083 0.881460 0.457411
5 0.563437 0.457563 0.873125 0.457891
5 0.561593 0.435666 0.876813 0.435994
5 0.545034 0.563850 0.909932 0.564178
5 0.541079 0.563363 0.917842 0.563691
5 0.536989 0.562191 0.926023 0.562519
5 0.526601 0.626214 0.946798 0.626542
5 0.530620 0.625815 0.938760 0.626143
5 0.528668 0.605483 0.942664 0.605811
5 0.526683 0.583801 0.946633 0.584129
5 0.524616 0.604887 0.950767 0.605215
5 0.516471 0.605420 0.967059 0.605748
5 0.520522 0.605431 0.958955 0.605759
5 0.538944 0.583373 0.922111 0.583701
5 0.534860 0.583569 0.930280 0.583897
5 0.551208 0.542001 0.897585 0.542329
5 0.555171 0.500224 0.889659 0.500552
5 0.559338 0.500705 0.881325 0.501032
5 0.508264 0.646227 0.983471 0.646555
5 0.512333 0.646341 0.975333 0.646669
5 0.516306 0.646733 0.967388 0.647061
5 0.510428 0.625663 0.979143 0.625990
5 0.506410 0.624935 0.987179 0.625263
5 0.502375 0.625559 0.995250 0.625886
5 0.500453 0.645926 0.999095 0.646254
5 0.514204 0.666803 0.971592 0.666394
5 0.518176 0.666901 0.963647 0.666198
5 0.522264 0.666875 0.955472 0.666250
5 0.520393 0.646629 0.959213 0.646957
5 0.190956 0.599114 0.381912 0.599442
5 0.215190 0.600407 0.430379 0.600735
5 0.202803 0.600278 0.405606 0.600606
5 0.246252 0.580709 0.492504 0.581037
5 0.233865 0.580580 0.467731 0.580908