5 0.703744 0.494115 0.592512 0.495449
5 0.707745 0.494612 0.584510 0.495946
5 0.709870 0.473255 0.580260 0.474589
5 0.705593 0.470607 0.588814 0.471940
5 0.707717 0.450243 0.584565 0.451577
5 0.703468 0.447263 0.593063 0.448597
5 0.699247 0.443787 0.601507 0.445121
5 0.694997 0.440807 0.610005 0.442141
5 0.692790 0.460508 0.614420 0.461842
5 0.697177 0.465640 0.605646 0.466974
5 0.701371 0.468289 0.597257 0.469623
5 0.690196 0.481202 0.619607 0.482536
5 0.694197 0.481699 0.611605 0.483032
5 0.692183 0.502890 0.615634 0.504223
5 0.688210 0.503552 0.623580 0.504886
5 0.686196 0.527061 0.627609 0.528394
5 0.690334 0.525902 0.619331 0.527236
5 0.694418 0.526398 0.611164 0.527732
5 0.712050 0.496268 0.575901 0.497601
5 0.716271 0.493287 0.567458 0.494621
5 0.713469 0.522673 0.573063 0.524007
5 0.718583 0.519724 0.562833 0.521058
5 0.709343 0.523280 0.581314 0.524614
5 0.723500 0.514207 0.552999 0.517313
5 0.720470 0.488887 0.559060 0.490220
5 0.727844 0.500482 0.544313 0.501816
5 0.724461 0.483152 0.551078 0.484485
5 0.722021 0.461784 0.555958 0.463117
5 0.713927 0.468185 0.572146 0.469519
5 0.717822 0.462919 0.564356 0.464253
5 0.726175 0.460620 0.547649 0.461954
5 0.731762 0.499339 0.536476 0.500673
5 0.733585 0.477298 0.532829 0.478631
5 0.729286 0.479094 0.541429 0.480427
5 0.715672 0.442837 0.568655 0.444171
5 0.719871 0.441701 0.560258 0.443035
5 0.711886 0.448593 0.576227 0.449926
5 0.716090 0.550241 0.567819 0.551575
5 0.721464 0.545725 0.557073 0.547058
5 0.726174 0.544890 0.547652 0.547996
5 0.723786 0.573549 0.552428 0.576655
5 0.718231 0.575262 0.563539 0.578368
5 0.713494 0.573448 0.573011 0.574782
5 0.711132 0.550709 0.577736 0.552042
5 0.729134 0.522547 0.541731 0.523881
5 0.735763 0.499339 0.528474 0.500673
5 0.739736 0.498843 0.520527 0.500176
5 0.737559 0.476801 0.524883 0.478135
5 0.741778 0.522848 0.516444 0.524182
5 0.737860 0.522186 0.524280 0.523519
5 0.741421 0.477629 0.517157 0.478963
5 0.745641 0.523676 0.508718 0.525009
5 0.743654 0.500333 0.512691 0.501666
5 0.733859 0.521358 0.532282 0.522692
5 0.730671 0.543007 0.538658 0.548175
5 0.745592 0.478827 0.508816 0.480161
5 0.747575 0.500632 0.504850 0.501966
5 0.731213 0.457369 0.537574 0.458703
5 0.735461 0.456124 0.529078 0.457457
5 0.739426 0.455902 0.521149 0.457236
5 0.743544 0.457101 0.512912 0.458435
5 0.724022 0.439614 0.551955 0.440947
5 0.728348 0.439614 0.543304 0.440948
5 0.732936 0.436278 0.534128 0.437612
5 0.737236 0.435296 0.525528 0.436630
5 0.741476 0.434720 0.517047 0.436054
5 0.745500 0.434720 0.509000 0.436054
5 0.747568 0.457101 0.504865 0.458435
5 0.738715 0.410756 0.522569 0.412729
5 0.742888 0.410454 0.514224 0.412427
5 0.747111 0.411286 0.505778 0.413259
5 0.682051 0.482048 0.635897 0.483381
5 0.686221 0.481192 0.627557 0.482525
5 0.680219 0.461417 0.639561 0.462751
5 0.688336 0.459050 0.623327 0.460384
5 0.684192 0.460392 0.631616 0.461726
5 0.684095 0.504397 0.631810 0.505731
5 0.681827 0.526046 0.636346 0.527380
5 0.696165 0.502724 0.607669 0.504058
5 0.690761 0.438863 0.618478 0.440196
5 0.729645 0.415061 0.540709 0.417033
5 0.725341 0.416752 0.549318 0.418724
5 0.721088 0.417059 0.557824 0.419032
5 0.716963 0.416752 0.566075 0.418724
5 0.712842 0.418999 0.574316 0.420972
5 0.701180 0.421846 0.597640 0.423819
5 0.697034 0.418400 0.605931 0.420373
5 0.678825 0.417167 0.642350 0.419140
5 0.681855 0.440216 0.636290 0.441549
5 0.686289 0.438101 0.627423 0.439435
5 0.692750 0.416201 0.614499 0.418174
5 0.674260 0.421563 0.651481 0.423536
5 0.677078 0.437797 0.645844 0.439770
5 0.674491 0.498679 0.651017 0.500013
5 0.671656 0.471745 0.656688 0.473078
5 0.666836 0.471461 0.666328 0.472795
5 0.668818 0.499500 0.662365 0.502557
5 0.661531 0.498679 0.664254 0.500013
5 0.639835 0.502597 0.643824 0.505654
5 0.666986 0.527199 0.666027 0.528533
5 0.651840 0.528445 0.654563 0.529779
5 0.648074 0.473980 0.652063 0.477037
5 0.630572 0.474224 0.633295 0.475558
5 0.668604 0.448729 0.662791 0.450063
5 0.659189 0.449119 0.661913 0.450453
5 0.666518 0.426426 0.666964 0.427760
5 0.632112 0.429028 0.634835 0.430362
5 0.671311 0.526817 0.657379 0.529874
5 0.676254 0.526427 0.647493 0.529483
5 0.660685 0.552770 0.663408 0.554103
5 0.668935 0.552119 0.662130 0.553453
5 0.643254 0.552119 0.645978 0.553453
5 0.600832 0.502119 0.604821 0.505176
5 0.610878 0.526071 0.614867 0.529128
5 0.621982 0.551514 0.625971 0.554571
5 0.608720 0.470717 0.612710 0.473774
5 0.589872 0.472250 0.593861 0.475307
5 0.582088 0.451232 0.584811 0.452565
5 0.563467 0.454127 0.566190 0.455461
5 0.573345 0.475757 0.576068 0.477091
5 0.555997 0.531009 0.558720 0.532342
5 0.582897 0.500336 0.585621 0.501669
5 0.572712 0.529371 0.576701 0.532428
5 0.564510 0.502886 0.567233 0.504220
5 0.534164 0.531379 0.538153 0.534436
5 0.542868 0.504405 0.546857 0.507462
5 0.551190 0.477000 0.555179 0.480057
5 0.522972 0.503544 0.526961 0.506601
5 0.525316 0.453233 0.528039 0.454567
5 0.544975 0.452379 0.547698 0.453713
5 0.515257 0.475622 0.517981 0.476956
5 0.535027 0.476484 0.537750 0.477818
5 0.615255 0.429152 0.617978 0.430485
5 0.587545 0.424414 0.589440 0.426387
5 0.570688 0.427637 0.572583 0.429610
5 0.553335 0.426397 0.555230 0.428371
5 0.513080 0.426453 0.514976 0.428426
5 0.532798 0.426782 0.534693 0.428755
5 0.495530 0.427137 0.497426 0.429110
5 0.487244 0.449184 0.489140 0.451157
5 0.504309 0.447260 0.506205 0.449233
5 0.461597 0.431132 0.463492 0.433105
5 0.478358 0.429561 0.480253 0.431533
5 0.497328 0.476763 0.500051 0.478097
5 0.471455 0.502402 0.474179 0.503736
5 0.506295 0.504621 0.509019 0.505955
5 0.488673 0.506045 0.491396 0.507379
5 0.462957 0.477073 0.465680 0.478406
5 0.454459 0.500416 0.457182 0.501750
5 0.497503 0.529554 0.500226 0.530887
5 0.463730 0.527732 0.466453 0.529066
5 0.480064 0.530216 0.482787 0.531549
5 0.513591 0.529040 0.517580 0.532097
5 0.471020 0.451336 0.472915 0.453309
5 0.479779 0.476929 0.482502 0.478263
5 0.439724 0.499720 0.442447 0.501054
5 0.447261 0.476197 0.449984 0.477531
5 0.422626 0.454117 0.425349 0.455450
5 0.431580 0.474680 0.434303 0.476013
5 0.405123 0.452902 0.407846 0.454236
5 0.428210 0.429539 0.430106 0.431512
5 0.444819 0.430092 0.446715 0.432065
5 0.438864 0.453206 0.441587 0.454540
5 0.448602 0.528497 0.451325 0.529831
5 0.433333 0.530075 0.436056 0.531408
5 0.417860 0.528991 0.420583 0.530325
5 0.370615 0.533943 0.373338 0.535277
5 0.386913 0.532705 0.389636 0.534039
5 0.402182 0.531128 0.404905 0.532462
5 0.364322 0.555141 0.367045 0.556475
5 0.395271 0.553564 0.397994 0.554898
5 0.380002 0.555141 0.382725 0.556475
5 0.362053 0.512899 0.364776 0.514233
5 0.377939 0.511971 0.380662 0.513304
5 0.393208 0.510393 0.395931 0.511727
5 0.353823 0.491129 0.356546 0.492462
5 0.384749 0.489195 0.387472 0.490529
5 0.369480 0.490772 0.372203 0.492106
5 0.423978 0.501726 0.426701 0.503060
5 0.345893 0.470314 0.348616 0.471647
5 0.361550 0.469957 0.364274 0.471291
5 0.376896 0.468952 0.379619 0.470286
5 0.369271 0.449166 0.371994 0.450500
5 0.353926 0.450171 0.356649 0.451505
5 0.338269 0.450528 0.340992 0.451862
5 0.385740 0.449395 0.388463 0.450729
5 0.393365 0.469181 0.396088 0.470514
5 0.400379 0.488394 0.403102 0.489728
5 0.297882 0.469817 0.300606 0.471151
5 0.314864 0.470619 0.317587 0.471953
5 0.330209 0.469614 0.332932 0.470948
5 0.322364 0.450160 0.325087 0.451493
5 0.306577 0.450171 0.309301 0.451505
5 0.290258 0.450031 0.292981 0.451365
5 0.375122 0.426559 0.377018 0.428532
5 0.393387 0.428105 0.395283 0.430078
5 0.411268 0.429477 0.413164 0.431450
5 0.279432 0.426393 0.281328 0.428366
5 0.295600 0.426781 0.297495 0.428754
5 0.311384 0.425669 0.313280 0.427642
5 0.342950 0.426828 0.344845 0.428801
5 0.243532 0.450654 0.246256 0.451988
5 0.274704 0.449381 0.277427 0.450714
5 0.282549 0.469382 0.285273 0.470715
5 0.267204 0.469840 0.269927 0.471174
5 0.251157 0.470440 0.253880 0.471774
5 0.259209 0.449749 0.261932 0.451082
5 0.259671 0.491311 0.262394 0.492644
5 0.275719 0.490711 0.278442 0.492045
5 0.291064 0.489706 0.293787 0.491040
5 0.306397 0.490688 0.309120 0.492022
5 0.338724 0.490485 0.341447 0.491818
5 0.322548 0.490867 0.325271 0.492201
5 0.252092 0.512026 0.254815 0.513359
5 0.284522 0.511200 0.287245 0.512533
5 0.299544 0.511870 0.302267 0.513204
5 0.268139 0.511426 0.270862 0.512760
5 0.315119 0.511870 0.317842 0.513204
5 0.331270 0.512049 0.333993 0.513383
5 0.346927 0.511667 0.349650 0.513001
5 0.260744 0.532533 0.263467 0.533867
5 0.293037 0.532538 0.295760 0.533871
5 0.323633 0.533208 0.326357 0.534542
5 0.339784 0.533387 0.342507 0.534721
5 0.355441 0.533005 0.358164 0.534339
5 0.276653 0.532764 0.279376 0.534098
5 0.308058 0.533208 0.310781 0.534542
5 0.269751 0.555489 0.272474 0.556823
5 0.285798 0.554890 0.288521 0.556223
5 0.317203 0.555333 0.319926 0.556667
5 0.332779 0.555333 0.335502 0.556667
5 0.348930 0.555513 0.351653 0.556846
5 0.302182 0.554663 0.304905 0.555997
5 0.262228 0.575623 0.264952 0.576957
5 0.278571 0.576351 0.281294 0.577685
5 0.294954 0.576125 0.297677 0.577459
5 0.309976 0.576795 0.312699 0.578129
5 0.325551 0.576795 0.328274 0.578129
5 0.212236 0.490244 0.214959 0.491578
5 0.243993 0.490643 0.246716 0.491976
5 0.227919 0.490373 0.230642 0.491707
5 0.204345 0.510276 0.207068 0.511610
5 0.236101 0.510675 0.238824 0.512008
5 0.220028 0.510405 0.222751 0.511739
5 0.211603 0.449926 0.214326 0.451260
5 0.227279 0.449020 0.230002 0.450354
5 0.171686 0.468937 0.174410 0.470271
5 0.187369 0.469066 0.190092 0.470400
5 0.188198 0.429966 0.190921 0.431299
5 0.203881 0.430095 0.206604 0.431429
5 0.163674 0.489152 0.166397 0.490485
5 0.179357 0.489280 0.182080 0.490614
5 0.156146 0.510094 0.158869 0.511428
5 0.171829 0.510223 0.174552 0.511557
5 0.164888 0.531219 0.167611 0.532553
5 0.180571 0.531348 0.183294 0.532682
5 0.196644 0.531617 0.199367 0.532951
5 0.212513 0.531511 0.215236 0.532845
5 0.228677 0.531588 0.231400 0.532922
5 0.244598 0.532003 0.247321 0.533337
5 0.157550 0.552816 0.160273 0.554150
5 0.173233 0.552945 0.175956 0.554279
5 0.189307 0.553215 0.192030 0.554549
5 0.205175 0.553109 0.207899 0.554443
5 0.221339 0.553186 0.224063 0.554519
5 0.237261 0.553601 0.239984 0.554935
5 0.253545 0.554338 0.256268 0.555672
5 0.150351 0.573791 0.153074 0.575125
5 0.166034 0.573920 0.168757 0.575254
5 0.182107 0.574189 0.184831 0.575523
5 0.197976 0.574084 0.200699 0.575417
5 0.214140 0.574160 0.216863 0.575494
5 0.230062 0.574576 0.232785 0.575909
5 0.246346 0.575313 0.249069 0.576647
5 0.156965 0.595436 0.159688 0.596770
5 0.173399 0.594663 0.176122 0.595997
5 0.190826 0.595609 0.193549 0.596943
5 0.206694 0.595503 0.209417 0.596837
5 0.222858 0.595580 0.225581 0.596914
5 0.238780 0.595995 0.241503 0.597329
5 0.303113 0.597799 0.305837 0.599133
5 0.287192 0.597384 0.289915 0.598717
5 0.271028 0.597307 0.273751 0.598641
5 0.255160 0.597413 0.257883 0.598746
5 0.248245 0.617930 0.250968 0.619264
5 0.231715 0.616964 0.234438 0.618297
5 0.214591 0.616774 0.217314 0.618107
5 0.198427 0.616697 0.201150 0.618031
5 0.181807 0.616803 0.184530 0.618137
5 0.164831 0.617435 0.167554 0.618769
5 0.174151 0.639306 0.176874 0.640640
5 0.191126 0.638674 0.193849 0.640007
5 0.207747 0.638568 0.210470 0.639901
5 0.223911 0.638644 0.226634 0.639978
5 0.240433 0.638383 0.243156 0.639717
5 0.256963 0.639350 0.259686 0.640684
5 0.249996 0.660465 0.252719 0.661799
5 0.233466 0.659498 0.236189 0.660832
5 0.216517 0.659119 0.219240 0.660453
5 0.209453 0.669493 0.212176 0.661015
5 0.225930 0.669660 0.228653 0.660680
5 0.699874 0.496164 0.600251 0.497498
5 0.593970 0.525765 0.596693 0.527099
5 0.636772 0.576687 0.639495 0.578021
5 0.604254 0.551876 0.606977 0.553210
5 0.457371 0.553049 0.460094 0.554382
5 0.426628 0.553542 0.429351 0.554876