6 0.284449 0.447712 0.278543 0.444021
5 0.747097 0.490667 0.505806 0.493966
5 0.749080 0.472299 0.501841 0.475599
5 0.728355 0.456164 0.543290 0.459463
5 0.732776 0.455640 0.534448 0.458940
5 0.737262 0.455844 0.525475 0.459143
5 0.743393 0.491482 0.513215 0.494782
5 0.712494 0.475147 0.575012 0.478447
5 0.710894 0.456111 0.578212 0.459411
5 0.744875 0.472509 0.510250 0.475809
5 0.673849 0.454876 0.652302 0.458176
5 0.678074 0.455007 0.643852 0.458306
5 0.675980 0.473854 0.648040 0.477154
5 0.672279 0.473985 0.655443 0.477285
5 0.633834 0.472401 0.636849 0.475701
5 0.608805 0.453709 0.611820 0.457009
5 0.533358 0.472401 0.536373 0.475701
5 0.526068 0.452750 0.529082 0.456050
5 0.517296 0.471718 0.520311 0.475017
5 0.548168 0.474452 0.551182 0.477751
5 0.465349 0.485729 0.468364 0.489029
5 0.391560 0.487130 0.394575 0.490430
5 0.398845 0.469380 0.401860 0.472680
5 0.414122 0.467149 0.417137 0.470449
5 0.384816 0.505722 0.387831 0.509022
5 0.376540 0.486148 0.379554 0.489448
5 0.326642 0.544654 0.329656 0.547954
5 0.311787 0.543424 0.314801 0.546724
5 0.256765 0.559948 0.259780 0.563248
5 0.249968 0.579320 0.252983 0.582620
5 0.296190 0.543634 0.299204 0.546934
5 0.250512 0.618332 0.253526 0.621632
5 0.227129 0.634583 0.230144 0.637882
5 0.234878 0.617045 0.237892 0.620345
5 0.218687 0.613752 0.221702 0.617052
5 0.243377 0.636581 0.246391 0.639881
5 0.212127 0.666705 0.215142 0.666590
5 0.219876 0.652583 0.222891 0.655883
5 0.349490 0.521535 0.352505 0.524835
5 0.326339 0.501249 0.329354 0.504549
5 0.272052 0.521489 0.275067 0.524789
5 0.682268 0.454288 0.635464 0.457587
5 0.734663 0.510847 0.530673 0.514147