5 0.175622 0.126654 0.176957 0.253308
5 0.193286 0.126650 0.194620 0.253299
5 0.211108 0.127385 0.212442 0.254771
5 0.139535 0.126358 0.140869 0.252717
5 0.149704 0.143448 0.151038 0.286896
5 0.176443 0.159688 0.177777 0.319376
5 0.121162 0.125620 0.122496 0.251241
5 0.130184 0.143337 0.131519 0.286674
5 0.140683 0.160500 0.142017 0.320999
5 0.121982 0.160684 0.123317 0.321368
5 0.111976 0.142783 0.113310 0.285566
5 0.102297 0.125436 0.103631 0.250871
5 0.160531 0.192722 0.161865 0.385444
5 0.142652 0.194087 0.143986 0.388175
5 0.132809 0.209958 0.134143 0.419917
5 0.151510 0.209774 0.152844 0.419548
5 0.122803 0.193534 0.124137 0.387067
5 0.179067 0.193276 0.180401 0.386551
5 0.169719 0.210143 0.171053 0.420286
5 0.150852 0.176851 0.152186 0.353702
5 0.161188 0.226199 0.162523 0.452397
5 0.102789 0.159946 0.104124 0.319892
5 0.113124 0.176740 0.114458 0.353480
5 0.084089 0.125436 0.085423 0.250871