5 0.739465 0.383759 0.521070 0.387311
5 0.737650 0.407434 0.524700 0.410038
5 0.702888 0.392519 0.594223 0.392282
5 0.699495 0.391098 0.601010 0.393229
5 0.697443 0.366477 0.605114 0.371449
5 0.695391 0.394176 0.609217 0.397017
5 0.693261 0.367188 0.613479 0.371922
5 0.694800 0.348485 0.610401 0.351799
5 0.690933 0.348011 0.618134 0.350616
5 0.687145 0.352036 0.625710 0.353693
5 0.685764 0.371449 0.628472 0.373816
5 0.689157 0.371922 0.621686 0.374290
5 0.674006 0.375473 0.651989 0.378078
5 0.673808 0.353930 0.652383 0.355587
5 0.677083 0.348722 0.645833 0.352983
5 0.653251 0.355824 0.659407 0.354167
5 0.632279 0.347900 0.632594 0.350978
5 0.680082 0.331203 0.639836 0.334991
5 0.619160 0.354167 0.620423 0.355824
5 0.606534 0.356061 0.612532 0.357718
5 0.588226 0.348958 0.590593 0.354403
5 0.572759 0.350379 0.574179 0.355587
5 0.598958 0.377367 0.600694 0.379261
5 0.604324 0.388494 0.604956 0.395123
5 0.557292 0.353220 0.557765 0.355114
5 0.298611 0.363400 0.301926 0.367424
5 0.231553 0.419159 0.232500 0.421764
5 0.255524 0.442235 0.260890 0.445786
5 0.217803 0.460464 0.219697 0.463305
5 0.230903 0.457386 0.231692 0.460464
5 0.211490 0.401042 0.213699 0.403646
5 0.201073 0.416903 0.201231 0.418797
5 0.210701 0.441051 0.211490 0.442472
5 0.275884 0.381392 0.276515 0.383286
5 0.290404 0.383523 0.295928 0.387784
5 0.305398 0.378788 0.306187 0.382812
5 0.299103 0.403771 0.302260 0.405902
5 0.282132 0.401752 0.283395 0.404119
5 0.214015 0.483665 0.220013 0.481297
5 0.223773 0.467330 0.223773 0.471828