6 0.682825 0.413017 0.634350 0.411909
5 0.748525 0.486859 0.502949 0.490159
5 0.748311 0.448090 0.503378 0.451390
5 0.721927 0.467763 0.556147 0.471063
5 0.725341 0.467063 0.549318 0.470362
5 0.728908 0.466676 0.542184 0.469976
5 0.732568 0.465948 0.534865 0.469247
5 0.734356 0.447192 0.531287 0.450492
5 0.730563 0.446817 0.538874 0.450117
5 0.726812 0.447404 0.546376 0.450704
5 0.730829 0.485405 0.538342 0.488705
5 0.718125 0.503508 0.563749 0.506808
5 0.720138 0.485823 0.559724 0.489122
5 0.714450 0.503276 0.571100 0.506575
5 0.716510 0.447335 0.566979 0.450635
5 0.516931 0.465078 0.519946 0.468378
5 0.531140 0.465087 0.534155 0.468387
5 0.545487 0.464819 0.548501 0.468119
5 0.559889 0.464682 0.562904 0.467982
5 0.523635 0.483296 0.526649 0.486596
5 0.566672 0.482664 0.569687 0.485964
5 0.552190 0.482919 0.555205 0.486219
5 0.582209 0.446464 0.585223 0.449764
5 0.567017 0.446601 0.570032 0.449901
5 0.552434 0.446633 0.555449 0.449933
5 0.545220 0.428009 0.548235 0.431309
5 0.523956 0.446956 0.526971 0.450256
5 0.503609 0.428501 0.506623 0.431801
5 0.544554 0.503101 0.547569 0.506401
5 0.509281 0.520374 0.512296 0.523674
5 0.424115 0.447454 0.427129 0.450754
5 0.438324 0.446904 0.441338 0.450204
5 0.453187 0.446636 0.456201 0.449936
5 0.430748 0.427734 0.433763 0.431034
5 0.402360 0.466831 0.405375 0.470131
5 0.416471 0.466133 0.419485 0.469433
5 0.423181 0.483426 0.426196 0.486726
5 0.430236 0.502010 0.433251 0.505310
5 0.437880 0.483331 0.440895 0.486631
5 0.460069 0.465220 0.463084 0.468520
5 0.460758 0.427665 0.463772 0.430965
5 0.308081 0.447763 0.311096 0.451062
5 0.322290 0.447772 0.325305 0.451072
5 0.315106 0.429641 0.318121 0.432940
5 0.293742 0.485054 0.296756 0.488354
5 0.300767 0.466932 0.303782 0.470232
5 0.272699 0.504145 0.275714 0.507445
5 0.279724 0.486023 0.282739 0.489323
5 0.293753 0.558808 0.296767 0.562107
5 0.278725 0.447483 0.281740 0.450783
5 0.264992 0.521748 0.268007 0.525048
5 0.322979 0.484282 0.325993 0.487582
5 0.337383 0.483893 0.340398 0.487193
5 0.359823 0.503625 0.362838 0.506924
5 0.508900 0.558754 0.511915 0.562054
5 0.501969 0.578638 0.504983 0.581938
5 0.725419 0.577844 0.549162 0.581144
5 0.723498 0.559115 0.553004 0.562414
5 0.732642 0.576526 0.534716 0.579825
5 0.734545 0.559869 0.530910 0.563169
5 0.711084 0.617225 0.577832 0.620525
5 0.709190 0.598001 0.581620 0.601301
5 0.707204 0.578565 0.585592 0.581864
5 0.694818 0.559945 0.610363 0.563245
5 0.748905 0.562453 0.502189 0.565752
5 0.687340 0.558739 0.625320 0.562039
5 0.653789 0.559221 0.656803 0.562521
5 0.644782 0.539922 0.647797 0.543222
5 0.610285 0.560519 0.613300 0.563819
5 0.624767 0.560264 0.627781 0.563564
5 0.331294 0.503090 0.334309 0.506390
5 0.373290 0.428980 0.376304 0.432280
5 0.687899 0.445790 0.624202 0.449090