5 0.136492 0.132715 0.272984 0.265431
5 0.191183 0.133827 0.382366 0.267654
5 0.180265 0.132766 0.360530 0.265532
5 0.169197 0.132715 0.338393 0.265431
5 0.157867 0.132891 0.315734 0.265781
5 0.147355 0.133066 0.294709 0.266132
5 0.141982 0.147958 0.283964 0.295916
5 0.131236 0.148484 0.262472 0.296967
5 0.148100 0.163289 0.296200 0.326579
5 0.159341 0.163063 0.318682 0.326127
5 0.197635 0.149299 0.395270 0.298597
5 0.202862 0.133960 0.405724 0.267921
4 0.231819 0.133785 0.463638 0.267570
4 0.300381 0.134273 0.600763 0.268547
4 0.359202 0.142346 0.718404 0.284692
5 0.125700 0.163627 0.251399 0.327255
5 0.259502 0.135433 0.519005 0.270866
5 0.247823 0.135152 0.495647 0.270304
5 0.293228 0.134881 0.586455 0.269762
5 0.326528 0.134148 0.653055 0.268295
5 0.337731 0.133727 0.675461 0.267455
5 0.360812 0.134017 0.721623 0.268034
5 0.371799 0.133715 0.743599 0.267430
5 0.525483 0.143899 0.949035 0.287798
5 0.521686 0.144273 0.956627 0.288546
5 0.523656 0.128713 0.952688 0.257425
5 0.527310 0.128588 0.945379 0.257176
5 0.514206 0.145183 0.971587 0.290365
5 0.516176 0.129622 0.967648 0.259245
5 0.518003 0.144809 0.963995 0.289617
5 0.551581 0.141843 0.896837 0.283686
5 0.544141 0.142691 0.911717 0.285382
5 0.540426 0.142476 0.919149 0.284953
5 0.536669 0.143065 0.926661 0.286130
5 0.532913 0.142833 0.934175 0.285667
5 0.547869 0.142098 0.904261 0.284195
5 0.560927 0.126050 0.878146 0.252100
5 0.557215 0.126066 0.885570 0.252132
5 0.553487 0.126898 0.893026 0.253796
5 0.549771 0.126684 0.900457 0.253367
5 0.563287 0.141562 0.873426 0.283123
5 0.559336 0.141816 0.881327 0.283633
5 0.564957 0.125334 0.870085 0.250668
5 0.531055 0.188351 0.937891 0.376702
5 0.534812 0.188582 0.930377 0.377165
5 0.538568 0.187994 0.922864 0.375988
5 0.542284 0.188208 0.915433 0.376417
5 0.546012 0.187741 0.907977 0.375481
5 0.549890 0.187361 0.900219 0.374721
5 0.548016 0.172584 0.903969 0.345169
5 0.551783 0.172204 0.896434 0.344409
5 0.544176 0.173052 0.911647 0.346104
5 0.540461 0.172838 0.919079 0.345676
5 0.536704 0.173426 0.926591 0.346852
5 0.557288 0.156874 0.885425 0.313748
5 0.549820 0.157346 0.900360 0.314692
5 0.546048 0.157132 0.907903 0.314263
5 0.553603 0.156878 0.892793 0.313756
5 0.570649 0.200510 0.858701 0.401020
5 0.566799 0.200765 0.866402 0.401529
5 0.563071 0.201358 0.873858 0.402715
5 0.559237 0.201766 0.881527 0.403533
5 0.555441 0.202177 0.889118 0.404354
5 0.551684 0.202390 0.896632 0.404781
5 0.576979 0.154191 0.846042 0.308382
5 0.574818 0.139700 0.850365 0.279400
5 0.578876 0.138984 0.842247 0.277968
5 0.568946 0.155211 0.862107 0.310422
5 0.572897 0.154956 0.854206 0.309912
5 0.561292 0.156869 0.877415 0.313738
5 0.332477 0.148227 0.664955 0.296454
5 0.326710 0.162984 0.653420 0.325968
5 0.377097 0.148710 0.754193 0.297419
5 0.570516 0.230295 0.858967 0.460589
5 0.566703 0.230577 0.866595 0.461154
5 0.562823 0.231142 0.874355 0.462285
5 0.559063 0.231026 0.881873 0.462052
5 0.568663 0.215616 0.862673 0.431232
5 0.564824 0.216084 0.870352 0.432168
5 0.572431 0.215236 0.855138 0.430472
5 0.576344 0.214454 0.847313 0.428907
5 0.561199 0.187226 0.877602 0.374452
5 0.553666 0.187406 0.892668 0.374812
5 0.557423 0.187015 0.885154 0.374030
5 0.565014 0.186462 0.869972 0.372924
5 0.563039 0.171936 0.873922 0.343873
5 0.559204 0.172345 0.881591 0.344690
5 0.519854 0.159435 0.960291 0.318870
5 0.521707 0.174202 0.956585 0.348404
5 0.523620 0.189321 0.952759 0.378642
5 0.527396 0.188852 0.945208 0.377705
5 0.525513 0.173822 0.948974 0.347644
5 0.523607 0.159049 0.952787 0.318098