6 0.196181 0.314867 0.194287 0.312737
5 0.477746 0.352983 0.480114 0.351089
5 0.497001 0.341856 0.496212 0.336648
5 0.513258 0.350142 0.514205 0.348485
5 0.483112 0.376184 0.489426 0.370265
5 0.442077 0.355350 0.445076 0.352509
5 0.432765 0.349195 0.433870 0.347301
5 0.488794 0.396070 0.495107 0.394176
5 0.491319 0.371212 0.495107 0.375947
5 0.507369 0.374830 0.520305 0.374830
5 0.523591 0.374522 0.536526 0.374522
5 0.517019 0.354503 0.529954 0.354503
5 0.537757 0.374214 0.550693 0.374214
5 0.553567 0.375445 0.566503 0.375445
5 0.560137 0.354811 0.573073 0.354811
5 0.530570 0.395466 0.543505 0.395466
5 0.515170 0.395159 0.528106 0.395159
5 0.403265 0.350192 0.416201 0.350192
5 0.586016 0.333570 0.588226 0.335464
5 0.571181 0.334754 0.574653 0.334517
5 0.553030 0.354877 0.555713 0.353220
5 0.512626 0.333807 0.518466 0.334991
5 0.501263 0.333097 0.504261 0.330966
5 0.448074 0.333097 0.454388 0.331439
5 0.436237 0.331203 0.439078 0.325284
5 0.418718 0.331913 0.424716 0.325994
5 0.482639 0.332623 0.486427 0.330966
5 0.500947 0.413826 0.502525 0.412405
5 0.623895 0.339252 0.631944 0.330966
5 0.307765 0.350379 0.309975 0.348248
5 0.319287 0.350379 0.321970 0.348248
5 0.298138 0.329072 0.300663 0.325284
5 0.278093 0.329309 0.284091 0.326468