4 0.201902 0.415483 0.403804 0.418561
4 0.242345 0.456439 0.484691 0.455492
5 0.140191 0.461411 0.280382 0.458807
5 0.149262 0.477189 0.298525 0.469613
5 0.154595 0.455088 0.309191 0.443488
5 0.158309 0.432277 0.316618 0.420677
5 0.158104 0.455019 0.316209 0.455729
5 0.171125 0.456439 0.342251 0.454545
5 0.184182 0.456272 0.368364 0.453668
5 0.188214 0.435683 0.376428 0.434262
5 0.165875 0.435836 0.331750 0.434652
5 0.131150 0.504247 0.262301 0.502353
5 0.126928 0.521780 0.253857 0.519886
5 0.146777 0.501413 0.293553 0.503781
5 0.169508 0.479167 0.339015 0.476799
5 0.176049 0.477823 0.352098 0.478296
5 0.201973 0.477029 0.403947 0.471820
5 0.190104 0.453598 0.380208 0.455019
5 0.196654 0.498816 0.393308 0.496922
5 0.208549 0.452622 0.417098 0.448835
5 0.201705 0.433942 0.403409 0.430627
5 0.213976 0.432292 0.427951 0.430161
5 0.215306 0.452400 0.430612 0.452874
5 0.232481 0.451705 0.464962 0.448627
5 0.225221 0.432765 0.450442 0.431345
5 0.215231 0.414758 0.430462 0.415468
5 0.212555 0.498106 0.425110 0.500473
5 0.174874 0.520597 0.349747 0.522254
5 0.232567 0.497625 0.465135 0.495495
5 0.223011 0.479403 0.446023 0.477746
5 0.257615 0.433949 0.515230 0.433475
5 0.259416 0.454316 0.518831 0.455500
5 0.244749 0.478176 0.489497 0.477466
5 0.250129 0.500466 0.500259 0.498572
5 0.272519 0.455004 0.545038 0.452637
5 0.286397 0.454753 0.572794 0.451675
5 0.281921 0.471591 0.563842 0.459754
5 0.263982 0.477081 0.527963 0.478501
5 0.241584 0.521351 0.483167 0.526086
5 0.232644 0.523424 0.465288 0.522240
5 0.267282 0.524148 0.534564 0.521307
5 0.289062 0.432765 0.578125 0.431345
5 0.294113 0.453835 0.588226 0.453598
5 0.285354 0.472775 0.570707 0.474195
5 0.279526 0.523866 0.559052 0.521972
5 0.364623 0.472538 0.729246 0.471591
5 0.341383 0.495975 0.682765 0.494792
5 0.350852 0.495975 0.701705 0.495028
5 0.341935 0.473011 0.683870 0.473391
5 0.334002 0.474789 0.668003 0.472422
5 0.373777 0.473248 0.747554 0.474669
5 0.389954 0.472301 0.779908 0.471591
5 0.388039 0.451521 0.776079 0.453415
5 0.399611 0.478099 0.799221 0.475021
5 0.372633 0.498343 0.745265 0.495028
5 0.345481 0.522669 0.690961 0.520065
5 0.413392 0.473958 0.826783 0.471591
5 0.407081 0.453715 0.814162 0.452531
4 0.432015 0.448153 0.864031 0.445786
5 0.434904 0.449869 0.869808 0.451052
5 0.318300 0.455966 0.636600 0.454309
5 0.310727 0.477036 0.621454 0.474905
5 0.448014 0.454067 0.896028 0.452884
5 0.459814 0.458155 0.919628 0.456261
5 0.467569 0.456676 0.935137 0.456913
5 0.469894 0.435369 0.939789 0.436080
5 0.477667 0.418087 0.955335 0.416430
4 0.483018 0.405919 0.966035 0.407576
5 0.478654 0.454782 0.957307 0.453362
5 0.500654 0.454721 0.998692 0.451644
5 0.509193 0.436790 0.981613 0.433949
5 0.510338 0.457623 0.979324 0.456439
5 0.510062 0.477509 0.979877 0.471591
5 0.515112 0.455492 0.969776 0.453835
5 0.511324 0.435369 0.977352 0.434186
5 0.517914 0.453835 0.964173 0.455019
5 0.513849 0.477273 0.972301 0.475379
5 0.510338 0.500237 0.979324 0.497869
5 0.509785 0.495265 0.980429 0.483665
5 0.503867 0.498580 0.992266 0.496449
5 0.491675 0.500000 0.983349 0.497396
5 0.456795 0.495739 0.913589 0.496922
5 0.381274 0.496686 0.762547 0.495028
5 0.369279 0.450758 0.738557 0.451468
5 0.385574 0.450758 0.771149 0.448627
5 0.377446 0.522746 0.754893 0.520853
5 0.411932 0.521070 0.823864 0.518466
5 0.390943 0.496701 0.781885 0.497411
5 0.438171 0.467803 0.876342 0.471591
5 0.457189 0.476089 0.914378 0.471591
5 0.464769 0.479182 0.929537 0.477762
5 0.478535 0.472313 0.957071 0.466394
5 0.486541 0.478227 0.973083 0.476807
5 0.468040 0.497869 0.936080 0.498106
5 0.448198 0.499313 0.896397 0.496472
5 0.445786 0.518466 0.891572 0.506866
5 0.521820 0.474669 0.956360 0.471828
5 0.518782 0.496212 0.962437 0.493371
5 0.515112 0.497633 0.969776 0.494792
5 0.504840 0.518202 0.990321 0.510626
5 0.494238 0.526961 0.988476 0.527198
5 0.506327 0.525149 0.987347 0.523019
5 0.510342 0.522281 0.979315 0.519914
5 0.512863 0.524621 0.974274 0.520597
5 0.524463 0.453598 0.951073 0.454072
5 0.525647 0.432292 0.948706 0.430634
5 0.527803 0.476924 0.944394 0.475076
5 0.533165 0.473567 0.933669 0.468122
5 0.534485 0.455492 0.931029 0.454309
5 0.528449 0.495265 0.943103 0.482955
5 0.527975 0.498106 0.944050 0.500000
5 0.535936 0.483665 0.928127 0.481061
5 0.536932 0.502367 0.926136 0.500710
5 0.541815 0.498580 0.916369 0.495739
5 0.538536 0.476089 0.922928 0.475852
5 0.525608 0.522254 0.948785 0.522491
5 0.523714 0.521544 0.952573 0.520597
5 0.535275 0.522491 0.929451 0.521070
5 0.536695 0.521780 0.926610 0.523674
5 0.546836 0.497396 0.906329 0.498106
5 0.545735 0.477773 0.908529 0.475880
5 0.557554 0.475169 0.884891 0.471618
5 0.553464 0.496686 0.893071 0.498343
5 0.558002 0.518466 0.883996 0.516098
5 0.549755 0.520123 0.900489 0.517519
5 0.546165 0.521780 0.907670 0.520597
5 0.542890 0.521070 0.914220 0.519176
5 0.562022 0.501976 0.875956 0.501502
5 0.559186 0.475852 0.881629 0.477509
5 0.565875 0.498552 0.868250 0.494764
5 0.566288 0.512784 0.867424 0.505682
5 0.564157 0.542140 0.871686 0.540246
5 0.565437 0.560870 0.869127 0.561580
5 0.570747 0.560369 0.858507 0.561553
5 0.567850 0.535945 0.864301 0.539773
5 0.573035 0.516098 0.853930 0.513021
5 0.565893 0.477509 0.868213 0.480824
5 0.576958 0.559422 0.846084 0.559186
5 0.585025 0.553240 0.829949 0.549452
5 0.576802 0.580128 0.846397 0.577997
5 0.587989 0.512547 0.824021 0.506866
5 0.577002 0.598722 0.845996 0.596354
5 0.575709 0.616978 0.848582 0.612480
5 0.187943 0.477036 0.375886 0.475616
5 0.192195 0.521544 0.384391 0.518466
5 0.324219 0.522727 0.648438 0.521544
5 0.308752 0.521307 0.617503 0.522964
5 0.298453 0.524621 0.596907 0.522964
5 0.296557 0.498660 0.593115 0.495582
5 0.307094 0.498816 0.614189 0.497159
5 0.298005 0.473669 0.596009 0.474616
5 0.284841 0.499290 0.569681 0.498106
5 0.275410 0.499053 0.550821 0.497633
5 0.262311 0.499290 0.524621 0.497869
5 0.265309 0.541903 0.530619 0.530066
5 0.258128 0.523201 0.516256 0.521544
5 0.368805 0.521780 0.737610 0.518703