5 0.158691 0.419678 0.317383 0.432861
5 0.156494 0.424072 0.312988 0.419678
5 0.125732 0.415283 0.251465 0.402100
5 0.171891 0.441716 0.343783 0.441716
5 0.165171 0.367685 0.330342 0.367685
5 0.177102 0.367421 0.354204 0.367421
5 0.218018 0.413086 0.436035 0.419678
5 0.239990 0.419678 0.479980 0.428467
5 0.265991 0.413086 0.531982 0.413086
5 0.272949 0.432861 0.545898 0.415283
5 0.284302 0.382324 0.568604 0.382324
5 0.295288 0.399902 0.590576 0.399902
5 0.297119 0.424072 0.594238 0.410889
5 0.283936 0.428467 0.567871 0.415283
5 0.279541 0.454834 0.559082 0.437256
5 0.417969 0.397705 0.835938 0.384521
5 0.419800 0.426270 0.839600 0.426270
5 0.424927 0.399902 0.849854 0.399902
5 0.455322 0.397705 0.910645 0.384521
5 0.459717 0.377930 0.919434 0.384521
5 0.466675 0.399902 0.933350 0.399902
5 0.477295 0.397705 0.954590 0.384521
4 0.590576 0.402100 0.818848 0.397705
5 0.515869 0.391113 0.968262 0.388916
5 0.514771 0.410889 0.970459 0.413086
5 0.520264 0.388916 0.959473 0.375732
5 0.519165 0.391113 0.961670 0.391113
5 0.533081 0.369141 0.933838 0.369141
5 0.524658 0.375732 0.950684 0.388916
5 0.522461 0.353760 0.955078 0.358154
5 0.522461 0.366943 0.955078 0.353760
5 0.514771 0.369141 0.970459 0.369141
5 0.505249 0.351562 0.989502 0.351562
5 0.510010 0.358154 0.979980 0.362549
5 0.507080 0.397705 0.985840 0.415283
5 0.512207 0.388916 0.975586 0.375732
5 0.530151 0.369141 0.939697 0.369141
5 0.532349 0.391113 0.935303 0.391113
5 0.534546 0.393311 0.930908 0.391113
5 0.526123 0.391113 0.947754 0.402100
5 0.534912 0.349365 0.930176 0.362549
5 0.536743 0.391113 0.926514 0.391113
5 0.548096 0.448242 0.903809 0.459229
5 0.539673 0.474609 0.920654 0.474609
5 0.535278 0.457031 0.929443 0.457031
5 0.464478 0.355957 0.928955 0.355957
5 0.171875 0.413086 0.343750 0.419678
5 0.209595 0.439453 0.419189 0.439453
5 0.257935 0.417480 0.515869 0.413086
5 0.262329 0.351562 0.524658 0.355957
5 0.260864 0.380127 0.521729 0.373535
5 0.320923 0.452637 0.641846 0.452637
5 0.334473 0.454834 0.668945 0.468018
5 0.352417 0.452637 0.704834 0.448242
5 0.349487 0.426270 0.698975 0.426270
5 0.364868 0.421875 0.729736 0.421875
5 0.371460 0.421875 0.742920 0.421875
5 0.371826 0.397705 0.743652 0.384521
5 0.407349 0.426270 0.814697 0.426270
5 0.403136 0.384233 0.806271 0.384233
5 0.480452 0.357828 0.960905 0.357828
5 0.486986 0.378316 0.973632 0.378316
5 0.502686 0.415283 0.994629 0.402100
5 0.504150 0.393311 0.991699 0.375732
5 0.504883 0.437256 0.990234 0.424072
5 0.505615 0.395508 0.988770 0.402100
5 0.505615 0.432861 0.988770 0.437256
5 0.508545 0.369141 0.982910 0.380127
5 0.536011 0.413086 0.927979 0.413086
5 0.553589 0.492188 0.892822 0.492188
5 0.590942 0.547119 0.818115 0.544922
5 0.592041 0.538330 0.815918 0.525146
5 0.411011 0.448242 0.822021 0.448242