6 0.142875 0.593358 0.148206 0.641338
5 0.694458 0.525146 0.611084 0.536133
5 0.700317 0.529541 0.599365 0.531738
5 0.493652 0.505371 0.502441 0.505371
5 0.218262 0.641602 0.213867 0.648193
5 0.301758 0.529541 0.306152 0.536133
5 0.316406 0.529541 0.320801 0.536133
5 0.619629 0.500977 0.613770 0.500977
5 0.644531 0.485596 0.644531 0.494385
5 0.662109 0.481201 0.662109 0.494385
5 0.710205 0.489990 0.579590 0.503174
5 0.701050 0.503174 0.597900 0.509766
5 0.697388 0.503174 0.605225 0.509766
5 0.693726 0.487793 0.612549 0.492188
5 0.679810 0.536133 0.640381 0.536133
5 0.687134 0.533936 0.625732 0.531738
5 0.682007 0.514160 0.635986 0.514160
5 0.687866 0.529541 0.624268 0.536133
5 0.681641 0.474609 0.636719 0.476807
5 0.717896 0.560303 0.564209 0.571289
5 0.703247 0.571289 0.593506 0.571289
5 0.720093 0.525146 0.559814 0.527344
5 0.721558 0.498779 0.556885 0.500977