6 0.163748 0.524236 0.164880 0.529672
5 0.331825 0.526557 0.329944 0.525203
5 0.324182 0.545293 0.322301 0.543938
5 0.309549 0.544733 0.307668 0.543379
5 0.294916 0.543755 0.293035 0.542400
5 0.300508 0.523202 0.298627 0.521847
5 0.279444 0.542636 0.277563 0.541282
5 0.273107 0.563748 0.271226 0.562394
5 0.280506 0.583511 0.278625 0.582156
5 0.287815 0.564019 0.285933 0.562664
5 0.249285 0.542226 0.247404 0.540872
5 0.241435 0.563477 0.239554 0.562123
5 0.249736 0.582563 0.247855 0.581209
5 0.257587 0.563071 0.255706 0.561717
5 0.265437 0.583240 0.263556 0.581885
5 0.272836 0.603273 0.270955 0.601919
5 0.338615 0.546693 0.336734 0.545339
5 0.331126 0.566185 0.329245 0.564830
5 0.345834 0.567403 0.343953 0.566048
5 0.331216 0.607198 0.329335 0.605844
5 0.304922 0.458232 0.303041 0.456877
5 0.288905 0.455041 0.287024 0.453686
5 0.409905 0.458420 0.408024 0.457065
5 0.353597 0.547956 0.351716 0.546602
5 0.360354 0.568979 0.358473 0.567625
5 0.389509 0.570481 0.387628 0.569126
5 0.368112 0.549458 0.366231 0.548103
5 0.382627 0.550396 0.380746 0.549042
5 0.324067 0.586624 0.322186 0.585269
5 0.288405 0.605395 0.286524 0.604040
5 0.258499 0.641059 0.256618 0.639705
5 0.243859 0.641247 0.241978 0.639892
5 0.403761 0.571310 0.401880 0.569955
5 0.419298 0.528999 0.417417 0.527644
5 0.404402 0.529433 0.402521 0.528078
5 0.390345 0.530562 0.388463 0.529208
5 0.440775 0.552155 0.438894 0.550801
5 0.432856 0.573046 0.430975 0.571692
5 0.447720 0.532676 0.445839 0.531322
5 0.455169 0.552004 0.453288 0.550650
5 0.490214 0.533586 0.488333 0.532232
5 0.519181 0.575608 0.517299 0.574254
5 0.519623 0.534334 0.517742 0.532979
5 0.548022 0.576006 0.546141 0.574652
5 0.577499 0.576177 0.575618 0.574822
5 0.599123 0.555689 0.597242 0.554335
5 0.593091 0.535543 0.591210 0.534189
5 0.627803 0.555177 0.625922 0.553823
5 0.686441 0.558056 0.627118 0.556701
5 0.675743 0.559197 0.648514 0.557843
5 0.677386 0.578643 0.645229 0.577289
5 0.684461 0.578885 0.631078 0.577530
5 0.686430 0.602060 0.627141 0.600705
5 0.681049 0.621072 0.637902 0.619718
5 0.657626 0.556699 0.655745 0.555345
5 0.690153 0.559062 0.619694 0.557708
5 0.694012 0.560321 0.611977 0.558966
5 0.735691 0.580604 0.528619 0.579250
5 0.732247 0.580466 0.535507 0.579111
5 0.728742 0.581202 0.542515 0.579847
5 0.733907 0.559074 0.532186 0.557720
5 0.726606 0.604225 0.546788 0.602870
5 0.730173 0.602494 0.539655 0.601139
5 0.733845 0.601512 0.532311 0.600157
5 0.719140 0.602483 0.561721 0.601128
5 0.722685 0.603240 0.554629 0.601886
5 0.748221 0.559987 0.503558 0.558632
5 0.744697 0.561198 0.510607 0.559843
5 0.749904 0.538960 0.500193 0.537606
5 0.746499 0.580300 0.507003 0.578946
5 0.739253 0.580894 0.521495 0.579540
5 0.233326 0.543554 0.231445 0.542199
5 0.323673 0.505116 0.321792 0.503762
5 0.316187 0.524377 0.314306 0.523023
5 0.339747 0.507180 0.337866 0.505825
5 0.346105 0.528062 0.344224 0.526707
5 0.361347 0.528449 0.359466 0.527095