6 0.573573 0.283834 0.561270 0.282726
5 0.487431 0.339622 0.485968 0.330824
5 0.504397 0.339525 0.502933 0.330727
5 0.521297 0.339331 0.519834 0.330532
5 0.530363 0.361379 0.528900 0.352581
5 0.496432 0.362059 0.494969 0.353261
5 0.505303 0.383525 0.503840 0.374727
5 0.522463 0.383428 0.521000 0.374629
5 0.478690 0.316311 0.477226 0.307512
5 0.495655 0.316214 0.494192 0.307415
5 0.512556 0.316019 0.511092 0.307221
5 0.461938 0.316070 0.460475 0.307272
5 0.470520 0.339862 0.469056 0.331064
5 0.479681 0.362179 0.478217 0.353381
5 0.488792 0.384246 0.487329 0.375448
5 0.444385 0.315469 0.442922 0.306671
5 0.462128 0.361819 0.460664 0.353020
5 0.471961 0.383765 0.470497 0.374967
5 0.418928 0.338230 0.417464 0.329432
5 0.428391 0.361703 0.426927 0.352905
5 0.445777 0.361767 0.444314 0.352969
5 0.436758 0.338452 0.435295 0.329653
5 0.392004 0.315238 0.390541 0.306439
5 0.409496 0.315201 0.408033 0.306402
5 0.401603 0.337920 0.400140 0.329122
5 0.411039 0.361647 0.409576 0.352849
5 0.420567 0.384265 0.419104 0.375466
5 0.437919 0.384320 0.436455 0.375522
5 0.386175 0.383552 0.384712 0.374754
5 0.376362 0.359367 0.374899 0.350569
5 0.383966 0.336520 0.382503 0.327721
5 0.393429 0.359993 0.391966 0.351194
5 0.360401 0.358085 0.358938 0.349286
5 0.368979 0.381415 0.367516 0.372616
5 0.344196 0.358223 0.342733 0.349425
5 0.352556 0.380842 0.351092 0.372043
5 0.361949 0.404770 0.360486 0.395972
5 0.326582 0.359635 0.325118 0.350837
5 0.318514 0.336844 0.317051 0.328046
5 0.335809 0.382063 0.334346 0.373265
5 0.318807 0.381806 0.317343 0.373008
5 0.309579 0.359379 0.308116 0.350581
5 0.300999 0.337357 0.299536 0.328558
5 0.292541 0.315185 0.291077 0.306387
5 0.310226 0.314801 0.308763 0.306003
5 0.328088 0.404794 0.326625 0.395996
5 0.345090 0.405050 0.343627 0.396252
5 0.275165 0.316804 0.273702 0.308006
5 0.284055 0.338490 0.282592 0.329692
5 0.292851 0.360512 0.291388 0.351714
5 0.302079 0.382940 0.300615 0.374141
5 0.267111 0.340271 0.265648 0.331472
5 0.276339 0.361321 0.274876 0.352523
5 0.285243 0.383587 0.283779 0.374789
5 0.295172 0.406413 0.293708 0.397615
5 0.278336 0.406898 0.276872 0.398100
5 0.268407 0.384073 0.266944 0.375275
5 0.259395 0.362293 0.257932 0.353495
5 0.250275 0.340756 0.248812 0.331958
5 0.287401 0.428429 0.285938 0.419631
5 0.304561 0.429076 0.303098 0.420278
5 0.279968 0.450728 0.278505 0.441930
5 0.297128 0.451376 0.295664 0.442578
5 0.233743 0.341717 0.232280 0.332919
5 0.242863 0.363254 0.241400 0.354456
5 0.251875 0.385034 0.250411 0.376236
5 0.261803 0.407860 0.260340 0.399061
5 0.270869 0.429390 0.269406 0.420592
5 0.209670 0.365945 0.208207 0.357147
5 0.218682 0.387725 0.217218 0.378927
5 0.235214 0.386764 0.233751 0.377966
5 0.226202 0.364984 0.224739 0.356186
5 0.211120 0.409448 0.209657 0.400650
5 0.228165 0.410217 0.226702 0.401419
5 0.244826 0.408679 0.243363 0.399881
5 0.202918 0.431748 0.201455 0.422949
5 0.219963 0.432516 0.218500 0.423718
5 0.237136 0.431748 0.235673 0.422949
5 0.253601 0.430159 0.252138 0.421361
5 0.194844 0.453470 0.193381 0.444672
5 0.211889 0.454239 0.210426 0.445441
5 0.229062 0.453470 0.227599 0.444672
5 0.245527 0.451882 0.244064 0.443084
5 0.168773 0.516344 0.167309 0.507545
5 0.187332 0.516261 0.185869 0.507463
5 0.205168 0.515918 0.203704 0.507120
5 0.223241 0.515749 0.221778 0.506951
5 0.170059 0.558012 0.168595 0.549213
5 0.178133 0.536289 0.176669 0.527491
5 0.168447 0.473472 0.166984 0.464674
5 0.213307 0.495476 0.211843 0.486677
5 0.195376 0.495535 0.193913 0.486737
5 0.230623 0.495023 0.229160 0.486225
5 0.412847 0.405676 0.411383 0.396877
5 0.430070 0.405568 0.428607 0.396770
5 0.447170 0.404994 0.445706 0.396196
5 0.589231 0.338666 0.587768 0.329868
5 0.581267 0.361201 0.579803 0.352402
5 0.564515 0.361321 0.563052 0.352523
5 0.572266 0.338764 0.570803 0.329965
5 0.545753 0.315224 0.544290 0.306426
5 0.579796 0.315218 0.578333 0.306420
5 0.596762 0.315121 0.595298 0.306323
5 0.554570 0.291907 0.552891 0.284155
5 0.571403 0.292478 0.570175 0.284291
5 0.588413 0.292205 0.587185 0.284019
5 0.504115 0.293478 0.502436 0.285726
5 0.520890 0.294224 0.519662 0.286037
5 0.537260 0.292555 0.536032 0.284368
5 0.470400 0.293886 0.468721 0.286134
5 0.487175 0.294632 0.485947 0.286445
5 0.400209 0.292911 0.398530 0.285159
5 0.417349 0.293438 0.416121 0.285251
5 0.435603 0.293598 0.433924 0.285847
5 0.604791 0.291256 0.603563 0.283069
5 0.656219 0.293392 0.654991 0.285205
5 0.638576 0.293392 0.637347 0.285205
5 0.631179 0.315121 0.629716 0.306323
5 0.613818 0.313200 0.612355 0.304402
5 0.648664 0.315833 0.647201 0.307035
5 0.622945 0.338937 0.621481 0.330139
5 0.640521 0.339183 0.639057 0.330384
5 0.657708 0.339630 0.656245 0.330832
5 0.669034 0.339129 0.661931 0.330331
5 0.607134 0.382688 0.605671 0.373890
5 0.590169 0.382785 0.588705 0.373987
5 0.615809 0.361717 0.614346 0.352919
5 0.632620 0.361514 0.631157 0.352715
5 0.666219 0.362004 0.664755 0.353206
5 0.683613 0.316297 0.632774 0.307499
5 0.679524 0.315363 0.640952 0.306565
5 0.675249 0.315176 0.649503 0.306378
5 0.670942 0.315322 0.658117 0.306524
5 0.685642 0.294827 0.628715 0.286640
5 0.681427 0.293523 0.637146 0.285336
5 0.673144 0.292610 0.653713 0.284423
5 0.673137 0.337624 0.653726 0.328826
5 0.677422 0.337858 0.645155 0.329060
5 0.679487 0.360433 0.641025 0.351635
5 0.675202 0.360057 0.649596 0.351259
5 0.700586 0.316598 0.598827 0.307800
5 0.696271 0.317321 0.607458 0.308523
5 0.692021 0.318189 0.615958 0.309391
5 0.687739 0.317883 0.624522 0.309085
5 0.694231 0.339732 0.611539 0.330934
5 0.698430 0.339317 0.603139 0.330518
5 0.702746 0.338593 0.594509 0.329795
5 0.685705 0.339275 0.628589 0.330477
5 0.687990 0.361271 0.624020 0.352472
5 0.692122 0.361586 0.615757 0.352787
5 0.700655 0.359901 0.598691 0.351102
5 0.704970 0.359177 0.590060 0.350379
5 0.694148 0.382330 0.611704 0.373532
5 0.698463 0.381607 0.603073 0.372809
5 0.709258 0.315709 0.581484 0.306910
5 0.704893 0.316432 0.590213 0.307634
5 0.707176 0.338575 0.585648 0.329777
5 0.709326 0.360049 0.581348 0.351251
5 0.713641 0.359325 0.572717 0.350527
5 0.711491 0.338297 0.577017 0.329498
5 0.706964 0.295213 0.586073 0.287026
5 0.702748 0.294875 0.594504 0.286688
5 0.718123 0.314623 0.563753 0.305825
5 0.713623 0.315347 0.572754 0.306548
5 0.715815 0.337218 0.568369 0.328420
5 0.717920 0.359777 0.564160 0.350979
5 0.722100 0.356883 0.555801 0.348085
5 0.720085 0.336397 0.559829 0.327599
5 0.726284 0.353355 0.547433 0.344557
5 0.724180 0.329472 0.551639 0.320674
5 0.730620 0.351945 0.538761 0.343147
5 0.728516 0.328062 0.542967 0.319264
5 0.732874 0.326268 0.534253 0.317470
5 0.734827 0.352842 0.530345 0.344044
5 0.724138 0.379454 0.551725 0.370656
5 0.737039 0.327294 0.525922 0.318495
5 0.743013 0.353735 0.513974 0.344937