5 0.253946 0.135356 0.255636 0.270713
5 0.250620 0.151754 0.264301 0.303509
5 0.218348 0.149977 0.232028 0.299954
5 0.210900 0.165211 0.224580 0.330423
5 0.203452 0.180192 0.217132 0.360384
5 0.211351 0.194411 0.225032 0.388821
5 0.211577 0.223354 0.225257 0.446708
5 0.196004 0.224370 0.209684 0.448739
5 0.212929 0.252805 0.226610 0.505611
5 0.228728 0.252805 0.242408 0.505611
5 0.219697 0.132339 0.223643 0.264678
5 0.213857 0.148497 0.215436 0.296993
5 0.197915 0.164891 0.202177 0.329782
5 0.188289 0.149148 0.190499 0.298295
5 0.196652 0.134884 0.202492 0.269768