5 0.133483 0.470170 0.266967 0.477509
5 0.153172 0.441525 0.306345 0.444602
5 0.166154 0.479167 0.332307 0.476326
5 0.174124 0.447206 0.348248 0.454072
5 0.206242 0.439631 0.412484 0.441288
5 0.232718 0.443655 0.465436 0.446496
5 0.237610 0.477509 0.475221 0.480114
5 0.231889 0.495975 0.463778 0.500473
5 0.243568 0.486032 0.487137 0.489347
5 0.146022 0.443267 0.292044 0.443267
5 0.255560 0.504055 0.511121 0.504055
5 0.250244 0.443871 0.500488 0.443871
5 0.272964 0.443570 0.545928 0.443570
5 0.312085 0.464635 0.624169 0.464635
5 0.328937 0.484496 0.657874 0.484496
5 0.329238 0.445677 0.658476 0.445677
5 0.340974 0.445978 0.681949 0.445978
5 0.351958 0.445978 0.703916 0.445978
5 0.369262 0.465537 0.738523 0.465537
5 0.363695 0.485398 0.727389 0.485398
5 0.351958 0.485698 0.703916 0.485698
5 0.385512 0.446880 0.771023 0.446880
5 0.397549 0.446880 0.795097 0.446880
5 0.398000 0.487505 0.795999 0.487505
5 0.403416 0.426716 0.806833 0.426716
5 0.391680 0.427017 0.783360 0.427017
5 0.432455 0.447481 0.864910 0.447481
5 0.426588 0.467644 0.853175 0.467644
5 0.437722 0.467644 0.875443 0.467644
5 0.443740 0.447784 0.887479 0.447784
5 0.467213 0.447784 0.934425 0.447784
5 0.485204 0.446259 0.970407 0.447443
5 0.503709 0.470881 0.992582 0.482481
5 0.507497 0.471828 0.985006 0.477509
5 0.508444 0.505445 0.983112 0.505919
5 0.508799 0.500947 0.982402 0.495975
5 0.501736 0.494318 0.996528 0.500947
5 0.488045 0.509706 0.976089 0.518939
5 0.471551 0.489347 0.943103 0.494555
5 0.501657 0.459754 0.996686 0.462358
5 0.494515 0.459991 0.989031 0.463778
5 0.510259 0.447443 0.979482 0.448864
5 0.518229 0.506392 0.963542 0.503551
5 0.512271 0.535511 0.975458 0.541903
5 0.526121 0.526042 0.947759 0.522964
5 0.530737 0.500710 0.938526 0.505445
5 0.508996 0.424716 0.982008 0.427320
5 0.510772 0.438920 0.978456 0.442472
5 0.502880 0.442235 0.994239 0.430398
5 0.549755 0.502131 0.900489 0.499527
5 0.565144 0.529593 0.869713 0.535985
5 0.570786 0.559422 0.858428 0.547585
5 0.570904 0.547585 0.858191 0.554451
5 0.585572 0.507064 0.828857 0.507064
5 0.583343 0.564342 0.833315 0.564342
5 0.581307 0.582367 0.837385 0.582367
5 0.577431 0.583530 0.845138 0.583530
5 0.575783 0.564051 0.848434 0.564051
5 0.589012 0.623073 0.821976 0.623073
5 0.586880 0.641681 0.826240 0.641681
5 0.587171 0.669942 0.825659 0.660116
5 0.585038 0.661742 0.829923 0.661742
5 0.579466 0.563177 0.841068 0.563177
5 0.583246 0.603009 0.833509 0.603009
5 0.585038 0.623071 0.829923 0.623071
5 0.581307 0.622199 0.837386 0.622199
5 0.577382 0.621908 0.845236 0.621908
5 0.559344 0.504564 0.881312 0.504564
5 0.555612 0.466186 0.888775 0.466186
5 0.570352 0.449100 0.859296 0.450994
5 0.543837 0.448627 0.912326 0.452652
5 0.527857 0.489110 0.944287 0.500710
5 0.532197 0.482008 0.935606 0.478693
5 0.532197 0.450284 0.935606 0.459991