4 0.074217 0.700000 0.148434 0.125000
4 0.112500 0.606250 0.187500 0.125000
4 0.170316 0.506250 0.187500 0.125000
4 0.073439 0.501563 0.146878 0.125000
4 0.231253 0.612500 0.187500 0.125000
4 0.171872 0.709375 0.187500 0.125000
4 0.226566 0.818750 0.187500 0.125000
4 0.165628 0.906250 0.187500 0.125000
4 0.342187 0.612500 0.187500 0.125000
4 0.401559 0.514062 0.187500 0.125000
4 0.515625 0.520312 0.187500 0.125000
4 0.631247 0.521875 0.187500 0.125000
4 0.578128 0.623437 0.187500 0.125000
4 0.520312 0.718750 0.187500 0.125000
4 0.403125 0.721875 0.187500 0.125000
4 0.460941 0.825000 0.187500 0.125000
4 0.579684 0.826562 0.187500 0.125000
4 0.635934 0.723437 0.187500 0.125000
4 0.690628 0.625000 0.187500 0.125000