4 0.812503 0.257812 0.187500 0.125000
4 0.910156 0.257812 0.179688 0.125000
4 0.911717 0.446875 0.176566 0.125000
4 0.939842 0.542188 0.120316 0.125000
4 0.635934 0.365625 0.187500 0.125000
4 0.476559 0.264062 0.187500 0.125000
3 0.415622 0.367188 0.187500 0.125000
3 0.578128 0.460938 0.187500 0.125000
3 0.793753 0.642188 0.187500 0.125000
3 0.904687 0.639062 0.187500 0.125000
3 0.931250 0.735938 0.137500 0.125000
3 0.621872 0.742188 0.187500 0.125000
0 0.410934 0.742188 0.187500 0.125000
1 0.301566 0.745313 0.187500 0.125000
6 0.520312 0.745313 0.187500 0.125000
6 0.737503 0.740625 0.187500 0.125000
6 0.843750 0.732812 0.187500 0.125000
1 0.193753 0.746875 0.187500 0.125000
3 0.065625 0.262500 0.131250 0.125000
3 0.101559 0.160938 0.187500 0.125000