1 0.317184 0.284375 0.187500 0.125000
1 0.199997 0.284375 0.187500 0.125000
1 0.140625 0.385937 0.187500 0.125000
1 0.056250 0.385937 0.112500 0.125000
1 0.086719 0.484375 0.173437 0.125000
1 0.203128 0.485938 0.187500 0.125000
1 0.054689 0.578125 0.109378 0.125000
1 0.059377 0.950781 0.118753 0.098437
1 0.146878 0.950000 0.187500 0.100000
1 0.317184 0.481250 0.187500 0.125000
1 0.498441 0.393750 0.187500 0.125000
1 0.382809 0.581250 0.187500 0.125000
1 0.506250 0.587500 0.187500 0.125000
1 0.565622 0.496875 0.187500 0.125000
1 0.625003 0.395313 0.187500 0.125000
1 0.753122 0.404687 0.187500 0.125000
1 0.320316 0.678125 0.187500 0.125000
1 0.387497 0.778125 0.187500 0.125000
1 0.510938 0.782813 0.187500 0.125000
1 0.631247 0.781250 0.187500 0.125000
1 0.570309 0.685937 0.187500 0.125000
1 0.629691 0.585938 0.187500 0.125000
1 0.815625 0.878125 0.187500 0.125000
1 0.750000 0.785937 0.187500 0.125000
1 0.692184 0.689063 0.187500 0.125000
1 0.753122 0.592187 0.187500 0.125000
1 0.689063 0.879687 0.187500 0.125000
1 0.573441 0.879687 0.187500 0.125000
1 0.637500 0.954688 0.187500 0.090625
1 0.759375 0.957031 0.187500 0.085938
1 0.879684 0.960938 0.187500 0.078125
2 0.878128 0.785937 0.187500 0.125000
2 0.086719 0.871875 0.173437 0.125000
2 0.135938 0.778125 0.187500 0.125000
2 0.053906 0.775000 0.107813 0.125000
2 0.140625 0.584375 0.187500 0.125000
2 0.259378 0.585938 0.187500 0.125000
0 0.196875 0.076563 0.187500 0.125000
0 0.320316 0.079687 0.187500 0.125000
0 0.140625 0.184375 0.187500 0.125000
6 0.382809 0.179688 0.187500 0.125000
0 0.503128 0.189063 0.187500 0.125000
0 0.560934 0.293750 0.187500 0.125000
1 0.682809 0.306250 0.187500 0.125000
0 0.382809 0.389062 0.187500 0.125000