1 0.932033 0.400000 0.135934 0.125000
1 0.903122 0.501563 0.187500 0.125000
1 0.850003 0.403125 0.187500 0.125000
0 0.785934 0.496875 0.187500 0.125000
0 0.851559 0.590625 0.187500 0.125000
0 0.739059 0.593750 0.187500 0.125000
0 0.629691 0.596875 0.187500 0.125000
6 0.789066 0.695312 0.187500 0.125000
6 0.678122 0.692187 0.187500 0.125000
0 0.906252 0.696875 0.187497 0.125000
0 0.934377 0.596875 0.131247 0.125000
0 0.512503 0.590625 0.187500 0.125000
0 0.407813 0.587500 0.187500 0.125000
0 0.456253 0.490625 0.187500 0.125000
0 0.565622 0.493750 0.187500 0.125000
0 0.293747 0.584375 0.187500 0.125000
0 0.185934 0.585938 0.187500 0.125000
0 0.082814 0.584375 0.165628 0.125000
0 0.126562 0.490625 0.187500 0.125000
0 0.178125 0.393750 0.187500 0.125000
0 0.285938 0.398438 0.187500 0.125000
0 0.235941 0.492188 0.187500 0.125000
0 0.346875 0.493750 0.187500 0.125000
0 0.401559 0.400000 0.187500 0.125000
0 0.237497 0.679688 0.187500 0.125000
0 0.126562 0.682813 0.187500 0.125000
0 0.053906 0.676562 0.107813 0.125000
3 0.078127 0.770312 0.156253 0.125000
3 0.055467 0.865625 0.110934 0.125000