4 0.067969 0.890625 0.135937 0.125000
4 0.162497 0.884375 0.187500 0.125000
4 0.290625 0.887500 0.187500 0.125000
4 0.217191 0.787500 0.187500 0.125000
4 0.348441 0.784375 0.187500 0.125000
4 0.471872 0.782813 0.187500 0.125000
4 0.590625 0.782813 0.187500 0.125000
4 0.649997 0.682813 0.187500 0.125000
4 0.693750 0.581250 0.187500 0.125000
4 0.710934 0.779687 0.187500 0.125000
4 0.829688 0.773438 0.187500 0.125000
4 0.782813 0.884375 0.187500 0.125000
4 0.657816 0.881250 0.187500 0.125000
4 0.535941 0.887500 0.187500 0.125000
4 0.106247 0.963281 0.187500 0.073438
4 0.479691 0.964063 0.187500 0.071875