3 0.089063 0.926562 0.178125 0.125000
3 0.195309 0.929688 0.187500 0.125000
3 0.142191 0.840625 0.187500 0.125000
3 0.246872 0.839063 0.187500 0.125000
3 0.409378 0.925000 0.187500 0.125000
3 0.063281 0.668750 0.126562 0.125000
3 0.066408 0.492188 0.132816 0.125000
4 0.303122 0.756250 0.187500 0.125000
4 0.460941 0.318750 0.187500 0.125000
4 0.567187 0.314063 0.187500 0.125000
4 0.518747 0.226562 0.187500 0.125000
4 0.514059 0.409375 0.187500 0.125000
4 0.617184 0.401562 0.187500 0.125000
4 0.462497 0.132812 0.187500 0.125000
4 0.407813 0.055469 0.187500 0.110937
4 0.246872 0.135937 0.187500 0.125000
3 0.300000 0.054688 0.187500 0.109375
3 0.195309 0.053125 0.187500 0.106250