4 0.614062 0.067187 0.187500 0.125000
4 0.499997 0.265625 0.187500 0.125000
4 0.446878 0.359375 0.187500 0.125000
4 0.389062 0.456250 0.187500 0.125000
4 0.503128 0.456250 0.187500 0.125000
4 0.559378 0.556250 0.187500 0.125000
4 0.443747 0.557813 0.187500 0.125000
4 0.387497 0.642188 0.187500 0.125000
4 0.498441 0.648438 0.187500 0.125000
4 0.610941 0.653125 0.187500 0.125000
4 0.671878 0.554688 0.187500 0.125000
4 0.731250 0.460938 0.187500 0.125000
3 0.615628 0.457812 0.187500 0.125000
3 0.617184 0.268750 0.187500 0.125000
3 0.729684 0.264062 0.187500 0.125000
3 0.903122 0.365625 0.187500 0.125000
3 0.932033 0.660937 0.135934 0.125000
3 0.903122 0.562500 0.187500 0.125000
3 0.898434 0.753125 0.187500 0.125000
3 0.789066 0.756250 0.187500 0.125000
3 0.559378 0.753125 0.187500 0.125000
3 0.450000 0.748437 0.187500 0.125000
3 0.612497 0.846875 0.187500 0.125000
3 0.842184 0.839063 0.187500 0.125000
3 0.929689 0.850000 0.140622 0.125000
3 0.898434 0.939063 0.187500 0.121875
4 0.156253 0.840625 0.187500 0.125000
4 0.503128 0.845313 0.187500 0.125000
4 0.723441 0.845313 0.187500 0.125000
4 0.671878 0.554688 0.187500 0.125000
4 0.221878 0.746875 0.187500 0.125000
4 0.068752 0.254688 0.137503 0.125000
4 0.789066 0.559375 0.187500 0.125000
4 0.071095 0.062500 0.142191 0.125000
4 0.610941 0.653125 0.187500 0.125000
4 0.498441 0.653125 0.187500 0.125000
4 0.728128 0.653125 0.187500 0.125000
4 0.390628 0.840625 0.187500 0.125000
4 0.334378 0.742188 0.187500 0.125000
4 0.671878 0.362500 0.187500 0.125000
4 0.503128 0.460938 0.187500 0.125000
4 0.728128 0.067187 0.187500 0.125000
4 0.160941 0.062500 0.187500 0.125000
4 0.104691 0.746875 0.187500 0.125000
4 0.104691 0.550000 0.187500 0.125000
4 0.329691 0.160938 0.187500 0.125000
4 0.671878 0.940625 0.187500 0.118750
4 0.329691 0.362500 0.187500 0.125000
4 0.278128 0.840625 0.187500 0.125000
4 0.676566 0.165625 0.187500 0.125000
4 0.278128 0.259375 0.187500 0.125000
4 0.160941 0.456250 0.187500 0.125000
4 0.390628 0.643750 0.187500 0.125000
4 0.217191 0.160938 0.187500 0.125000
4 0.390628 0.460938 0.187500 0.125000
4 0.071095 0.648438 0.142191 0.125000
4 0.784378 0.940625 0.187500 0.118750
4 0.845316 0.264062 0.187500 0.125000
4 0.554691 0.554688 0.187500 0.125000
4 0.104691 0.938281 0.187500 0.123437
4 0.442191 0.362500 0.187500 0.125000
4 0.929689 0.071875 0.140622 0.125000
4 0.498441 0.259375 0.187500 0.125000
4 0.728128 0.451562 0.187500 0.125000
4 0.840628 0.657813 0.187500 0.125000
4 0.073439 0.845313 0.146878 0.125000
4 0.390628 0.062500 0.187500 0.125000
4 0.784378 0.362500 0.187500 0.125000
4 0.901566 0.165625 0.187500 0.125000
4 0.671878 0.756250 0.187500 0.125000
4 0.278128 0.067187 0.187500 0.125000
4 0.385941 0.259375 0.187500 0.125000
4 0.559378 0.165625 0.187500 0.125000
4 0.789066 0.165625 0.187500 0.125000
4 0.273441 0.456250 0.187500 0.125000
4 0.932033 0.268750 0.135934 0.125000
4 0.217191 0.353125 0.187500 0.125000
4 0.503128 0.067187 0.187500 0.125000
4 0.156253 0.259375 0.187500 0.125000
4 0.840628 0.076562 0.187500 0.125000
4 0.446878 0.554688 0.187500 0.125000
4 0.620316 0.071875 0.187500 0.125000
4 0.160941 0.648438 0.187500 0.125000
4 0.212503 0.550000 0.187500 0.125000
4 0.104691 0.156250 0.187500 0.125000
4 0.100003 0.357812 0.187500 0.125000
4 0.071095 0.456250 0.142191 0.125000
3 0.442191 0.746875 0.187500 0.125000
3 0.334378 0.554688 0.187500 0.125000
3 0.840628 0.850000 0.187500 0.125000
3 0.784378 0.751563 0.187500 0.125000
3 0.221878 0.938281 0.187500 0.123437
3 0.442191 0.938281 0.187500 0.123437
3 0.559378 0.751563 0.187500 0.125000
3 0.901566 0.559375 0.187500 0.125000
3 0.559378 0.938281 0.187500 0.123437
3 0.896878 0.938281 0.187500 0.123437
3 0.732816 0.264062 0.187500 0.125000
3 0.615628 0.264062 0.187500 0.125000
3 0.932033 0.845313 0.135934 0.125000
3 0.929689 0.662500 0.140622 0.125000
3 0.896878 0.751563 0.187500 0.125000
3 0.615628 0.460938 0.187500 0.125000
3 0.442191 0.165625 0.187500 0.125000
3 0.901566 0.367188 0.187500 0.125000
3 0.620316 0.835938 0.187500 0.125000