3 0.132816 0.634375 0.187500 0.125000
3 0.242184 0.635938 0.187500 0.125000
3 0.354684 0.640625 0.187500 0.125000
4 0.464063 0.642188 0.187500 0.125000
4 0.576562 0.642188 0.187500 0.125000
4 0.407813 0.735938 0.187500 0.125000
3 0.412500 0.540625 0.187500 0.125000
3 0.631247 0.743750 0.187500 0.125000
3 0.742191 0.551562 0.187500 0.125000
4 0.687497 0.643750 0.187500 0.125000
4 0.792188 0.648438 0.187500 0.125000
4 0.856247 0.554688 0.187500 0.125000
4 0.935155 0.554688 0.129691 0.125000
3 0.904687 0.459375 0.187500 0.125000