0 0.064064 0.453125 0.128128 0.125000
0 0.092967 0.546875 0.185934 0.125000
0 0.145313 0.448438 0.187500 0.125000
0 0.204684 0.542188 0.187500 0.125000
0 0.091406 0.362500 0.182812 0.125000
0 0.199997 0.357812 0.187500 0.125000
0 0.253125 0.448438 0.187500 0.125000
0 0.309375 0.537500 0.187500 0.125000
0 0.306253 0.357812 0.187500 0.125000
0 0.362503 0.445312 0.187500 0.125000
0 0.415622 0.535937 0.187500 0.125000
0 0.470316 0.446875 0.187500 0.125000
0 0.368747 0.628125 0.187500 0.125000
0 0.257812 0.634375 0.187500 0.125000
0 0.584372 0.618750 0.187500 0.125000
0 0.635934 0.528125 0.187500 0.125000
6 0.936720 0.701562 0.126559 0.125000