3 0.053123 0.257812 0.106247 0.125000
3 0.078127 0.751563 0.156253 0.125000
3 0.235941 0.660937 0.187500 0.125000
3 0.292191 0.562500 0.187500 0.125000
3 0.349997 0.470313 0.187500 0.125000
3 0.526566 0.568750 0.187500 0.125000
4 0.467184 0.467187 0.187500 0.125000
4 0.642188 0.562500 0.187500 0.125000
4 0.470316 0.859375 0.187500 0.125000
4 0.587503 0.856250 0.187500 0.125000
3 0.300000 0.367188 0.187500 0.125000
3 0.410934 0.367188 0.187500 0.125000
3 0.529687 0.371875 0.187500 0.125000
3 0.471872 0.273438 0.187500 0.125000
3 0.415622 0.179688 0.187500 0.125000
3 0.531253 0.176563 0.187500 0.125000
4 0.651563 0.178125 0.187500 0.125000
4 0.589059 0.275000 0.187500 0.125000
4 0.704691 0.271875 0.187500 0.125000
4 0.356250 0.268750 0.187500 0.125000
3 0.131250 0.065625 0.187500 0.125000
3 0.126562 0.270313 0.187500 0.125000
3 0.240628 0.262500 0.187500 0.125000
3 0.078905 0.357812 0.157809 0.125000