3 0.528122 0.045312 0.187500 0.090625
3 0.760941 0.045312 0.187500 0.090625
3 0.704691 0.128125 0.187500 0.125000
3 0.762497 0.226562 0.187500 0.125000
3 0.296878 0.221875 0.187500 0.125000
3 0.923436 0.331250 0.153128 0.125000
3 0.879684 0.425000 0.187500 0.125000
3 0.950783 0.425000 0.098434 0.125000
3 0.762497 0.412500 0.187500 0.125000
3 0.703125 0.520312 0.187500 0.125000
3 0.585938 0.520312 0.187500 0.125000
3 0.952344 0.625000 0.095313 0.125000
3 0.924219 0.725000 0.151562 0.125000
3 0.879684 0.618750 0.187500 0.125000
3 0.823434 0.718750 0.187500 0.125000
3 0.882816 0.820312 0.187500 0.125000
3 0.764062 0.617188 0.187500 0.125000
3 0.707812 0.715625 0.187500 0.125000
3 0.645309 0.614062 0.187500 0.125000
3 0.587503 0.707812 0.187500 0.125000
3 0.648441 0.817187 0.187500 0.125000
3 0.825000 0.917188 0.187500 0.125000
3 0.707812 0.918750 0.187500 0.125000
3 0.589059 0.910937 0.187500 0.125000
3 0.525000 0.809375 0.187500 0.125000
3 0.478125 0.906250 0.187500 0.125000
4 0.520312 0.614062 0.187500 0.125000
4 0.464062 0.704688 0.187500 0.125000
4 0.415622 0.804688 0.187500 0.125000
4 0.345309 0.903125 0.187500 0.125000
4 0.470316 0.510938 0.187500 0.125000
4 0.528122 0.412500 0.187500 0.125000
4 0.412500 0.409375 0.187500 0.125000
4 0.292191 0.410938 0.187500 0.125000
3 0.348441 0.510938 0.187500 0.125000
3 0.290625 0.606250 0.187500 0.125000
3 0.243750 0.706250 0.187500 0.125000
3 0.179691 0.807813 0.187500 0.125000
3 0.292191 0.807813 0.187500 0.125000
3 0.239063 0.903125 0.187500 0.125000
3 0.120309 0.704688 0.187500 0.125000
3 0.078127 0.606250 0.156253 0.125000
3 0.114066 0.118750 0.187500 0.125000