1 0.371878 0.070312 0.187500 0.125000
1 0.484378 0.075000 0.187500 0.125000
1 0.203128 0.159375 0.187500 0.125000
1 0.145313 0.062500 0.187500 0.125000
1 0.062498 0.062500 0.124997 0.125000
1 0.091406 0.162500 0.182812 0.125000
1 0.254691 0.262500 0.187500 0.125000
1 0.142191 0.259375 0.187500 0.125000
1 0.063281 0.256250 0.126562 0.125000
1 0.096872 0.354687 0.187500 0.125000
1 0.201562 0.357812 0.187500 0.125000
1 0.264066 0.456250 0.187500 0.125000
1 0.151566 0.457812 0.187500 0.125000
1 0.067969 0.454688 0.135937 0.125000
1 0.212503 0.553125 0.187500 0.125000
1 0.323438 0.553125 0.187500 0.125000
1 0.434372 0.550000 0.187500 0.125000
1 0.379688 0.648438 0.187500 0.125000
1 0.378122 0.842187 0.187500 0.125000
1 0.265622 0.843750 0.187500 0.125000
1 0.546872 0.746875 0.187500 0.125000
1 0.606253 0.842187 0.187500 0.125000
2 0.493753 0.842187 0.187500 0.125000
2 0.434372 0.748437 0.187500 0.125000
2 0.489066 0.646875 0.187500 0.125000
2 0.543750 0.559375 0.187500 0.125000
2 0.596878 0.462500 0.187500 0.125000
2 0.485934 0.457812 0.187500 0.125000
2 0.375000 0.459375 0.187500 0.125000
2 0.540628 0.367188 0.187500 0.125000
2 0.656250 0.367188 0.187500 0.125000
2 0.773438 0.367188 0.187500 0.125000
2 0.720309 0.464063 0.187500 0.125000
2 0.657816 0.556250 0.187500 0.125000
2 0.607809 0.648438 0.187500 0.125000
2 0.485934 0.268750 0.187500 0.125000
2 0.600000 0.268750 0.187500 0.125000
2 0.717187 0.270313 0.187500 0.125000
2 0.821878 0.271875 0.187500 0.125000
2 0.876563 0.179688 0.187500 0.125000
2 0.770316 0.176563 0.187500 0.125000
2 0.659372 0.175000 0.187500 0.125000
2 0.543750 0.170313 0.187500 0.125000
2 0.424997 0.170313 0.187500 0.125000
2 0.312497 0.165625 0.187500 0.125000
0 0.375000 0.265625 0.187500 0.125000
0 0.262500 0.075000 0.187500 0.125000
0 0.067969 0.645312 0.135937 0.125000
1 0.098437 0.931250 0.187500 0.125000