2 0.932811 0.770312 0.134378 0.125000
2 0.850003 0.767188 0.187500 0.125000
2 0.739059 0.768750 0.187500 0.125000
2 0.792188 0.684375 0.187500 0.125000
2 0.850003 0.593750 0.187500 0.125000
2 0.898434 0.506250 0.187500 0.125000
2 0.930467 0.425000 0.139066 0.125000
3 0.584372 0.145313 0.187500 0.125000
3 0.584372 0.326562 0.187500 0.125000
3 0.470316 0.325000 0.187500 0.125000
3 0.357816 0.323437 0.187500 0.125000
3 0.298434 0.235938 0.187500 0.125000
3 0.242184 0.143750 0.187500 0.125000
3 0.359372 0.145313 0.187500 0.125000
3 0.176559 0.234375 0.187500 0.125000
3 0.242184 0.325000 0.187500 0.125000
3 0.120309 0.321875 0.187500 0.125000
3 0.293747 0.415625 0.187500 0.125000
3 0.406247 0.414062 0.187500 0.125000
3 0.353128 0.498437 0.187500 0.125000
3 0.632812 0.421875 0.187500 0.125000
4 0.414066 0.235938 0.187500 0.125000
4 0.414066 0.056250 0.187500 0.112500
4 0.289059 0.057031 0.187500 0.114062
4 0.106247 0.140625 0.187500 0.125000
4 0.073439 0.232812 0.146878 0.125000
4 0.176559 0.414062 0.187500 0.125000
4 0.117188 0.493750 0.187500 0.125000
4 0.231253 0.498437 0.187500 0.125000
3 0.295312 0.581250 0.187500 0.125000
3 0.357816 0.664062 0.187500 0.125000
3 0.404691 0.582812 0.187500 0.125000
3 0.465628 0.662500 0.187500 0.125000
3 0.237497 0.664062 0.187500 0.125000
3 0.304688 0.745313 0.187500 0.125000