4 0.115622 0.957812 0.187500 0.084375
4 0.335934 0.958594 0.187500 0.082812
4 0.450000 0.959375 0.187500 0.081250
4 0.515625 0.684375 0.187500 0.125000
4 0.625003 0.681250 0.187500 0.125000
4 0.681253 0.587500 0.187500 0.125000
4 0.799997 0.595313 0.187500 0.125000
4 0.728128 0.687500 0.187500 0.125000
4 0.737503 0.492188 0.187500 0.125000
4 0.623437 0.484375 0.187500 0.125000
4 0.514059 0.475000 0.187500 0.125000
4 0.454687 0.579688 0.187500 0.125000
4 0.400003 0.481250 0.187500 0.125000
3 0.856247 0.493750 0.187500 0.125000
3 0.560934 0.785937 0.187500 0.125000