6 0.048436 0.035937 0.096872 0.071875
0 0.114066 0.035937 0.187500 0.071875
0 0.077344 0.100000 0.154688 0.125000
0 0.175003 0.109375 0.187500 0.125000
0 0.225000 0.039062 0.187500 0.078125
0 0.343753 0.036719 0.187500 0.073438
0 0.120309 0.201562 0.187500 0.125000
0 0.178125 0.292187 0.187500 0.125000
0 0.232809 0.196875 0.187500 0.125000
0 0.231253 0.385937 0.187500 0.125000
0 0.287503 0.295312 0.187500 0.125000
0 0.340622 0.198437 0.187500 0.125000
0 0.401559 0.109375 0.187500 0.125000
0 0.343753 0.382812 0.187500 0.125000
0 0.396872 0.298438 0.187500 0.125000
0 0.459375 0.206250 0.187500 0.125000
0 0.567187 0.203125 0.187500 0.125000
0 0.456253 0.389062 0.187500 0.125000
0 0.400003 0.481250 0.187500 0.125000
1 0.629691 0.296875 0.187500 0.125000
2 0.739059 0.301563 0.187500 0.125000
2 0.787500 0.207813 0.187500 0.125000
2 0.853125 0.115625 0.187500 0.125000
2 0.904688 0.041406 0.187500 0.082812
1 0.679688 0.042188 0.187500 0.084375