6 0.925780 0.421875 0.148441 0.125000
6 0.950000 0.514062 0.100000 0.125000
6 0.923436 0.596875 0.153128 0.125000
6 0.884372 0.681250 0.187500 0.125000
6 0.828122 0.775000 0.187500 0.125000
6 0.775003 0.860938 0.187500 0.125000
6 0.870309 0.864062 0.187500 0.125000
6 0.921092 0.779687 0.157816 0.125000
6 0.951561 0.690625 0.096878 0.125000
6 0.673434 0.675000 0.187500 0.125000
6 0.776559 0.684375 0.187500 0.125000
6 0.834375 0.595313 0.187500 0.125000
6 0.615628 0.768750 0.187500 0.125000
4 0.778125 0.328125 0.187500 0.125000
4 0.721875 0.242188 0.187500 0.125000
4 0.618750 0.240625 0.187500 0.125000
4 0.414066 0.239063 0.187500 0.125000