1 0.925780 0.935938 0.148441 0.125000
1 0.831253 0.929688 0.187500 0.125000
1 0.718753 0.928125 0.187500 0.125000
1 0.610941 0.929688 0.187500 0.125000
1 0.667191 0.828125 0.187500 0.125000
1 0.779691 0.835938 0.187500 0.125000
1 0.893747 0.839063 0.187500 0.125000
1 0.928123 0.740625 0.143753 0.125000
1 0.831253 0.735938 0.187500 0.125000
1 0.893747 0.640625 0.187500 0.125000
1 0.928906 0.543750 0.142188 0.125000
1 0.837497 0.542188 0.187500 0.125000
1 0.726562 0.534375 0.187500 0.125000
1 0.896878 0.439063 0.187500 0.125000
1 0.928906 0.342187 0.142188 0.125000
0 0.160941 0.121875 0.187500 0.125000
0 0.107813 0.226562 0.187500 0.125000
0 0.212503 0.040625 0.187500 0.081250
0 0.329691 0.042969 0.187500 0.085938
0 0.439059 0.041406 0.187500 0.082812
0 0.557813 0.042188 0.187500 0.084375
0 0.662503 0.045312 0.187500 0.090625
0 0.732816 0.131250 0.187500 0.125000
0 0.831253 0.131250 0.187500 0.125000
0 0.612497 0.132812 0.187500 0.125000
0 0.493753 0.123438 0.187500 0.125000
0 0.390628 0.125000 0.187500 0.125000
0 0.274997 0.123438 0.187500 0.125000
0 0.217191 0.226562 0.187500 0.125000
0 0.331247 0.228125 0.187500 0.125000
0 0.435937 0.235938 0.187500 0.125000
0 0.546872 0.235938 0.187500 0.125000
0 0.067969 0.320312 0.135937 0.125000
0 0.167184 0.320312 0.187500 0.125000
0 0.273441 0.325000 0.187500 0.125000
0 0.382809 0.332813 0.187500 0.125000
0 0.498441 0.328125 0.187500 0.125000
0 0.612497 0.332813 0.187500 0.125000
0 0.668747 0.435937 0.187500 0.125000
0 0.556247 0.434375 0.187500 0.125000
0 0.440625 0.431250 0.187500 0.125000
0 0.331247 0.426563 0.187500 0.125000
0 0.723441 0.335938 0.187500 0.125000
0 0.785934 0.232812 0.187500 0.125000
0 0.928906 0.134375 0.142188 0.125000