6 0.668747 0.590625 0.187500 0.125000
6 0.724997 0.681250 0.187500 0.125000
6 0.787500 0.573438 0.187500 0.125000
6 0.726562 0.481250 0.187500 0.125000
4 0.551559 0.590625 0.187500 0.125000
4 0.420309 0.603125 0.187500 0.125000
4 0.476559 0.701562 0.187500 0.125000
4 0.532809 0.795312 0.187500 0.125000
4 0.404691 0.800000 0.187500 0.125000
4 0.359372 0.500000 0.187500 0.125000
4 0.490622 0.495313 0.187500 0.125000
4 0.615628 0.484375 0.187500 0.125000
4 0.551559 0.392188 0.187500 0.125000
4 0.426562 0.393750 0.187500 0.125000
4 0.373434 0.290625 0.187500 0.125000
3 0.295312 0.406250 0.187500 0.125000
3 0.170316 0.409375 0.187500 0.125000
3 0.114066 0.314063 0.187500 0.125000
3 0.068752 0.415625 0.137503 0.125000
3 0.106247 0.517188 0.187500 0.125000
3 0.226566 0.507812 0.187500 0.125000
3 0.065625 0.614062 0.131250 0.125000
3 0.168750 0.610938 0.187500 0.125000
3 0.221878 0.715625 0.187500 0.125000
3 0.156253 0.815625 0.187500 0.125000
3 0.067186 0.817187 0.134372 0.125000