3 0.895312 0.482812 0.187500 0.125000
3 0.845316 0.767188 0.187500 0.125000
4 0.248437 0.120312 0.187500 0.125000
4 0.310941 0.218750 0.187500 0.125000
4 0.382809 0.310937 0.187500 0.125000
4 0.453122 0.401562 0.187500 0.125000
4 0.331247 0.410938 0.187500 0.125000
4 0.564066 0.214062 0.187500 0.125000
4 0.832809 0.576562 0.187500 0.125000
6 0.525000 0.496875 0.187500 0.125000
6 0.646875 0.492188 0.187500 0.125000
6 0.770316 0.492188 0.187500 0.125000
6 0.829688 0.385937 0.187500 0.125000
6 0.712500 0.387500 0.187500 0.125000
6 0.578128 0.400000 0.187500 0.125000
6 0.765628 0.296875 0.187500 0.125000
6 0.825000 0.198437 0.187500 0.125000
6 0.868753 0.098437 0.187500 0.125000