1 0.951561 0.740625 0.096878 0.125000
1 0.924219 0.646875 0.151563 0.125000
1 0.950000 0.554688 0.100000 0.125000
1 0.950783 0.364063 0.098434 0.125000
1 0.922658 0.459375 0.154684 0.125000
1 0.879684 0.553125 0.187500 0.125000
1 0.831253 0.465625 0.187500 0.125000
1 0.773438 0.368750 0.187500 0.125000
1 0.771872 0.559375 0.187500 0.125000
1 0.826566 0.648438 0.187500 0.125000
1 0.835941 0.835938 0.187500 0.125000
1 0.775003 0.745313 0.187500 0.125000
1 0.721875 0.840625 0.187500 0.125000
1 0.660937 0.748437 0.187500 0.125000
1 0.718753 0.656250 0.187500 0.125000
1 0.610941 0.840625 0.187500 0.125000
1 0.667191 0.938281 0.187500 0.123437
1 0.787500 0.932813 0.187500 0.125000
1 0.554691 0.935938 0.187500 0.125000
1 0.493753 0.845313 0.187500 0.125000
1 0.551559 0.748437 0.187500 0.125000
1 0.440625 0.939844 0.187500 0.120312
1 0.326559 0.941406 0.187500 0.117188
1 0.378122 0.851562 0.187500 0.125000
1 0.439059 0.754687 0.187500 0.125000
1 0.495309 0.659375 0.187500 0.125000
1 0.548438 0.560937 0.187500 0.125000
1 0.606253 0.465625 0.187500 0.125000
1 0.214059 0.938281 0.187500 0.123437
1 0.271875 0.851562 0.187500 0.125000
1 0.325003 0.757812 0.187500 0.125000
2 0.381253 0.656250 0.187500 0.125000
2 0.437503 0.562500 0.187500 0.125000
2 0.214059 0.759375 0.187500 0.125000
2 0.321872 0.568750 0.187500 0.125000
2 0.378122 0.470313 0.187500 0.125000
2 0.490622 0.460938 0.187500 0.125000
2 0.267187 0.473437 0.187500 0.125000
2 0.545316 0.370312 0.187500 0.125000
2 0.593747 0.271875 0.187500 0.125000
2 0.484378 0.271875 0.187500 0.125000
2 0.431250 0.371875 0.187500 0.125000
2 0.318750 0.378125 0.187500 0.125000
2 0.370312 0.276562 0.187500 0.125000
2 0.540628 0.179688 0.187500 0.125000
2 0.429684 0.178125 0.187500 0.125000
2 0.310941 0.182812 0.187500 0.125000
2 0.371878 0.087500 0.187500 0.125000
2 0.262500 0.090625 0.187500 0.125000
2 0.201562 0.182812 0.187500 0.125000
2 0.267187 0.278125 0.187500 0.125000
2 0.204684 0.381250 0.187500 0.125000
2 0.140625 0.284375 0.187500 0.125000
2 0.209372 0.571875 0.187500 0.125000
2 0.157809 0.667188 0.187500 0.125000
2 0.101559 0.581250 0.187500 0.125000
2 0.067969 0.485938 0.135937 0.125000
2 0.148434 0.478125 0.187500 0.125000
2 0.096872 0.381250 0.187500 0.125000
1 0.270309 0.662500 0.187500 0.125000