1 0.398438 0.648438 0.187500 0.125000
1 0.506250 0.648438 0.187500 0.125000
1 0.609375 0.657813 0.187500 0.125000
1 0.557813 0.564063 0.187500 0.125000
1 0.456253 0.554688 0.187500 0.125000
1 0.345309 0.554688 0.187500 0.125000
1 0.293747 0.643750 0.187500 0.125000
1 0.182812 0.642188 0.187500 0.125000
1 0.237497 0.731250 0.187500 0.125000
1 0.289059 0.823438 0.187500 0.125000
1 0.392184 0.825000 0.187500 0.125000
1 0.128128 0.546875 0.187500 0.125000
1 0.179691 0.457812 0.187500 0.125000
1 0.289059 0.467187 0.187500 0.125000
1 0.342187 0.373437 0.187500 0.125000
1 0.126562 0.370312 0.187500 0.125000
1 0.085158 0.454688 0.170316 0.125000
1 0.185934 0.275000 0.187500 0.125000
1 0.293747 0.279687 0.187500 0.125000
1 0.348441 0.189063 0.187500 0.125000
1 0.243750 0.187500 0.187500 0.125000
1 0.298434 0.095312 0.187500 0.125000
1 0.403125 0.100000 0.187500 0.125000