0 0.218747 0.585938 0.187500 0.125000
0 0.340622 0.585938 0.187500 0.125000
0 0.390628 0.692187 0.187500 0.125000
0 0.165628 0.696875 0.187500 0.125000
0 0.100003 0.798438 0.187500 0.125000
0 0.072656 0.901563 0.145313 0.125000
0 0.567188 0.585938 0.187500 0.125000
0 0.685941 0.582812 0.187500 0.125000
0 0.745312 0.696875 0.187500 0.125000
0 0.868753 0.695312 0.187500 0.125000
0 0.917188 0.585938 0.165625 0.125000
0 0.916405 0.795312 0.167191 0.125000
3 0.806250 0.593750 0.187500 0.125000
3 0.460941 0.367188 0.187500 0.125000
3 0.509372 0.696875 0.187500 0.125000
3 0.626559 0.695312 0.187500 0.125000
3 0.570309 0.803125 0.187500 0.125000
3 0.509372 0.910937 0.187500 0.125000