3 0.173438 0.079687 0.187500 0.125000
3 0.282816 0.082812 0.187500 0.125000
3 0.182812 0.253125 0.187500 0.125000
3 0.287503 0.256250 0.187500 0.125000
3 0.385941 0.256250 0.187500 0.125000
3 0.485934 0.260937 0.187500 0.125000
3 0.593747 0.262500 0.187500 0.125000
3 0.540628 0.340625 0.187500 0.125000
3 0.642188 0.512500 0.187500 0.125000
4 0.485934 0.079687 0.187500 0.125000
4 0.590625 0.079687 0.187500 0.125000
4 0.387497 0.078125 0.187500 0.125000
6 0.137503 0.840625 0.187500 0.125000
6 0.243750 0.839063 0.187500 0.125000
6 0.189066 0.928125 0.187500 0.125000