0 0.485934 0.957812 0.187500 0.084375
0 0.593747 0.956250 0.187500 0.087500
2 0.810937 0.950781 0.187500 0.098437
2 0.943752 0.675000 0.112497 0.125000
2 0.870309 0.681250 0.187500 0.125000
0 0.868753 0.867188 0.187500 0.125000
0 0.649997 0.879687 0.187500 0.125000
0 0.944530 0.871875 0.110941 0.125000
3 0.592191 0.585938 0.187500 0.125000
3 0.537497 0.485938 0.187500 0.125000
3 0.593747 0.379688 0.187500 0.125000
3 0.696872 0.379688 0.187500 0.125000
3 0.812503 0.378125 0.187500 0.125000
3 0.757809 0.478125 0.187500 0.125000
3 0.868753 0.479688 0.187500 0.125000
3 0.812503 0.578125 0.187500 0.125000
3 0.539062 0.284375 0.187500 0.125000
3 0.642188 0.282813 0.187500 0.125000
3 0.751566 0.275000 0.187500 0.125000
3 0.870309 0.284375 0.187500 0.125000
3 0.703125 0.182812 0.187500 0.125000
3 0.589059 0.178125 0.187500 0.125000
3 0.648441 0.085938 0.187500 0.125000
3 0.537497 0.078125 0.187500 0.125000
3 0.426562 0.076563 0.187500 0.125000
3 0.312497 0.078125 0.187500 0.125000
3 0.207816 0.090625 0.187500 0.125000
3 0.153122 0.192188 0.187500 0.125000