4 0.576562 0.118750 0.187500 0.125000
4 0.642188 0.201562 0.187500 0.125000
4 0.576562 0.296875 0.187500 0.125000
4 0.707812 0.285938 0.187500 0.125000
4 0.760941 0.173438 0.187500 0.125000
4 0.809372 0.281250 0.187500 0.125000
4 0.695316 0.060937 0.187500 0.121875
3 0.343753 0.481250 0.187500 0.125000
3 0.448434 0.481250 0.187500 0.125000
3 0.560934 0.485938 0.187500 0.125000
3 0.401559 0.571875 0.187500 0.125000
3 0.123441 0.654687 0.187500 0.125000
3 0.081248 0.742188 0.162497 0.125000
3 0.287503 0.746875 0.187500 0.125000