1 0.942186 0.831250 0.115628 0.125000
1 0.862500 0.821875 0.187500 0.125000
1 0.628125 0.614062 0.187500 0.125000
2 0.865622 0.612500 0.187500 0.125000
2 0.916405 0.725000 0.167191 0.125000
2 0.799997 0.720313 0.187500 0.125000
2 0.682809 0.717187 0.187500 0.125000
2 0.568753 0.714063 0.187500 0.125000
2 0.507816 0.604688 0.187500 0.125000
2 0.499997 0.817187 0.187500 0.125000
2 0.623437 0.812500 0.187500 0.125000
2 0.739059 0.820312 0.187500 0.125000
2 0.907813 0.939063 0.184375 0.121875
1 0.675000 0.925000 0.187500 0.125000
3 0.100003 0.265625 0.187500 0.125000
3 0.335934 0.275000 0.187500 0.125000
3 0.400003 0.389062 0.187500 0.125000
3 0.160941 0.376563 0.187500 0.125000