0 0.362503 0.033594 0.187500 0.067187
0 0.482812 0.036719 0.187500 0.073438
0 0.598434 0.037500 0.187500 0.075000
0 0.715622 0.039844 0.187500 0.079687
0 0.834375 0.042969 0.187500 0.085938
0 0.890625 0.132812 0.187500 0.125000
0 0.771872 0.121875 0.187500 0.125000
0 0.834375 0.223438 0.187500 0.125000
0 0.931250 0.428125 0.137500 0.125000
0 0.482812 0.389062 0.187500 0.125000
0 0.485934 0.203125 0.187500 0.125000
0 0.428128 0.296875 0.187500 0.125000
0 0.428128 0.482812 0.187500 0.125000
0 0.532809 0.101562 0.187500 0.125000
1 0.893747 0.521875 0.187500 0.125000
1 0.835941 0.610938 0.187500 0.125000
1 0.885938 0.706250 0.187500 0.125000