4 0.521878 0.603125 0.187500 0.125000
4 0.632812 0.589063 0.187500 0.125000
4 0.585938 0.696875 0.187500 0.125000
4 0.692184 0.703125 0.187500 0.125000
4 0.803128 0.696875 0.187500 0.125000
4 0.909373 0.700000 0.181253 0.125000
4 0.932811 0.792188 0.134378 0.125000
4 0.407813 0.806250 0.187500 0.125000
4 0.517191 0.803125 0.187500 0.125000
4 0.632812 0.803125 0.187500 0.125000
4 0.746878 0.795312 0.187500 0.125000
4 0.848437 0.796875 0.187500 0.125000
4 0.346875 0.910937 0.187500 0.125000
4 0.457809 0.907813 0.187500 0.125000
4 0.574997 0.896875 0.187500 0.125000
4 0.689063 0.898438 0.187500 0.125000
4 0.795309 0.901563 0.187500 0.125000
4 0.906252 0.898438 0.187497 0.125000
4 0.737503 0.965625 0.187500 0.068750
4 0.857812 0.967187 0.187500 0.065625