1 0.938281 0.612500 0.123437 0.125000
1 0.910156 0.515625 0.179688 0.125000
1 0.851559 0.610938 0.187500 0.125000
1 0.910156 0.700000 0.179688 0.125000
1 0.940625 0.793750 0.118750 0.125000
1 0.939842 0.957031 0.120316 0.085938
1 0.910156 0.890625 0.179688 0.125000
1 0.793753 0.707812 0.187500 0.125000
1 0.734372 0.798438 0.187500 0.125000
1 0.795309 0.885938 0.187500 0.125000
1 0.854691 0.957031 0.187500 0.085938
1 0.735938 0.958594 0.187500 0.082812
1 0.675000 0.889062 0.187500 0.125000
1 0.679688 0.707812 0.187500 0.125000
1 0.612497 0.614062 0.187500 0.125000
1 0.912500 0.137500 0.175000 0.125000
1 0.854691 0.239063 0.187500 0.125000
1 0.913283 0.328125 0.173434 0.125000
1 0.943752 0.234375 0.112497 0.125000
1 0.668747 0.332813 0.187500 0.125000
1 0.610941 0.239063 0.187500 0.125000
1 0.673434 0.143750 0.187500 0.125000
1 0.553125 0.148438 0.187500 0.125000
1 0.424997 0.145313 0.187500 0.125000
1 0.364059 0.055469 0.187500 0.110937
1 0.115622 0.050781 0.187500 0.101562
1 0.075000 0.145313 0.150000 0.125000