3 0.274997 0.515625 0.187500 0.125000
3 0.392184 0.512500 0.187500 0.125000
3 0.504684 0.509375 0.187500 0.125000
3 0.223434 0.604688 0.187500 0.125000
3 0.278128 0.331250 0.187500 0.125000
3 0.387497 0.329688 0.187500 0.125000
6 0.276562 0.153125 0.187500 0.125000
6 0.223434 0.060937 0.187500 0.121875
3 0.073439 0.514062 0.146878 0.125000
3 0.171872 0.690625 0.187500 0.125000
3 0.225000 0.603125 0.187500 0.125000
3 0.273441 0.517188 0.187500 0.125000
3 0.279684 0.339062 0.187500 0.125000
3 0.387497 0.331250 0.187500 0.125000
3 0.278128 0.693750 0.187500 0.125000
3 0.114066 0.950781 0.187500 0.098437