0 0.501563 0.709375 0.187500 0.125000
0 0.454688 0.957031 0.187500 0.085938
0 0.950783 0.614062 0.098434 0.125000
0 0.949217 0.429688 0.101566 0.125000
0 0.823434 0.340625 0.187500 0.125000
0 0.770316 0.246875 0.187500 0.125000
0 0.884372 0.246875 0.187500 0.125000
0 0.874997 0.061719 0.187500 0.123438
3 0.919531 0.153125 0.160937 0.125000
3 0.945312 0.062500 0.109375 0.125000
3 0.948439 0.245312 0.103122 0.125000
3 0.764062 0.065625 0.187500 0.125000
3 0.657816 0.064062 0.187500 0.125000
3 0.707812 0.156250 0.187500 0.125000
3 0.603122 0.157812 0.187500 0.125000
3 0.496875 0.160938 0.187500 0.125000
4 0.381253 0.157812 0.187500 0.125000
4 0.271875 0.157812 0.187500 0.125000
4 0.226566 0.442187 0.187500 0.125000
4 0.176559 0.529687 0.187500 0.125000
4 0.053123 0.445312 0.106247 0.125000