0 0.582816 0.948438 0.187500 0.103125
0 0.696872 0.948438 0.187500 0.103125
0 0.639066 0.862500 0.187500 0.125000
0 0.867188 0.856250 0.187500 0.125000
0 0.913283 0.943750 0.173434 0.112500
0 0.525000 0.867188 0.187500 0.125000
0 0.414066 0.867188 0.187500 0.125000
0 0.359372 0.953125 0.187500 0.093750
6 0.464063 0.765625 0.187500 0.125000
6 0.579684 0.759375 0.187500 0.125000
6 0.518747 0.670312 0.187500 0.125000
6 0.634378 0.667188 0.187500 0.125000
6 0.578128 0.568750 0.187500 0.125000
6 0.689063 0.568750 0.187500 0.125000