6 0.242184 0.746875 0.187500 0.125000
6 0.346875 0.750000 0.187500 0.125000
6 0.292191 0.653125 0.187500 0.125000
6 0.407813 0.657813 0.187500 0.125000
6 0.460941 0.750000 0.187500 0.125000
6 0.515625 0.662500 0.187500 0.125000
6 0.574997 0.759375 0.187500 0.125000
6 0.628125 0.664062 0.187500 0.125000
6 0.743747 0.670312 0.187500 0.125000
6 0.685941 0.762500 0.187500 0.125000
6 0.799997 0.768750 0.187500 0.125000
6 0.853125 0.673438 0.187500 0.125000
6 0.935937 0.676562 0.128125 0.125000
6 0.907030 0.579688 0.185941 0.125000