1 0.571875 0.812500 0.187500 0.125000
1 0.512503 0.712500 0.187500 0.125000
1 0.515625 0.910938 0.187500 0.125000
1 0.456253 0.814063 0.187500 0.125000
1 0.400003 0.715625 0.187500 0.125000
1 0.456253 0.620313 0.187500 0.125000
1 0.340622 0.621875 0.187500 0.125000
1 0.289059 0.523438 0.187500 0.125000
1 0.342187 0.428125 0.187500 0.125000
1 0.229687 0.429688 0.187500 0.125000
1 0.284372 0.335938 0.187500 0.125000
1 0.168750 0.332813 0.187500 0.125000
1 0.101559 0.053125 0.187500 0.106250
2 0.214059 0.053125 0.187500 0.106250
2 0.331247 0.049219 0.187500 0.098437
2 0.443747 0.052344 0.187500 0.104688
2 0.548438 0.049219 0.187500 0.098437