0 0.057811 0.365625 0.115622 0.125000
0 0.086719 0.273438 0.173437 0.125000
0 0.185934 0.275000 0.187500 0.125000
0 0.129684 0.364063 0.187500 0.125000
0 0.240628 0.365625 0.187500 0.125000
1 0.873441 0.725000 0.187500 0.125000
1 0.768750 0.723437 0.187500 0.125000
0 0.662503 0.726562 0.187500 0.125000
0 0.609375 0.820312 0.187500 0.125000
0 0.714066 0.821875 0.187500 0.125000
0 0.821878 0.817187 0.187500 0.125000
0 0.659372 0.904688 0.187500 0.125000
0 0.550003 0.907813 0.187500 0.125000
0 0.707812 0.967187 0.187500 0.065625
0 0.817191 0.966406 0.187500 0.067187
0 0.287503 0.965625 0.187500 0.068750