4 0.118750 0.064062 0.187500 0.125000
4 0.235938 0.060937 0.187500 0.121875
4 0.350003 0.061719 0.187500 0.123438
4 0.479688 0.061719 0.187500 0.123438
4 0.603128 0.060156 0.187500 0.120313
4 0.173434 0.159375 0.187500 0.125000
4 0.293753 0.153125 0.187500 0.125000
4 0.412497 0.156250 0.187500 0.125000
4 0.537503 0.154688 0.187500 0.125000
4 0.228128 0.251563 0.187500 0.125000
4 0.351559 0.253125 0.187500 0.125000
4 0.471878 0.248437 0.187500 0.125000
4 0.598441 0.243750 0.187500 0.125000
4 0.281247 0.340625 0.187500 0.125000
4 0.407809 0.350000 0.187500 0.125000
4 0.532816 0.342187 0.187500 0.125000
3 0.217187 0.440625 0.187500 0.125000
3 0.092970 0.445312 0.185941 0.125000
3 0.101566 0.257812 0.187500 0.125000