4 0.220313 0.139063 0.187500 0.125000
6 0.514059 0.055469 0.187500 0.110937
6 0.629691 0.050000 0.187500 0.100000
6 0.753122 0.053125 0.187500 0.106250
6 0.454688 0.148438 0.187500 0.125000
6 0.573441 0.148438 0.187500 0.125000
6 0.520312 0.251563 0.187500 0.125000
6 0.637500 0.246875 0.187500 0.125000
6 0.757809 0.251563 0.187500 0.125000
6 0.462497 0.354687 0.187500 0.125000
6 0.587503 0.356250 0.187500 0.125000
6 0.700003 0.348438 0.187500 0.125000
6 0.531253 0.446875 0.187500 0.125000
6 0.414066 0.451562 0.187500 0.125000
4 0.070312 0.240625 0.140625 0.125000