1 0.212503 0.054688 0.187500 0.109375
1 0.540628 0.057813 0.187500 0.115625
1 0.804684 0.887500 0.187500 0.125000
1 0.637500 0.792188 0.187500 0.125000
1 0.810937 0.703125 0.187500 0.125000
0 0.704691 0.696875 0.187500 0.125000
1 0.365625 0.881250 0.187500 0.125000
1 0.585938 0.692187 0.187500 0.125000
1 0.368747 0.687500 0.187500 0.125000
1 0.312497 0.785937 0.187500 0.125000
1 0.257812 0.875000 0.187500 0.125000
2 0.428128 0.226562 0.187500 0.125000
2 0.320316 0.057031 0.187500 0.114062
2 0.214059 0.231250 0.187500 0.125000
2 0.376566 0.139063 0.187500 0.125000