2 0.078127 0.132812 0.156253 0.125000
2 0.048436 0.229687 0.096872 0.125000
2 0.077344 0.321875 0.154688 0.125000
2 0.078127 0.512500 0.156253 0.125000
2 0.176559 0.517188 0.187500 0.125000
2 0.050002 0.601562 0.100003 0.125000
1 0.121875 0.604688 0.187500 0.125000
1 0.349997 0.609375 0.187500 0.125000
1 0.456253 0.609375 0.187500 0.125000
1 0.404691 0.518750 0.187500 0.125000
1 0.512503 0.520312 0.187500 0.125000
1 0.568753 0.617188 0.187500 0.125000
1 0.620316 0.715625 0.187500 0.125000
1 0.673434 0.806250 0.187500 0.125000
1 0.349997 0.425000 0.187500 0.125000
1 0.235941 0.418750 0.187500 0.125000
1 0.295312 0.326562 0.187500 0.125000
1 0.353128 0.234375 0.187500 0.125000
1 0.235941 0.228125 0.187500 0.125000
1 0.514059 0.334375 0.187500 0.125000
1 0.570309 0.239063 0.187500 0.125000
1 0.187500 0.134375 0.187500 0.125000
1 0.128128 0.052344 0.187500 0.104688
0 0.053123 0.048438 0.106247 0.096875