0 0.153122 0.390625 0.187500 0.125000
0 0.260934 0.389062 0.187500 0.125000
0 0.371878 0.390625 0.187500 0.125000
0 0.478125 0.401562 0.187500 0.125000
0 0.096872 0.300000 0.187500 0.125000
0 0.067969 0.212500 0.135937 0.125000
0 0.067186 0.046094 0.134372 0.092188
0 0.260934 0.043750 0.187500 0.087500
0 0.373434 0.046875 0.187500 0.093750
0 0.479691 0.046094 0.187500 0.092188
0 0.542184 0.120312 0.187500 0.125000
0 0.429684 0.128125 0.187500 0.125000
0 0.314062 0.117188 0.187500 0.125000
0 0.364059 0.218750 0.187500 0.125000
0 0.321872 0.296875 0.187500 0.125000
0 0.424997 0.309375 0.187500 0.125000
0 0.532809 0.312500 0.187500 0.125000
0 0.317184 0.487500 0.187500 0.125000
0 0.423441 0.493750 0.187500 0.125000
0 0.373434 0.582812 0.187500 0.125000
0 0.317184 0.676562 0.187500 0.125000
0 0.265622 0.762500 0.187500 0.125000
0 0.318750 0.851562 0.187500 0.125000
0 0.421875 0.856250 0.187500 0.125000
0 0.154688 0.768750 0.187500 0.125000
2 0.209372 0.862500 0.187500 0.125000
2 0.093750 0.682813 0.187500 0.125000
2 0.066408 0.587500 0.132816 0.125000
2 0.206250 0.490625 0.187500 0.125000
2 0.265622 0.585938 0.187500 0.125000
1 0.065625 0.400000 0.131250 0.125000