3 0.671878 0.046094 0.187500 0.092188
4 0.567187 0.043750 0.187500 0.087500
4 0.451566 0.040625 0.187500 0.081250
4 0.729684 0.118750 0.187500 0.125000
4 0.610941 0.114062 0.187500 0.125000
4 0.550003 0.204688 0.187500 0.125000
3 0.382809 0.104687 0.187500 0.125000
3 0.154688 0.271875 0.187500 0.125000
4 0.917188 0.310937 0.165625 0.125000
4 0.865622 0.400000 0.187500 0.125000
4 0.754687 0.395313 0.187500 0.125000
4 0.817191 0.309375 0.187500 0.125000
4 0.806250 0.489062 0.187500 0.125000
4 0.907813 0.496875 0.184375 0.125000
4 0.692184 0.487500 0.187500 0.125000
4 0.584372 0.489062 0.187500 0.125000
3 0.083592 0.726562 0.167184 0.125000
3 0.089063 0.550000 0.178125 0.125000
3 0.062498 0.457812 0.124997 0.125000
3 0.139059 0.460938 0.187500 0.125000
3 0.131250 0.643750 0.187500 0.125000
3 0.245316 0.646875 0.187500 0.125000