2 0.406247 0.460938 0.187500 0.125000
2 0.507816 0.268750 0.187500 0.125000
2 0.564066 0.176563 0.187500 0.125000
2 0.775003 0.178125 0.187500 0.125000
2 0.232809 0.367188 0.187500 0.125000
2 0.289059 0.273438 0.187500 0.125000
2 0.407813 0.273438 0.187500 0.125000
2 0.343753 0.178125 0.187500 0.125000
2 0.228122 0.181250 0.187500 0.125000
2 0.178125 0.275000 0.187500 0.125000
2 0.132816 0.362500 0.187500 0.125000
2 0.057033 0.365625 0.114066 0.125000
2 0.084375 0.465625 0.168750 0.125000
2 0.056250 0.546875 0.112500 0.125000