1 0.052345 0.510938 0.104691 0.125000
1 0.081248 0.606250 0.162497 0.125000
6 0.187500 0.596875 0.187500 0.125000
6 0.295312 0.590625 0.187500 0.125000
6 0.410934 0.592187 0.187500 0.125000
6 0.462497 0.689063 0.187500 0.125000
6 0.354684 0.500000 0.187500 0.125000
1 0.420309 0.406250 0.187500 0.125000
1 0.540628 0.409375 0.187500 0.125000
0 0.648441 0.412500 0.187500 0.125000
0 0.770316 0.414062 0.187500 0.125000
0 0.706247 0.507812 0.187500 0.125000
1 0.481247 0.317188 0.187500 0.125000
1 0.371878 0.315625 0.187500 0.125000
1 0.550003 0.226562 0.187500 0.125000
1 0.665625 0.221875 0.187500 0.125000
1 0.614062 0.126562 0.187500 0.125000
1 0.775003 0.220313 0.187500 0.125000
1 0.839063 0.125000 0.187500 0.125000
1 0.790622 0.046875 0.187500 0.093750
1 0.898434 0.045312 0.187500 0.090625
0 0.673434 0.046875 0.187500 0.093750
0 0.724997 0.126562 0.187500 0.125000
2 0.501563 0.126562 0.187500 0.125000
2 0.556247 0.049219 0.187500 0.098437
0 0.929689 0.128125 0.140622 0.125000
0 0.889059 0.220313 0.187500 0.125000
0 0.925002 0.314063 0.149997 0.125000
0 0.714066 0.320312 0.187500 0.125000
2 0.828122 0.317188 0.187500 0.125000
2 0.879684 0.417187 0.187500 0.125000
2 0.818747 0.507812 0.187500 0.125000
2 0.917970 0.509375 0.164059 0.125000
2 0.946095 0.596875 0.107809 0.125000