6 0.840628 0.807813 0.187500 0.125000
6 0.728128 0.810937 0.187500 0.125000
6 0.617184 0.810937 0.187500 0.125000
6 0.495309 0.817187 0.187500 0.125000
6 0.437503 0.718750 0.187500 0.125000
6 0.378122 0.628125 0.187500 0.125000
6 0.315628 0.523438 0.187500 0.125000
6 0.253125 0.425000 0.187500 0.125000
6 0.184378 0.325000 0.187500 0.125000
6 0.107813 0.210938 0.187500 0.125000
6 0.067186 0.103125 0.134372 0.125000
6 0.164062 0.120312 0.187500 0.125000
6 0.229687 0.047656 0.187500 0.095312
6 0.357816 0.046094 0.187500 0.092188
6 0.292191 0.123438 0.187500 0.125000
6 0.231253 0.223438 0.187500 0.125000
6 0.306253 0.323437 0.187500 0.125000
6 0.359372 0.220313 0.187500 0.125000
6 0.421875 0.120312 0.187500 0.125000
6 0.376566 0.426563 0.187500 0.125000
6 0.421875 0.325000 0.187500 0.125000
6 0.481247 0.223438 0.187500 0.125000
6 0.539063 0.120312 0.187500 0.125000
6 0.429684 0.531250 0.187500 0.125000
6 0.484378 0.428125 0.187500 0.125000
6 0.545316 0.326562 0.187500 0.125000
6 0.548438 0.525000 0.187500 0.125000
6 0.496875 0.621875 0.187500 0.125000
6 0.548438 0.721875 0.187500 0.125000
6 0.660937 0.712500 0.187500 0.125000
6 0.610941 0.620313 0.187500 0.125000