3 0.446878 0.947656 0.187500 0.104688
3 0.607809 0.875000 0.187500 0.125000
3 0.656250 0.784375 0.187500 0.125000
3 0.942969 0.953906 0.114062 0.092187
4 0.445312 0.775000 0.187500 0.125000
4 0.553125 0.778125 0.187500 0.125000
4 0.496875 0.870313 0.187500 0.125000
4 0.335934 0.767188 0.187500 0.125000
4 0.284372 0.492188 0.187500 0.125000
4 0.392184 0.489062 0.187500 0.125000
4 0.332813 0.396875 0.187500 0.125000
4 0.714066 0.507812 0.187500 0.125000
4 0.657816 0.603125 0.187500 0.125000
4 0.604687 0.692187 0.187500 0.125000
4 0.328125 0.942969 0.187500 0.114062
4 0.276562 0.857812 0.187500 0.125000
4 0.220313 0.942969 0.187500 0.114062