3 0.450000 0.881250 0.187500 0.125000
3 0.654684 0.698438 0.187500 0.125000
3 0.868753 0.701562 0.187500 0.125000
3 0.400003 0.614062 0.187500 0.125000
3 0.293747 0.609375 0.187500 0.125000
3 0.193753 0.612500 0.187500 0.125000
3 0.139059 0.703125 0.187500 0.125000
3 0.189066 0.787500 0.187500 0.125000
3 0.139059 0.882812 0.187500 0.125000
3 0.092967 0.615625 0.185934 0.125000
4 0.557813 0.698438 0.187500 0.125000
4 0.606253 0.429688 0.187500 0.125000
4 0.565622 0.345313 0.187500 0.125000
4 0.464063 0.340625 0.187500 0.125000
4 0.142191 0.348438 0.187500 0.125000
4 0.512503 0.251563 0.187500 0.125000
4 0.615628 0.250000 0.187500 0.125000
4 0.720309 0.254688 0.187500 0.125000