6 0.542184 0.931250 0.187500 0.125000
6 0.645309 0.928125 0.187500 0.125000
6 0.593747 0.839063 0.187500 0.125000
6 0.482812 0.839063 0.187500 0.125000
6 0.535941 0.746875 0.187500 0.125000
6 0.434372 0.748437 0.187500 0.125000
6 0.643753 0.743750 0.187500 0.125000
6 0.593747 0.659375 0.187500 0.125000
6 0.484378 0.659375 0.187500 0.125000
6 0.434372 0.560937 0.187500 0.125000
6 0.375000 0.476562 0.187500 0.125000
6 0.485934 0.478125 0.187500 0.125000
6 0.537497 0.564063 0.187500 0.125000
6 0.589059 0.475000 0.187500 0.125000
6 0.643753 0.567187 0.187500 0.125000