2 0.914844 0.964844 0.170312 0.070312
2 0.818747 0.961719 0.187500 0.076562
2 0.709378 0.961719 0.187500 0.076562
2 0.764062 0.898438 0.187500 0.125000
2 0.864066 0.901563 0.187500 0.125000
2 0.936720 0.904688 0.126559 0.125000
2 0.707812 0.804688 0.187500 0.125000
2 0.809372 0.810937 0.187500 0.125000
2 0.909373 0.814063 0.181253 0.125000
2 0.937498 0.729688 0.125003 0.125000
2 0.910939 0.642188 0.178122 0.125000
2 0.810937 0.639062 0.187500 0.125000
2 0.759375 0.720313 0.187500 0.125000
2 0.706247 0.631250 0.187500 0.125000
3 0.660937 0.710938 0.187500 0.125000
3 0.656250 0.546875 0.187500 0.125000
3 0.757809 0.548438 0.187500 0.125000
3 0.809372 0.465625 0.187500 0.125000
3 0.910939 0.470313 0.178122 0.125000
3 0.935155 0.390625 0.129691 0.125000
3 0.860934 0.382812 0.187500 0.125000
3 0.810937 0.295312 0.187500 0.125000
3 0.704691 0.290625 0.187500 0.125000
3 0.753122 0.207813 0.187500 0.125000
3 0.704691 0.120312 0.187500 0.125000
4 0.639066 0.204688 0.187500 0.125000
3 0.601566 0.118750 0.187500 0.125000
3 0.651563 0.046094 0.187500 0.092188