2 0.592191 0.665625 0.187500 0.125000
2 0.482812 0.654687 0.187500 0.125000
2 0.320316 0.745313 0.187500 0.125000
2 0.431250 0.751563 0.187500 0.125000
2 0.534375 0.746875 0.187500 0.125000
2 0.643753 0.757812 0.187500 0.125000
2 0.265622 0.829688 0.187500 0.125000
2 0.378122 0.839063 0.187500 0.125000
2 0.479691 0.842187 0.187500 0.125000
2 0.592191 0.842187 0.187500 0.125000
2 0.217191 0.914062 0.187500 0.125000
2 0.318750 0.920312 0.187500 0.125000
2 0.431250 0.923438 0.187500 0.125000
2 0.534375 0.929688 0.187500 0.125000
3 0.546872 0.567187 0.187500 0.125000
3 0.604687 0.479688 0.187500 0.125000
3 0.664059 0.396875 0.187500 0.125000
3 0.718753 0.304688 0.187500 0.125000
3 0.496875 0.300000 0.187500 0.125000
3 0.390628 0.296875 0.187500 0.125000
3 0.446878 0.207813 0.187500 0.125000
3 0.607809 0.125000 0.187500 0.125000
3 0.656250 0.048438 0.187500 0.096875
3 0.942969 0.220313 0.114062 0.125000
4 0.445312 0.043750 0.187500 0.087500
4 0.553125 0.045312 0.187500 0.090625
4 0.496875 0.120312 0.187500 0.125000
4 0.335934 0.039844 0.187500 0.079687
4 0.328125 0.198437 0.187500 0.125000
4 0.276562 0.107813 0.187500 0.125000
4 0.220313 0.198437 0.187500 0.125000
6 0.273441 0.287500 0.187500 0.125000