3 0.075000 0.368750 0.150000 0.125000
3 0.128128 0.260937 0.187500 0.125000
3 0.178125 0.170313 0.187500 0.125000
3 0.242184 0.065625 0.187500 0.125000
6 0.078127 0.162500 0.156253 0.125000
2 0.373434 0.279687 0.187500 0.125000
2 0.490622 0.281250 0.187500 0.125000
2 0.604687 0.292187 0.187500 0.125000
2 0.309375 0.385937 0.187500 0.125000
2 0.426562 0.385937 0.187500 0.125000
2 0.559378 0.393750 0.187500 0.125000
2 0.675000 0.393750 0.187500 0.125000
3 0.796875 0.396875 0.187500 0.125000
3 0.850003 0.498437 0.187500 0.125000
3 0.554691 0.585938 0.187500 0.125000
3 0.625003 0.679688 0.187500 0.125000