6 0.481253 0.826562 0.187500 0.125000
1 0.049217 0.184375 0.098434 0.125000
1 0.075781 0.282813 0.151562 0.125000
1 0.047656 0.381250 0.095312 0.125000
1 0.074998 0.473437 0.149997 0.125000
1 0.101566 0.751563 0.187500 0.125000
1 0.092188 0.931250 0.184375 0.125000
3 0.215622 0.756250 0.187500 0.125000
3 0.164059 0.657813 0.187500 0.125000
3 0.217187 0.564063 0.187500 0.125000
3 0.109375 0.567187 0.187500 0.125000
3 0.173434 0.467187 0.187500 0.125000
3 0.228128 0.370312 0.187500 0.125000
3 0.342184 0.364063 0.187500 0.125000
3 0.457816 0.365625 0.187500 0.125000
3 0.401566 0.465625 0.187500 0.125000
3 0.287500 0.468750 0.187500 0.125000
3 0.331253 0.559375 0.187500 0.125000