1 0.614062 0.906250 0.187500 0.125000
1 0.443747 0.812500 0.187500 0.125000
1 0.735938 0.518750 0.187500 0.125000
3 0.326559 0.806250 0.187500 0.125000
3 0.212503 0.807813 0.187500 0.125000
3 0.259378 0.903125 0.187500 0.125000
3 0.150000 0.901563 0.187500 0.125000
3 0.201562 0.967969 0.187500 0.064063
3 0.085936 0.965625 0.171872 0.068750
3 0.145313 0.714063 0.187500 0.125000
3 0.086719 0.617188 0.173437 0.125000
3 0.139059 0.517188 0.187500 0.125000
3 0.203128 0.614062 0.187500 0.125000
3 0.268753 0.707812 0.187500 0.125000
3 0.384375 0.714063 0.187500 0.125000
3 0.328125 0.615625 0.187500 0.125000
3 0.270309 0.515625 0.187500 0.125000
3 0.328125 0.418750 0.187500 0.125000
3 0.382809 0.517188 0.187500 0.125000
3 0.442191 0.617188 0.187500 0.125000
3 0.501563 0.523438 0.187500 0.125000
3 0.446878 0.423438 0.187500 0.125000
3 0.384375 0.320312 0.187500 0.125000
3 0.329691 0.225000 0.187500 0.125000
3 0.207816 0.215625 0.187500 0.125000
3 0.506250 0.325000 0.187500 0.125000
3 0.448434 0.220313 0.187500 0.125000
3 0.506250 0.123438 0.187500 0.125000
3 0.567188 0.229687 0.187500 0.125000
3 0.615628 0.332813 0.187500 0.125000
3 0.559378 0.423438 0.187500 0.125000
4 0.323437 0.043750 0.187500 0.087500
4 0.260934 0.117188 0.187500 0.125000
4 0.146878 0.117188 0.187500 0.125000
4 0.201562 0.045312 0.187500 0.090625
4 0.088280 0.049219 0.176559 0.098437
4 0.058594 0.129688 0.117188 0.125000
4 0.146878 0.318750 0.187500 0.125000
4 0.088280 0.420312 0.176559 0.125000
4 0.059377 0.525000 0.118753 0.125000
2 0.498441 0.906250 0.187500 0.125000
2 0.732816 0.904687 0.187500 0.125000
2 0.789066 0.809375 0.187500 0.125000
2 0.840628 0.903125 0.187500 0.125000
2 0.842184 0.712500 0.187500 0.125000
2 0.898434 0.807813 0.187500 0.125000
2 0.932033 0.710938 0.135934 0.125000
2 0.931250 0.906250 0.137500 0.125000
2 0.898434 0.967187 0.187500 0.065625
4 0.087502 0.806250 0.175003 0.125000