1 0.058594 0.198438 0.117188 0.125000
1 0.086719 0.293750 0.173437 0.125000
1 0.135937 0.200000 0.187500 0.125000
1 0.192188 0.300000 0.187500 0.125000
1 0.304688 0.300000 0.187500 0.125000
1 0.253125 0.196875 0.187500 0.125000
1 0.359372 0.198438 0.187500 0.125000
1 0.057033 0.393750 0.114066 0.125000
1 0.126562 0.396875 0.187500 0.125000
1 0.245316 0.396875 0.187500 0.125000
1 0.362503 0.398438 0.187500 0.125000
1 0.082031 0.493750 0.164062 0.125000
1 0.184378 0.490625 0.187500 0.125000
1 0.296878 0.492188 0.187500 0.125000
1 0.410934 0.493750 0.187500 0.125000
1 0.055467 0.590625 0.110934 0.125000
1 0.128128 0.593750 0.187500 0.125000
1 0.239063 0.587500 0.187500 0.125000
1 0.351562 0.592187 0.187500 0.125000
1 0.467184 0.590625 0.187500 0.125000
1 0.578128 0.590625 0.187500 0.125000
1 0.695316 0.595313 0.187500 0.125000
1 0.082814 0.681250 0.165628 0.125000
1 0.179691 0.685937 0.187500 0.125000
1 0.295312 0.689063 0.187500 0.125000
1 0.409378 0.690625 0.187500 0.125000
1 0.525000 0.692187 0.187500 0.125000
1 0.123441 0.782813 0.187500 0.125000
1 0.353128 0.785937 0.187500 0.125000
1 0.234375 0.782813 0.187500 0.125000
1 0.179691 0.876563 0.187500 0.125000
1 0.296878 0.884375 0.187500 0.125000
1 0.407813 0.884375 0.187500 0.125000
1 0.462497 0.787500 0.187500 0.125000
1 0.239063 0.957031 0.187500 0.085938
1 0.346875 0.957812 0.187500 0.084375