1 0.052345 0.657813 0.104691 0.125000
1 0.498441 0.954688 0.187500 0.090625
1 0.170316 0.570312 0.187500 0.125000
1 0.225000 0.478125 0.187500 0.125000
3 0.342188 0.484375 0.187500 0.125000
3 0.460941 0.479688 0.187500 0.125000
3 0.568753 0.475000 0.187500 0.125000
3 0.112500 0.471875 0.187500 0.125000
3 0.073439 0.564063 0.146878 0.125000
2 0.049219 0.865625 0.098437 0.125000
2 0.076561 0.760938 0.153122 0.125000
2 0.112500 0.662500 0.187500 0.125000
2 0.170316 0.767188 0.187500 0.125000
2 0.225000 0.679688 0.187500 0.125000
2 0.276562 0.581250 0.187500 0.125000
2 0.075000 0.950781 0.150000 0.098437
2 0.167184 0.953906 0.187500 0.092187