0 0.417188 0.068750 0.187500 0.125000
2 0.687497 0.164062 0.187500 0.125000
2 0.471872 0.167188 0.187500 0.125000
2 0.525000 0.257812 0.187500 0.125000
2 0.409378 0.254688 0.187500 0.125000
2 0.356250 0.350000 0.187500 0.125000
2 0.251559 0.351562 0.187500 0.125000
2 0.192188 0.256250 0.187500 0.125000
2 0.251559 0.168750 0.187500 0.125000
2 0.306253 0.067187 0.187500 0.125000
2 0.301566 0.442187 0.187500 0.125000
2 0.410934 0.443750 0.187500 0.125000
2 0.245316 0.537500 0.187500 0.125000
2 0.359372 0.540625 0.187500 0.125000
2 0.303122 0.629687 0.187500 0.125000
2 0.193753 0.629687 0.187500 0.125000
2 0.250003 0.728125 0.187500 0.125000
2 0.140625 0.728125 0.187500 0.125000
2 0.060937 0.728125 0.121875 0.125000
2 0.089845 0.631250 0.179691 0.125000
2 0.143747 0.534375 0.187500 0.125000
2 0.192188 0.443750 0.187500 0.125000