4 0.243750 0.504687 0.187500 0.125000
4 0.082814 0.417187 0.165628 0.125000
4 0.240628 0.325000 0.187500 0.125000
4 0.087502 0.232812 0.175003 0.125000
4 0.139059 0.128125 0.187500 0.125000
4 0.251559 0.129688 0.187500 0.125000
4 0.342187 0.134375 0.187500 0.125000
4 0.182813 0.054688 0.187500 0.109375
4 0.301566 0.051562 0.187500 0.103125
4 0.084375 0.048438 0.168750 0.096875
3 0.060937 0.137500 0.121875 0.125000
3 0.520312 0.417187 0.187500 0.125000
3 0.625003 0.415625 0.187500 0.125000
3 0.739059 0.426563 0.187500 0.125000
3 0.696872 0.512500 0.187500 0.125000
3 0.576562 0.512500 0.187500 0.125000
3 0.742191 0.607812 0.187500 0.125000
3 0.681253 0.695312 0.187500 0.125000