4 0.226566 0.054688 0.187500 0.109375
6 0.117188 0.053125 0.187500 0.106250
6 0.168750 0.132812 0.187500 0.125000
6 0.078127 0.135937 0.156253 0.125000
6 0.050002 0.228125 0.100003 0.125000
6 0.050002 0.403125 0.100003 0.125000
6 0.075000 0.490625 0.150000 0.125000
6 0.050002 0.582812 0.100003 0.125000
6 0.075783 0.667188 0.151566 0.125000
6 0.107813 0.745313 0.187500 0.125000
6 0.160941 0.826562 0.187500 0.125000
6 0.210938 0.907813 0.187500 0.125000
6 0.270309 0.965625 0.187500 0.068750
6 0.376566 0.966406 0.187500 0.067187
4 0.487500 0.963281 0.187500 0.073438
6 0.589059 0.962500 0.187500 0.075000
6 0.698438 0.961719 0.187500 0.076562
3 0.806250 0.960156 0.187500 0.079688
3 0.909373 0.959375 0.181253 0.081250
3 0.937498 0.900000 0.125003 0.125000