6 0.087502 0.285938 0.175003 0.125000
6 0.135937 0.185938 0.187500 0.125000
6 0.190622 0.106250 0.187500 0.125000
6 0.250003 0.033594 0.187500 0.067187
6 0.359372 0.032031 0.187500 0.064062
6 0.407813 0.092187 0.187500 0.125000
6 0.456253 0.182812 0.187500 0.125000
6 0.510938 0.279687 0.187500 0.125000
6 0.564066 0.368750 0.187500 0.125000
6 0.615628 0.460938 0.187500 0.125000
6 0.668747 0.551562 0.187500 0.125000
6 0.720309 0.645312 0.187500 0.125000
6 0.768750 0.734375 0.187500 0.125000
6 0.882816 0.734375 0.187500 0.125000
6 0.950000 0.729688 0.100000 0.125000