6 0.450000 0.646875 0.187500 0.125000
6 0.565622 0.648438 0.187500 0.125000
6 0.682809 0.648438 0.187500 0.125000
6 0.799997 0.648438 0.187500 0.125000
6 0.910939 0.651563 0.178122 0.125000
6 0.331247 0.646875 0.187500 0.125000
6 0.215625 0.648438 0.187500 0.125000
6 0.274997 0.750000 0.187500 0.125000
6 0.393750 0.751563 0.187500 0.125000
6 0.509372 0.754687 0.187500 0.125000
6 0.626559 0.754687 0.187500 0.125000
6 0.334378 0.856250 0.187500 0.125000
6 0.450000 0.859375 0.187500 0.125000
6 0.571875 0.856250 0.187500 0.125000
6 0.395316 0.946094 0.187500 0.107812
6 0.509372 0.948438 0.187500 0.103125