4 0.715622 0.417187 0.187500 0.125000
4 0.596878 0.423438 0.187500 0.125000
4 0.645309 0.515625 0.187500 0.125000
4 0.764062 0.325000 0.187500 0.125000
4 0.873441 0.328125 0.187500 0.125000
4 0.825000 0.237500 0.187500 0.125000
4 0.817191 0.060937 0.187500 0.121875
4 0.944530 0.329688 0.110941 0.125000
1 0.381253 0.060937 0.187500 0.121875
1 0.323437 0.148438 0.187500 0.125000
0 0.320316 0.323437 0.187500 0.125000
2 0.218747 0.150000 0.187500 0.125000
2 0.107813 0.146875 0.187500 0.125000
2 0.071873 0.058594 0.143747 0.117188
2 0.273441 0.061719 0.187500 0.123438
1 0.168750 0.057813 0.187500 0.115625
1 0.098437 0.320312 0.187500 0.125000
1 0.260934 0.232812 0.187500 0.125000
1 0.206250 0.325000 0.187500 0.125000