0 0.939842 0.075000 0.120316 0.125000
0 0.864066 0.071875 0.187500 0.125000
0 0.912500 0.168750 0.175000 0.125000
0 0.942186 0.440625 0.115628 0.125000
0 0.913283 0.351562 0.173434 0.125000
0 0.862500 0.256250 0.187500 0.125000
0 0.804684 0.343750 0.187500 0.125000
3 0.865622 0.623437 0.187500 0.125000
3 0.756253 0.625000 0.187500 0.125000
3 0.707812 0.532813 0.187500 0.125000
3 0.590625 0.534375 0.187500 0.125000
3 0.646875 0.435937 0.187500 0.125000
3 0.754687 0.439063 0.187500 0.125000
4 0.531253 0.629687 0.187500 0.125000
3 0.540628 0.812500 0.187500 0.125000
3 0.651563 0.817187 0.187500 0.125000
3 0.421875 0.434375 0.187500 0.125000
3 0.476559 0.340625 0.187500 0.125000
3 0.362503 0.345313 0.187500 0.125000
3 0.312497 0.435937 0.187500 0.125000
3 0.203128 0.435937 0.187500 0.125000
3 0.259378 0.721875 0.187500 0.125000
6 0.058594 0.535937 0.117188 0.125000
6 0.063281 0.723437 0.126563 0.125000
6 0.089845 0.817187 0.179691 0.125000
6 0.145313 0.909375 0.187500 0.125000
6 0.093750 0.962500 0.187500 0.075000