3 0.809372 0.151562 0.187500 0.125000
3 0.914844 0.150000 0.170312 0.125000
3 0.940625 0.246875 0.118750 0.125000
3 0.910156 0.342187 0.179688 0.125000
3 0.854691 0.429688 0.187500 0.125000
3 0.793753 0.520312 0.187500 0.125000
4 0.862500 0.245312 0.187500 0.125000
4 0.798441 0.337500 0.187500 0.125000
4 0.743747 0.242188 0.187500 0.125000
4 0.695316 0.331250 0.187500 0.125000
4 0.740625 0.425000 0.187500 0.125000
4 0.682809 0.517188 0.187500 0.125000
4 0.734372 0.618750 0.187500 0.125000
4 0.626559 0.606250 0.187500 0.125000
4 0.682809 0.698438 0.187500 0.125000
4 0.735938 0.795312 0.187500 0.125000
4 0.675000 0.876563 0.187500 0.125000
3 0.620316 0.950781 0.187500 0.098437
3 0.073439 0.946094 0.146878 0.107812
3 0.117188 0.687500 0.187500 0.125000
1 0.054689 0.515625 0.109378 0.125000
3 0.060155 0.337500 0.120309 0.125000