3 0.126562 0.068750 0.187500 0.125000
3 0.187500 0.167188 0.187500 0.125000
3 0.056250 0.262500 0.112500 0.125000
3 0.082814 0.360938 0.165628 0.125000
0 0.131250 0.846875 0.187500 0.125000
0 0.248437 0.845313 0.187500 0.125000
0 0.190622 0.745313 0.187500 0.125000
0 0.304688 0.753125 0.187500 0.125000
0 0.364059 0.851562 0.187500 0.125000
0 0.189066 0.937500 0.187500 0.125000
0 0.304688 0.941406 0.187500 0.117188
0 0.421875 0.942969 0.187500 0.114062
0 0.250003 0.654687 0.187500 0.125000
0 0.364059 0.651563 0.187500 0.125000
0 0.189066 0.545312 0.187500 0.125000
0 0.246872 0.453125 0.187500 0.125000
0 0.307809 0.550000 0.187500 0.125000
0 0.364059 0.453125 0.187500 0.125000
0 0.412500 0.365625 0.187500 0.125000
0 0.534375 0.362500 0.187500 0.125000
0 0.589059 0.265625 0.187500 0.125000
0 0.479691 0.464063 0.187500 0.125000
0 0.418753 0.554688 0.187500 0.125000
0 0.534375 0.557813 0.187500 0.125000
0 0.589059 0.464063 0.187500 0.125000