3 0.762497 0.966406 0.187500 0.067187
3 0.649997 0.967187 0.187500 0.065625
4 0.260934 0.532813 0.187500 0.125000
4 0.371878 0.529687 0.187500 0.125000
4 0.476559 0.531250 0.187500 0.125000
4 0.593747 0.525000 0.187500 0.125000
4 0.643753 0.432812 0.187500 0.125000
4 0.706247 0.334375 0.187500 0.125000
4 0.484378 0.340625 0.187500 0.125000
4 0.762497 0.432812 0.187500 0.125000
4 0.701559 0.518750 0.187500 0.125000
4 0.817191 0.518750 0.187500 0.125000
4 0.867188 0.617188 0.187500 0.125000
4 0.817191 0.714063 0.187500 0.125000
4 0.917187 0.704688 0.165625 0.125000
4 0.941408 0.803125 0.117184 0.125000