1 0.470316 0.353125 0.187500 0.125000
1 0.589059 0.350000 0.187500 0.125000
1 0.701559 0.353125 0.187500 0.125000
1 0.756253 0.448438 0.187500 0.125000
1 0.695316 0.543750 0.187500 0.125000
2 0.876563 0.262500 0.187500 0.125000
4 0.656250 0.067187 0.187500 0.125000
1 0.085158 0.248437 0.170316 0.125000
1 0.134372 0.345313 0.187500 0.125000
1 0.184378 0.253125 0.187500 0.125000
1 0.237497 0.353125 0.187500 0.125000
1 0.301566 0.442187 0.187500 0.125000
1 0.356250 0.539062 0.187500 0.125000
1 0.412500 0.631250 0.187500 0.125000
1 0.359372 0.725000 0.187500 0.125000