4 0.557813 0.079687 0.187500 0.125000
4 0.453122 0.079687 0.187500 0.125000
4 0.351563 0.081250 0.187500 0.125000
4 0.895313 0.065625 0.187500 0.125000
4 0.784378 0.079687 0.187500 0.125000
4 0.290625 0.171875 0.187500 0.125000
4 0.409378 0.168750 0.187500 0.125000
4 0.514059 0.164062 0.187500 0.125000
3 0.623437 0.162500 0.187500 0.125000
3 0.734372 0.170313 0.187500 0.125000
3 0.842184 0.171875 0.187500 0.125000
3 0.840628 0.353125 0.187500 0.125000
3 0.675000 0.442187 0.187500 0.125000
3 0.237497 0.439063 0.187500 0.125000
3 0.192188 0.354687 0.187500 0.125000
3 0.189066 0.168750 0.187500 0.125000
3 0.135937 0.073437 0.187500 0.125000
3 0.086719 0.346875 0.173437 0.125000