3 0.153122 0.048438 0.187500 0.096875
3 0.092189 0.132812 0.184378 0.125000
3 0.150000 0.235938 0.187500 0.125000
3 0.947656 0.071875 0.104688 0.125000
3 0.918748 0.162500 0.162503 0.125000
3 0.860934 0.256250 0.187500 0.125000
3 0.803128 0.348438 0.187500 0.125000
3 0.911717 0.364063 0.176566 0.125000
3 0.737503 0.442187 0.187500 0.125000
3 0.679688 0.542188 0.187500 0.125000
3 0.732816 0.632812 0.187500 0.125000
3 0.795309 0.542188 0.187500 0.125000
3 0.859378 0.446875 0.187500 0.125000
3 0.906252 0.551562 0.187497 0.125000
3 0.853125 0.643750 0.187500 0.125000
3 0.610941 0.442187 0.187500 0.125000
3 0.559378 0.531250 0.187500 0.125000
3 0.489066 0.628125 0.187500 0.125000
3 0.373434 0.626563 0.187500 0.125000
3 0.246872 0.618750 0.187500 0.125000
4 0.317184 0.525000 0.187500 0.125000
4 0.432816 0.529687 0.187500 0.125000
4 0.499997 0.435937 0.187500 0.125000
4 0.376566 0.434375 0.187500 0.125000
4 0.450000 0.340625 0.187500 0.125000
4 0.565622 0.339062 0.187500 0.125000
1 0.939842 0.645312 0.120316 0.125000