3 0.689063 0.137500 0.187500 0.125000
3 0.804684 0.128125 0.187500 0.125000
3 0.742191 0.228125 0.187500 0.125000
3 0.731250 0.420312 0.187500 0.125000
3 0.610941 0.429688 0.187500 0.125000
3 0.559378 0.339062 0.187500 0.125000
3 0.662503 0.518750 0.187500 0.125000
3 0.778125 0.523438 0.187500 0.125000
3 0.898434 0.515625 0.187500 0.125000
3 0.718753 0.615625 0.187500 0.125000
3 0.656250 0.710938 0.187500 0.125000
3 0.773438 0.715625 0.187500 0.125000
0 0.451566 0.148438 0.187500 0.125000
0 0.337500 0.142187 0.187500 0.125000
0 0.274997 0.060156 0.187500 0.120313