3 0.440625 0.044531 0.187500 0.089063
3 0.323437 0.044531 0.187500 0.089063
3 0.204684 0.042188 0.187500 0.084375
3 0.270309 0.117188 0.187500 0.125000
3 0.379688 0.118750 0.187500 0.125000
3 0.492188 0.118750 0.187500 0.125000
3 0.610941 0.120312 0.187500 0.125000
3 0.550003 0.212500 0.187500 0.125000
3 0.664059 0.214062 0.187500 0.125000
3 0.779691 0.214062 0.187500 0.125000
3 0.720309 0.306250 0.187500 0.125000
3 0.656250 0.401562 0.187500 0.125000
3 0.543750 0.404687 0.187500 0.125000
3 0.489066 0.309375 0.187500 0.125000
2 0.603122 0.307812 0.187500 0.125000
1 0.835941 0.120312 0.187500 0.125000
1 0.895312 0.212500 0.187500 0.125000
4 0.551559 0.044531 0.187500 0.089063
4 0.837497 0.309375 0.187500 0.125000
4 0.775003 0.407813 0.187500 0.125000
1 0.927345 0.501563 0.145309 0.125000
3 0.885938 0.406250 0.187500 0.125000
2 0.926562 0.315625 0.146875 0.125000
2 0.930467 0.126562 0.139066 0.125000
3 0.826566 0.685937 0.187500 0.125000
3 0.712500 0.498437 0.187500 0.125000
3 0.925780 0.685937 0.148441 0.125000