4 0.237497 0.206250 0.187500 0.125000
4 0.348441 0.210938 0.187500 0.125000
4 0.468750 0.215625 0.187500 0.125000
4 0.576562 0.215625 0.187500 0.125000
4 0.634378 0.114062 0.187500 0.125000
4 0.525000 0.114062 0.187500 0.125000
4 0.470316 0.032813 0.187500 0.065625
4 0.175003 0.314063 0.187500 0.125000
4 0.289059 0.314063 0.187500 0.125000
4 0.407813 0.314063 0.187500 0.125000
4 0.523434 0.320312 0.187500 0.125000
4 0.515625 0.523438 0.187500 0.125000
4 0.568753 0.623437 0.187500 0.125000
4 0.750000 0.314063 0.187500 0.125000
6 0.914061 0.218750 0.171878 0.125000
6 0.942186 0.325000 0.115628 0.125000
6 0.915627 0.040625 0.168747 0.081250