4 0.922658 0.437500 0.154684 0.125000
4 0.770316 0.704688 0.187500 0.125000
4 0.714066 0.803125 0.187500 0.125000
4 0.535941 0.906250 0.187500 0.125000
4 0.418753 0.901563 0.187500 0.125000
4 0.657816 0.714063 0.187500 0.125000
4 0.826566 0.807813 0.187500 0.125000
4 0.835941 0.437500 0.187500 0.125000
4 0.596878 0.807813 0.187500 0.125000
4 0.948439 0.531250 0.103122 0.125000
4 0.545316 0.718750 0.187500 0.125000
4 0.479691 0.812500 0.187500 0.125000
4 0.882816 0.714063 0.187500 0.125000
4 0.826566 0.620313 0.187500 0.125000
4 0.922658 0.620313 0.154684 0.125000
4 0.920314 0.817187 0.159372 0.125000
4 0.950783 0.718750 0.098434 0.125000
4 0.770316 0.901563 0.187500 0.125000
3 0.946095 0.915625 0.107809 0.125000