6 0.459375 0.493750 0.187500 0.125000
6 0.398438 0.403125 0.187500 0.125000
6 0.343753 0.314063 0.187500 0.125000
6 0.456253 0.309375 0.187500 0.125000
6 0.567187 0.312500 0.187500 0.125000
6 0.668747 0.307812 0.187500 0.125000
6 0.782813 0.306250 0.187500 0.125000
6 0.889059 0.306250 0.187500 0.125000
6 0.952344 0.301563 0.095313 0.125000
6 0.510938 0.585938 0.187500 0.125000
6 0.570309 0.679688 0.187500 0.125000
6 0.892191 0.675000 0.187500 0.125000
6 0.785934 0.676562 0.187500 0.125000
6 0.678122 0.675000 0.187500 0.125000
6 0.840628 0.582812 0.187500 0.125000
6 0.782813 0.492188 0.187500 0.125000
6 0.729684 0.400000 0.187500 0.125000
6 0.679688 0.492188 0.187500 0.125000
6 0.564066 0.493750 0.187500 0.125000
6 0.893747 0.487500 0.187500 0.125000