6 0.203128 0.448438 0.187500 0.125000
6 0.146878 0.359375 0.187500 0.125000
6 0.251559 0.540625 0.187500 0.125000
6 0.310941 0.628125 0.187500 0.125000
6 0.309375 0.448438 0.187500 0.125000
6 0.251559 0.353125 0.187500 0.125000
6 0.093750 0.451562 0.187500 0.125000
6 0.148434 0.546875 0.187500 0.125000
6 0.201562 0.623437 0.187500 0.125000
6 0.095316 0.618750 0.187500 0.125000
6 0.067969 0.543750 0.135937 0.125000
6 0.069530 0.360938 0.139059 0.125000
6 0.101559 0.268750 0.187500 0.125000
6 0.201562 0.268750 0.187500 0.125000
6 0.307809 0.268750 0.187500 0.125000
6 0.359372 0.354687 0.187500 0.125000
6 0.420309 0.442187 0.187500 0.125000
6 0.362503 0.540625 0.187500 0.125000