2 0.767184 0.796875 0.187500 0.125000
2 0.667191 0.798438 0.187500 0.125000
2 0.868753 0.798438 0.187500 0.125000
2 0.935155 0.801562 0.129691 0.125000
2 0.817191 0.709375 0.187500 0.125000
2 0.865622 0.618750 0.187500 0.125000
2 0.935937 0.620313 0.128125 0.125000
2 0.910156 0.710938 0.179687 0.125000
2 0.818747 0.887500 0.187500 0.125000
2 0.910156 0.884375 0.179687 0.125000
2 0.865622 0.957812 0.187500 0.084375
2 0.934377 0.958594 0.131247 0.082812
4 0.712500 0.707812 0.187500 0.125000
3 0.659372 0.617188 0.187500 0.125000
3 0.564066 0.615625 0.187500 0.125000
3 0.610941 0.704688 0.187500 0.125000
3 0.615628 0.523438 0.187500 0.125000
3 0.714066 0.529687 0.187500 0.125000
3 0.818747 0.528125 0.187500 0.125000
4 0.507816 0.518750 0.187500 0.125000
4 0.407812 0.518750 0.187500 0.125000
4 0.362503 0.429688 0.187500 0.125000
4 0.457809 0.429688 0.187500 0.125000
4 0.559378 0.435937 0.187500 0.125000
4 0.667191 0.440625 0.187500 0.125000
4 0.718753 0.351562 0.187500 0.125000
4 0.821878 0.348438 0.187500 0.125000
4 0.768750 0.435937 0.187500 0.125000
4 0.512503 0.350000 0.187500 0.125000
4 0.404691 0.342187 0.187500 0.125000
3 0.304688 0.518750 0.187500 0.125000
3 0.254691 0.437500 0.187500 0.125000
3 0.203128 0.340625 0.187500 0.125000
3 0.143747 0.429688 0.187500 0.125000
3 0.067186 0.426563 0.134372 0.125000
3 0.100003 0.345313 0.187500 0.125000
3 0.146878 0.256250 0.187500 0.125000
6 0.199997 0.521875 0.187500 0.125000
6 0.098437 0.517188 0.187500 0.125000
6 0.360938 0.612500 0.187500 0.125000
6 0.459375 0.614062 0.187500 0.125000
6 0.407812 0.703125 0.187500 0.125000
6 0.509372 0.700000 0.187500 0.125000
6 0.456253 0.790625 0.187500 0.125000
6 0.356250 0.793750 0.187500 0.125000
6 0.248437 0.792188 0.187500 0.125000
6 0.137503 0.787500 0.187500 0.125000
6 0.064842 0.792188 0.129684 0.125000
1 0.401559 0.878125 0.187500 0.125000
1 0.250003 0.954688 0.187500 0.090625