0 0.762497 0.809375 0.187500 0.125000
0 0.879684 0.801562 0.187500 0.125000
0 0.950783 0.810937 0.098434 0.125000
3 0.709378 0.909375 0.187500 0.125000
6 0.648441 0.810937 0.187500 0.125000
6 0.595313 0.906250 0.187500 0.125000
6 0.481247 0.912500 0.187500 0.125000
6 0.364059 0.909375 0.187500 0.125000
6 0.253125 0.909375 0.187500 0.125000
6 0.198441 0.812500 0.187500 0.125000
6 0.135937 0.718750 0.187500 0.125000
6 0.088280 0.620313 0.176559 0.125000
6 0.058594 0.715625 0.117188 0.125000
6 0.088280 0.814063 0.176559 0.125000
6 0.059377 0.906250 0.118753 0.125000
0 0.951561 0.966406 0.096878 0.067187