2 0.789066 0.692187 0.187500 0.125000
2 0.932033 0.804688 0.135934 0.125000
6 0.348441 0.684375 0.187500 0.125000
6 0.462497 0.681250 0.187500 0.125000
6 0.568753 0.679688 0.187500 0.125000
6 0.684375 0.696875 0.187500 0.125000
4 0.726562 0.585938 0.187500 0.125000
4 0.292191 0.578125 0.187500 0.125000
3 0.176559 0.576562 0.187500 0.125000
4 0.079688 0.767188 0.159375 0.125000
6 0.178125 0.778125 0.187500 0.125000
6 0.052345 0.870313 0.104691 0.125000
6 0.121875 0.871875 0.187500 0.125000
2 0.232809 0.876563 0.187500 0.125000
4 0.229687 0.673438 0.187500 0.125000
2 0.401559 0.781250 0.187500 0.125000