6 0.400003 0.071875 0.187500 0.125000
6 0.514059 0.071875 0.187500 0.125000
6 0.632812 0.071875 0.187500 0.125000
6 0.746878 0.071875 0.187500 0.125000
6 0.343753 0.173437 0.187500 0.125000
6 0.459375 0.173437 0.187500 0.125000
6 0.573441 0.170313 0.187500 0.125000
6 0.695316 0.167187 0.187500 0.125000
6 0.637500 0.267188 0.187500 0.125000
6 0.509372 0.276562 0.187500 0.125000
6 0.401559 0.273438 0.187500 0.125000
6 0.287503 0.265625 0.187500 0.125000
6 0.228122 0.170313 0.187500 0.125000
6 0.110934 0.173437 0.187500 0.125000
6 0.175003 0.078125 0.187500 0.125000
6 0.287503 0.071875 0.187500 0.125000