2 0.837497 0.057031 0.187500 0.114062
2 0.710934 0.057031 0.187500 0.114062
2 0.593747 0.057031 0.187500 0.114062
2 0.465628 0.057031 0.187500 0.114062
2 0.775003 0.151562 0.187500 0.125000
2 0.653128 0.153125 0.187500 0.125000
2 0.532809 0.154688 0.187500 0.125000
2 0.471872 0.260937 0.187500 0.125000
2 0.593747 0.264062 0.187500 0.125000
2 0.714066 0.262500 0.187500 0.125000
2 0.837497 0.253125 0.187500 0.125000
2 0.904687 0.348438 0.187500 0.125000
2 0.782813 0.351562 0.187500 0.125000
2 0.665625 0.357812 0.187500 0.125000
6 0.907813 0.150000 0.184375 0.125000
6 0.931250 0.050000 0.137500 0.100000