6 0.095316 0.735938 0.187500 0.125000
6 0.162497 0.643750 0.187500 0.125000
6 0.226566 0.539062 0.187500 0.125000
6 0.335934 0.543750 0.187500 0.125000
6 0.401559 0.443750 0.187500 0.125000
6 0.389062 0.637500 0.187500 0.125000
6 0.273441 0.637500 0.187500 0.125000
6 0.328125 0.729688 0.187500 0.125000
6 0.376566 0.826562 0.187500 0.125000
6 0.270309 0.829687 0.187500 0.125000
6 0.153122 0.829687 0.187500 0.125000
6 0.069530 0.837500 0.139059 0.125000
6 0.214059 0.926562 0.187500 0.125000
6 0.315628 0.920312 0.187500 0.125000