6 0.754687 0.960156 0.187500 0.079688
4 0.864066 0.960156 0.187500 0.079688
4 0.914844 0.893750 0.170312 0.125000
4 0.689063 0.889062 0.187500 0.125000
4 0.864066 0.801562 0.187500 0.125000
4 0.943752 0.801562 0.112497 0.125000
4 0.915627 0.709375 0.168747 0.125000
4 0.742191 0.614062 0.187500 0.125000
4 0.621872 0.620313 0.187500 0.125000
4 0.803128 0.528125 0.187500 0.125000
4 0.856247 0.442187 0.187500 0.125000
4 0.911717 0.350000 0.176566 0.125000
4 0.793753 0.340625 0.187500 0.125000
4 0.735938 0.440625 0.187500 0.125000
4 0.673434 0.531250 0.187500 0.125000
4 0.862500 0.256250 0.187500 0.125000
4 0.941408 0.259375 0.117184 0.125000
4 0.911717 0.160938 0.176566 0.125000
4 0.859378 0.067187 0.187500 0.125000
4 0.799997 0.159375 0.187500 0.125000
3 0.942186 0.068750 0.115628 0.125000