6 0.124997 0.058594 0.187500 0.117188
6 0.168750 0.140625 0.187500 0.125000
6 0.220313 0.240625 0.187500 0.125000
6 0.332813 0.243750 0.187500 0.125000
6 0.434372 0.242188 0.187500 0.125000
6 0.121875 0.245312 0.187500 0.125000
6 0.054689 0.246875 0.109378 0.125000
6 0.078127 0.331250 0.156253 0.125000
6 0.173438 0.331250 0.187500 0.125000
6 0.274997 0.331250 0.187500 0.125000
6 0.382809 0.331250 0.187500 0.125000
6 0.321872 0.426563 0.187500 0.125000
6 0.217191 0.423438 0.187500 0.125000
6 0.118753 0.426563 0.187500 0.125000