1 0.618750 0.603125 0.187500 0.125000
1 0.404691 0.781250 0.187500 0.125000
1 0.462497 0.870313 0.187500 0.125000
0 0.357816 0.875000 0.187500 0.125000
2 0.668747 0.701562 0.187500 0.125000
2 0.615628 0.782813 0.187500 0.125000
2 0.554691 0.878125 0.187500 0.125000
2 0.721875 0.785937 0.187500 0.125000
2 0.298434 0.950781 0.187500 0.098437
2 0.404691 0.952344 0.187500 0.095313
2 0.504684 0.950000 0.187500 0.100000
2 0.085936 0.598437 0.171872 0.125000
2 0.060937 0.506250 0.121875 0.125000
2 0.126562 0.509375 0.187500 0.125000
3 0.089063 0.415625 0.178125 0.125000
1 0.139059 0.689063 0.187500 0.125000
1 0.196875 0.779687 0.187500 0.125000
0 0.295312 0.423438 0.187500 0.125000
0 0.349997 0.517188 0.187500 0.125000
1 0.948439 0.693750 0.103122 0.125000
1 0.921875 0.606250 0.156250 0.125000