3 0.420309 0.041406 0.187500 0.082812
3 0.132816 0.103125 0.187500 0.125000
3 0.362503 0.117188 0.187500 0.125000
3 0.476559 0.118750 0.187500 0.125000
3 0.531253 0.218750 0.187500 0.125000
1 0.645309 0.223438 0.187500 0.125000
4 0.243750 0.098437 0.187500 0.125000
4 0.080470 0.034375 0.160941 0.068750
4 0.057811 0.093750 0.115622 0.125000
4 0.087502 0.200000 0.175003 0.125000
3 0.189066 0.204688 0.187500 0.125000
3 0.055467 0.293750 0.110934 0.125000
3 0.253125 0.304688 0.187500 0.125000
3 0.367191 0.304688 0.187500 0.125000
2 0.532809 0.044531 0.187500 0.089063
2 0.587503 0.121875 0.187500 0.125000
2 0.698438 0.126562 0.187500 0.125000
2 0.812503 0.132812 0.187500 0.125000
2 0.753122 0.229687 0.187500 0.125000
2 0.701559 0.323437 0.187500 0.125000
2 0.810937 0.321875 0.187500 0.125000
2 0.812503 0.512500 0.187500 0.125000
2 0.916405 0.517188 0.167191 0.125000
2 0.756253 0.601562 0.187500 0.125000
2 0.585937 0.693750 0.187500 0.125000
2 0.471872 0.687500 0.187500 0.125000
2 0.415622 0.784375 0.187500 0.125000
2 0.523434 0.784375 0.187500 0.125000
2 0.637500 0.793750 0.187500 0.125000
3 0.646875 0.595313 0.187500 0.125000
3 0.418753 0.592187 0.187500 0.125000
3 0.484378 0.498437 0.187500 0.125000
3 0.367191 0.495313 0.187500 0.125000
3 0.421875 0.398438 0.187500 0.125000
3 0.534375 0.403125 0.187500 0.125000
3 0.593747 0.310937 0.187500 0.125000
1 0.535941 0.592187 0.187500 0.125000
1 0.871875 0.604688 0.187500 0.125000
1 0.946095 0.418750 0.107809 0.125000
1 0.946095 0.228125 0.107809 0.125000
1 0.921875 0.134375 0.156250 0.125000
1 0.878128 0.052344 0.187500 0.104688
0 0.762497 0.048438 0.187500 0.096875