0 0.115622 0.048438 0.187500 0.096875
1 0.047658 0.050781 0.095316 0.101562
1 0.075783 0.135938 0.151566 0.125000
1 0.173438 0.132812 0.187500 0.125000
1 0.225000 0.049219 0.187500 0.098437
1 0.331247 0.050781 0.187500 0.101562
1 0.278128 0.128125 0.187500 0.125000
1 0.385941 0.126562 0.187500 0.125000
1 0.053123 0.223438 0.106247 0.125000
1 0.117188 0.226562 0.187500 0.125000
1 0.228122 0.223438 0.187500 0.125000
1 0.334378 0.220313 0.187500 0.125000
1 0.442191 0.220313 0.187500 0.125000
1 0.551559 0.220313 0.187500 0.125000
1 0.082031 0.312500 0.164062 0.125000
1 0.176559 0.314063 0.187500 0.125000
1 0.285938 0.310937 0.187500 0.125000
1 0.390628 0.317188 0.187500 0.125000
2 0.496875 0.318750 0.187500 0.125000
2 0.600000 0.314063 0.187500 0.125000
2 0.770316 0.218750 0.187500 0.125000
2 0.490622 0.131250 0.187500 0.125000
2 0.601566 0.128125 0.187500 0.125000
2 0.701559 0.120312 0.187500 0.125000
2 0.818747 0.120312 0.187500 0.125000
2 0.657816 0.046875 0.187500 0.093750
2 0.762497 0.046875 0.187500 0.093750
2 0.440625 0.049219 0.187500 0.098437
1 0.925780 0.676562 0.148441 0.125000
1 0.896878 0.767188 0.187500 0.125000
1 0.785934 0.773438 0.187500 0.125000
1 0.834375 0.684375 0.187500 0.125000
1 0.726562 0.679688 0.187500 0.125000