3 0.371878 0.051562 0.187500 0.103125
3 0.420309 0.123438 0.187500 0.125000
3 0.518747 0.125000 0.187500 0.125000
3 0.465628 0.210938 0.187500 0.125000
3 0.412500 0.468750 0.187500 0.125000
3 0.160941 0.376563 0.187500 0.125000
3 0.114066 0.121875 0.187500 0.125000
3 0.557813 0.557813 0.187500 0.125000
3 0.353128 0.553125 0.187500 0.125000
4 0.167184 0.049219 0.187500 0.098437
4 0.270309 0.049219 0.187500 0.098437
4 0.365625 0.214062 0.187500 0.125000
4 0.873441 0.217187 0.187500 0.125000
4 0.937498 0.220313 0.125003 0.125000
4 0.936720 0.396875 0.126559 0.125000
4 0.814059 0.479688 0.187500 0.125000