6 0.617184 0.796875 0.187500 0.125000
6 0.507816 0.800000 0.187500 0.125000
6 0.475003 0.917188 0.187500 0.125000
4 0.234375 0.947656 0.187500 0.104688
4 0.187500 0.848437 0.187500 0.125000
4 0.239063 0.732812 0.187500 0.125000
4 0.345309 0.689063 0.187500 0.125000
6 0.301566 0.875000 0.187500 0.125000
3 0.398438 0.792188 0.187500 0.125000
3 0.454688 0.695312 0.187500 0.125000
2 0.568753 0.700000 0.187500 0.125000
2 0.676566 0.703125 0.187500 0.125000
2 0.890625 0.721875 0.187500 0.125000
2 0.949217 0.725000 0.101566 0.125000
2 0.925002 0.625000 0.149997 0.125000
2 0.949217 0.535937 0.101566 0.125000
2 0.882816 0.539062 0.187500 0.125000
2 0.840628 0.623437 0.187500 0.125000
2 0.837497 0.801562 0.187500 0.125000
2 0.921875 0.812500 0.156250 0.125000