6 0.164062 0.434375 0.187500 0.125000
6 0.274997 0.429688 0.187500 0.125000
6 0.220313 0.531250 0.187500 0.125000
6 0.329691 0.525000 0.187500 0.125000
6 0.331247 0.339062 0.187500 0.125000
6 0.385941 0.432812 0.187500 0.125000
6 0.440625 0.335938 0.187500 0.125000
6 0.501563 0.242188 0.187500 0.125000
6 0.609375 0.234375 0.187500 0.125000
6 0.556247 0.335938 0.187500 0.125000
6 0.609375 0.428125 0.187500 0.125000
6 0.493753 0.432812 0.187500 0.125000
6 0.440625 0.523438 0.187500 0.125000
6 0.553125 0.520312 0.187500 0.125000
6 0.381253 0.617188 0.187500 0.125000
6 0.437503 0.706250 0.187500 0.125000
6 0.492188 0.793750 0.187500 0.125000