3 0.260934 0.598437 0.187500 0.125000
3 0.424997 0.710938 0.187500 0.125000
3 0.645309 0.712500 0.187500 0.125000
3 0.916405 0.806250 0.167191 0.125000
3 0.940625 0.907813 0.118750 0.125000
3 0.645309 0.907813 0.187500 0.125000
4 0.317184 0.493750 0.187500 0.125000
4 0.601566 0.389062 0.187500 0.125000
4 0.765628 0.496875 0.187500 0.125000
4 0.876563 0.489062 0.187500 0.125000
4 0.947656 0.489062 0.104688 0.125000
4 0.921875 0.384375 0.156250 0.125000
4 0.915627 0.596875 0.168747 0.125000
6 0.943752 0.696875 0.112497 0.125000
6 0.810937 0.812500 0.187500 0.125000
6 0.757809 0.704688 0.187500 0.125000
6 0.817191 0.603125 0.187500 0.125000