3 0.520312 0.845313 0.187500 0.125000
3 0.398438 0.846875 0.187500 0.125000
3 0.285938 0.850000 0.187500 0.125000
3 0.332813 0.737500 0.187500 0.125000
3 0.270309 0.634375 0.187500 0.125000
3 0.454688 0.739062 0.187500 0.125000
3 0.565622 0.737500 0.187500 0.125000
3 0.685941 0.729688 0.187500 0.125000
4 0.072656 0.651563 0.145313 0.125000
4 0.159375 0.639062 0.187500 0.125000
4 0.384375 0.631250 0.187500 0.125000
4 0.493753 0.628125 0.187500 0.125000
4 0.610941 0.628125 0.187500 0.125000
4 0.634378 0.835938 0.187500 0.125000
4 0.731250 0.612500 0.187500 0.125000