3 0.818747 0.248437 0.187500 0.125000
4 0.942969 0.540625 0.114062 0.125000
4 0.919531 0.442187 0.160937 0.125000
4 0.826566 0.443750 0.187500 0.125000
3 0.918748 0.445312 0.162503 0.125000
3 0.826566 0.445312 0.187500 0.125000
3 0.874997 0.535937 0.187500 0.125000
4 0.607809 0.440625 0.187500 0.125000
4 0.653128 0.346875 0.187500 0.125000
4 0.601566 0.248437 0.187500 0.125000
4 0.490622 0.253125 0.187500 0.125000
4 0.439059 0.346875 0.187500 0.125000
4 0.335934 0.532813 0.187500 0.125000
4 0.282816 0.621875 0.187500 0.125000
4 0.232809 0.712500 0.187500 0.125000
4 0.175003 0.809375 0.187500 0.125000
4 0.284372 0.807813 0.187500 0.125000
4 0.124997 0.896875 0.187500 0.125000
4 0.231253 0.895312 0.187500 0.125000
4 0.395316 0.806250 0.187500 0.125000
3 0.443747 0.896875 0.187500 0.125000
3 0.553125 0.893750 0.187500 0.125000
3 0.609375 0.962500 0.187500 0.075000
3 0.292191 0.960938 0.187500 0.078125
3 0.343753 0.896875 0.187500 0.125000
3 0.390628 0.963281 0.187500 0.073438