4 0.950000 0.504687 0.100000 0.125000
4 0.821878 0.417187 0.187500 0.125000
4 0.948439 0.325000 0.103122 0.125000
4 0.831253 0.232812 0.187500 0.125000
4 0.889059 0.128125 0.187500 0.125000
4 0.919531 0.054688 0.160937 0.109375
4 0.825000 0.048438 0.187500 0.096875
4 0.720309 0.052344 0.187500 0.104688
4 0.654684 0.137500 0.187500 0.125000
3 0.778125 0.137500 0.187500 0.125000
3 0.606253 0.229687 0.187500 0.125000
3 0.387497 0.223438 0.187500 0.125000
3 0.429684 0.681250 0.187500 0.125000
3 0.104691 0.676562 0.187500 0.125000
3 0.157809 0.776563 0.187500 0.125000