4 0.226566 0.545312 0.187500 0.125000
4 0.159375 0.646875 0.187500 0.125000
4 0.073439 0.842187 0.146878 0.125000
4 0.051562 0.944531 0.103125 0.110938
4 0.117188 0.950781 0.187500 0.098437
4 0.170316 0.857812 0.187500 0.125000
4 0.232809 0.947656 0.187500 0.104688
4 0.348441 0.950000 0.187500 0.100000
4 0.409378 0.856250 0.187500 0.125000
4 0.515625 0.871875 0.187500 0.125000
4 0.295312 0.854688 0.187500 0.125000
3 0.467184 0.956250 0.187500 0.087500
3 0.635934 0.882812 0.187500 0.125000
3 0.690628 0.964063 0.187500 0.071875
3 0.740625 0.878125 0.187500 0.125000
3 0.862500 0.678125 0.187500 0.125000
3 0.913283 0.787500 0.173434 0.125000
3 0.934377 0.889062 0.131247 0.125000