4 0.231253 0.289062 0.187500 0.125000
4 0.459375 0.095312 0.187500 0.125000
6 0.078127 0.382812 0.156253 0.125000
6 0.050780 0.487500 0.101559 0.125000
6 0.121875 0.485938 0.187500 0.125000
6 0.184378 0.582812 0.187500 0.125000
6 0.235941 0.485938 0.187500 0.125000
6 0.301566 0.587500 0.187500 0.125000
6 0.240628 0.681250 0.187500 0.125000
6 0.128128 0.682813 0.187500 0.125000
6 0.182813 0.779687 0.187500 0.125000
6 0.081248 0.779687 0.162497 0.125000
6 0.053123 0.681250 0.106247 0.125000
6 0.078127 0.587500 0.156253 0.125000