3 0.606253 0.912500 0.187500 0.125000
3 0.717187 0.907813 0.187500 0.125000
3 0.492188 0.907813 0.187500 0.125000
3 0.382809 0.718750 0.187500 0.125000
3 0.609375 0.717187 0.187500 0.125000
4 0.218747 0.050000 0.187500 0.100000
4 0.329691 0.049219 0.187500 0.098437
4 0.385941 0.139063 0.187500 0.125000
4 0.274997 0.134375 0.187500 0.125000
4 0.164062 0.129688 0.187500 0.125000
4 0.069530 0.128125 0.139059 0.125000
4 0.212503 0.232812 0.187500 0.125000
4 0.159375 0.325000 0.187500 0.125000
4 0.270309 0.334375 0.187500 0.125000
3 0.326559 0.237500 0.187500 0.125000
4 0.100003 0.421875 0.187500 0.125000
4 0.209372 0.426563 0.187500 0.125000
3 0.271875 0.529687 0.187500 0.125000
4 0.212503 0.614062 0.187500 0.125000
4 0.321872 0.628125 0.187500 0.125000
4 0.384375 0.528125 0.187500 0.125000