1 0.128128 0.043750 0.187500 0.087500
1 0.243750 0.046094 0.187500 0.092188
1 0.131250 0.239063 0.187500 0.125000
1 0.181247 0.339062 0.187500 0.125000
1 0.367191 0.239063 0.187500 0.125000
1 0.306253 0.342187 0.187500 0.125000
1 0.428128 0.342187 0.187500 0.125000
1 0.364059 0.443750 0.187500 0.125000
1 0.243750 0.443750 0.187500 0.125000
1 0.126562 0.445312 0.187500 0.125000
1 0.077344 0.343750 0.154688 0.125000
0 0.317184 0.129688 0.187500 0.125000
0 0.676566 0.128125 0.187500 0.125000
0 0.614062 0.044531 0.187500 0.089063
6 0.790622 0.329688 0.187500 0.125000
6 0.908595 0.321875 0.182809 0.125000
6 0.935155 0.417187 0.129691 0.125000
6 0.893747 0.525000 0.187500 0.125000
6 0.825000 0.632812 0.187500 0.125000
6 0.882816 0.728125 0.187500 0.125000
6 0.921875 0.837500 0.156250 0.125000
6 0.948439 0.935937 0.103122 0.125000