3 0.762497 0.275000 0.187500 0.125000
3 0.707812 0.365625 0.187500 0.125000
3 0.762497 0.457812 0.187500 0.125000
3 0.712500 0.550000 0.187500 0.125000
3 0.889059 0.631250 0.187500 0.125000
3 0.557813 0.653125 0.187500 0.125000
3 0.610941 0.734375 0.187500 0.125000
3 0.721875 0.731250 0.187500 0.125000
3 0.840628 0.726562 0.187500 0.125000
3 0.785934 0.817187 0.187500 0.125000
3 0.735938 0.909375 0.187500 0.125000
3 0.621872 0.915625 0.187500 0.125000
3 0.510938 0.921875 0.187500 0.125000
3 0.457809 0.832812 0.187500 0.125000
4 0.492188 0.567187 0.187500 0.125000
4 0.409378 0.932813 0.187500 0.125000
4 0.293747 0.937500 0.187500 0.125000
4 0.182812 0.937500 0.187500 0.125000
4 0.595313 0.375000 0.187500 0.125000
4 0.543750 0.468750 0.187500 0.125000
4 0.698438 0.184375 0.187500 0.125000
4 0.424997 0.284375 0.187500 0.125000
4 0.310941 0.296875 0.187500 0.125000
4 0.203128 0.303125 0.187500 0.125000
4 0.090623 0.307812 0.181247 0.125000