2 0.695316 0.909375 0.187500 0.125000
2 0.745313 0.826562 0.187500 0.125000
2 0.809372 0.729688 0.187500 0.125000
2 0.857812 0.642188 0.187500 0.125000
2 0.909373 0.553125 0.181253 0.125000
2 0.321872 0.965625 0.187500 0.068750
2 0.378122 0.906250 0.187500 0.125000
3 0.074217 0.521875 0.148434 0.125000
3 0.067969 0.340625 0.135937 0.125000
2 0.854691 0.457812 0.187500 0.125000
2 0.898434 0.371875 0.187500 0.125000
3 0.840628 0.082812 0.187500 0.125000
4 0.631247 0.076562 0.187500 0.125000
4 0.410934 0.056250 0.187500 0.112500
4 0.092967 0.242188 0.185934 0.125000
4 0.139059 0.142187 0.187500 0.125000