0 0.409378 0.925000 0.187500 0.125000
0 0.465628 0.828125 0.187500 0.125000
0 0.353128 0.829687 0.187500 0.125000
0 0.520312 0.732812 0.187500 0.125000
0 0.406247 0.737500 0.187500 0.125000
1 0.671878 0.435937 0.187500 0.125000
1 0.785934 0.435937 0.187500 0.125000
1 0.842184 0.535937 0.187500 0.125000
1 0.890625 0.435937 0.187500 0.125000
3 0.620316 0.529687 0.187500 0.125000
3 0.503128 0.532813 0.187500 0.125000
3 0.445312 0.435937 0.187500 0.125000
6 0.395316 0.326562 0.187500 0.125000
6 0.335934 0.429688 0.187500 0.125000
6 0.389062 0.534375 0.187500 0.125000
6 0.278128 0.523438 0.187500 0.125000
6 0.175003 0.528125 0.187500 0.125000
6 0.070313 0.523438 0.140625 0.125000
6 0.118753 0.625000 0.187500 0.125000
6 0.232809 0.621875 0.187500 0.125000
6 0.346875 0.628125 0.187500 0.125000
3 0.296878 0.726562 0.187500 0.125000
3 0.185934 0.915625 0.187500 0.125000