3 0.701559 0.103125 0.187500 0.125000
3 0.748434 0.187500 0.187500 0.125000
3 0.648441 0.187500 0.187500 0.125000
3 0.639066 0.038281 0.187500 0.076563
3 0.592191 0.279687 0.187500 0.125000
3 0.439059 0.196875 0.187500 0.125000
3 0.539062 0.193750 0.187500 0.125000
3 0.587503 0.103125 0.187500 0.125000
3 0.489066 0.468750 0.187500 0.125000
3 0.542184 0.565625 0.187500 0.125000
3 0.593747 0.645312 0.187500 0.125000
3 0.493753 0.653125 0.187500 0.125000
3 0.390628 0.646875 0.187500 0.125000
3 0.285938 0.653125 0.187500 0.125000
3 0.334378 0.565625 0.187500 0.125000
3 0.237497 0.739062 0.187500 0.125000
3 0.700003 0.832812 0.187500 0.125000
3 0.651563 0.914062 0.187500 0.125000
3 0.703125 0.967187 0.187500 0.065625