3 0.804684 0.950781 0.187500 0.098437
2 0.332813 0.955469 0.187500 0.089063
1 0.207816 0.954688 0.187500 0.090625
1 0.268753 0.876563 0.187500 0.125000
1 0.389062 0.867188 0.187500 0.125000
1 0.510938 0.867188 0.187500 0.125000
1 0.567188 0.950000 0.187500 0.100000
1 0.446878 0.776563 0.187500 0.125000
1 0.510938 0.682813 0.187500 0.125000
1 0.387497 0.682813 0.187500 0.125000
1 0.274997 0.684375 0.187500 0.125000
1 0.206250 0.779687 0.187500 0.125000
1 0.328125 0.587500 0.187500 0.125000
1 0.568753 0.582812 0.187500 0.125000
1 0.512503 0.489062 0.187500 0.125000
1 0.396872 0.492188 0.187500 0.125000
1 0.276562 0.495313 0.187500 0.125000
1 0.214059 0.403125 0.187500 0.125000
1 0.453122 0.396875 0.187500 0.125000
1 0.395316 0.303125 0.187500 0.125000
1 0.521878 0.304688 0.187500 0.125000
2 0.568753 0.400000 0.187500 0.125000
2 0.331247 0.396875 0.187500 0.125000
2 0.268753 0.298438 0.187500 0.125000
2 0.329691 0.206250 0.187500 0.125000
2 0.681253 0.206250 0.187500 0.125000
2 0.748434 0.300000 0.187500 0.125000
2 0.507816 0.110937 0.187500 0.125000
2 0.387497 0.110937 0.187500 0.125000
2 0.439059 0.038281 0.187500 0.076563
2 0.559378 0.034375 0.187500 0.068750
3 0.320316 0.035156 0.187500 0.070312
2 0.198441 0.039062 0.187500 0.078125
2 0.265622 0.109375 0.187500 0.125000
2 0.143747 0.106250 0.187500 0.125000
2 0.085158 0.036719 0.170316 0.073438