1 0.124997 0.609375 0.187500 0.125000
1 0.184378 0.703125 0.187500 0.125000
1 0.050002 0.800000 0.100003 0.125000
1 0.118753 0.807813 0.187500 0.125000
1 0.239063 0.809375 0.187500 0.125000
1 0.077344 0.900000 0.154688 0.125000
1 0.173438 0.904687 0.187500 0.125000
2 0.529687 0.923438 0.187500 0.125000
2 0.593747 0.828125 0.187500 0.125000
2 0.653128 0.732812 0.187500 0.125000
2 0.714066 0.637500 0.187500 0.125000
2 0.776559 0.535937 0.187500 0.125000
2 0.659372 0.531250 0.187500 0.125000
2 0.542184 0.525000 0.187500 0.125000
2 0.601566 0.631250 0.187500 0.125000
2 0.482812 0.628125 0.187500 0.125000
2 0.360938 0.621875 0.187500 0.125000
2 0.303122 0.714063 0.187500 0.125000
2 0.412500 0.718750 0.187500 0.125000
2 0.534375 0.725000 0.187500 0.125000
2 0.357816 0.815625 0.187500 0.125000
2 0.470316 0.818750 0.187500 0.125000
2 0.412500 0.917188 0.187500 0.125000
2 0.290625 0.909375 0.187500 0.125000
0 0.245316 0.612500 0.187500 0.125000
0 0.307809 0.518750 0.187500 0.125000
0 0.195309 0.514062 0.187500 0.125000
1 0.424997 0.529687 0.187500 0.125000
1 0.485934 0.426563 0.187500 0.125000
1 0.610941 0.432812 0.187500 0.125000
3 0.545316 0.331250 0.187500 0.125000
1 0.431250 0.320312 0.187500 0.125000
3 0.375000 0.215625 0.187500 0.125000
1 0.607809 0.225000 0.187500 0.125000
6 0.489066 0.218750 0.187500 0.125000
3 0.550003 0.115625 0.187500 0.125000
3 0.668747 0.110937 0.187500 0.125000
6 0.429684 0.110937 0.187500 0.125000
6 0.312497 0.101562 0.187500 0.125000
6 0.729684 0.031250 0.187500 0.062500
6 0.842184 0.033594 0.187500 0.067187
6 0.932811 0.036719 0.134378 0.073438