0 0.046875 0.504687 0.093750 0.125000
0 0.114066 0.498437 0.187500 0.125000
0 0.225000 0.493750 0.187500 0.125000
0 0.278128 0.582812 0.187500 0.125000
0 0.168750 0.585938 0.187500 0.125000
0 0.074217 0.590625 0.148434 0.125000
0 0.110934 0.679688 0.187500 0.125000
0 0.047658 0.682813 0.095316 0.125000
2 0.077344 0.404687 0.154688 0.125000
2 0.077344 0.214062 0.154688 0.125000
2 0.340622 0.303125 0.187500 0.125000
2 0.450000 0.304688 0.187500 0.125000
2 0.501563 0.392188 0.187500 0.125000
2 0.340622 0.120312 0.187500 0.125000
2 0.396872 0.042188 0.187500 0.084375
2 0.509372 0.039844 0.187500 0.079687
2 0.446878 0.106250 0.187500 0.125000
0 0.118753 0.117188 0.187500 0.125000
0 0.232809 0.121875 0.187500 0.125000
0 0.223434 0.681250 0.187500 0.125000