4 0.950783 0.041406 0.098434 0.082812
3 0.100003 0.050781 0.187500 0.101562
3 0.667191 0.057813 0.187500 0.115625
3 0.329691 0.055469 0.187500 0.110937
3 0.268753 0.146875 0.187500 0.125000
3 0.165628 0.137500 0.187500 0.125000
3 0.104691 0.235938 0.187500 0.125000
3 0.071095 0.339062 0.142191 0.125000
3 0.648441 0.437500 0.187500 0.125000
3 0.545316 0.240625 0.187500 0.125000
3 0.428128 0.437500 0.187500 0.125000
3 0.156253 0.334375 0.187500 0.125000
3 0.601566 0.339062 0.187500 0.125000
3 0.437503 0.053125 0.187500 0.106250
3 0.751566 0.446875 0.187500 0.125000
3 0.268753 0.339062 0.187500 0.125000
3 0.385941 0.151562 0.187500 0.125000
3 0.217191 0.055469 0.187500 0.110937
3 0.550003 0.053125 0.187500 0.106250
3 0.320316 0.432812 0.187500 0.125000
3 0.489066 0.151562 0.187500 0.125000
3 0.073439 0.132812 0.146878 0.125000
3 0.207816 0.428125 0.187500 0.125000
3 0.146878 0.526563 0.187500 0.125000
3 0.381253 0.535937 0.187500 0.125000
3 0.320316 0.240625 0.187500 0.125000
3 0.259378 0.718750 0.187500 0.125000
3 0.807816 0.550000 0.187500 0.125000
3 0.479691 0.334375 0.187500 0.125000
3 0.704691 0.329688 0.187500 0.125000
3 0.479691 0.535937 0.187500 0.125000
3 0.437503 0.240625 0.187500 0.125000
3 0.653128 0.245312 0.187500 0.125000
3 0.803128 0.348438 0.187500 0.125000
3 0.325003 0.634375 0.187500 0.125000
3 0.104691 0.437500 0.187500 0.125000
3 0.709378 0.146875 0.187500 0.125000
3 0.765628 0.245312 0.187500 0.125000
3 0.540628 0.442187 0.187500 0.125000
3 0.428128 0.625000 0.187500 0.125000
3 0.362503 0.723437 0.187500 0.125000
3 0.915627 0.128125 0.168747 0.125000
3 0.064064 0.535937 0.128128 0.125000
3 0.254691 0.540625 0.187500 0.125000
3 0.385941 0.339062 0.187500 0.125000
3 0.087502 0.615625 0.175003 0.125000
3 0.207816 0.620313 0.187500 0.125000
3 0.831253 0.137500 0.187500 0.125000
3 0.864066 0.231250 0.187500 0.125000
3 0.203128 0.250000 0.187500 0.125000