4 0.207816 0.207813 0.187500 0.125000
4 0.323437 0.209375 0.187500 0.125000
4 0.424997 0.212500 0.187500 0.125000
4 0.482812 0.315625 0.187500 0.125000
4 0.535941 0.214062 0.187500 0.125000
4 0.431250 0.406250 0.187500 0.125000
4 0.490622 0.503125 0.187500 0.125000
4 0.600000 0.504687 0.187500 0.125000
4 0.598434 0.307812 0.187500 0.125000
4 0.653128 0.406250 0.187500 0.125000
4 0.709378 0.503125 0.187500 0.125000
4 0.767184 0.600000 0.187500 0.125000
4 0.821878 0.503125 0.187500 0.125000
4 0.760941 0.406250 0.187500 0.125000
4 0.874997 0.409375 0.187500 0.125000
4 0.914844 0.310937 0.170312 0.125000