1 0.601566 0.460938 0.187500 0.125000
1 0.546872 0.559375 0.187500 0.125000
1 0.664059 0.564063 0.187500 0.125000
1 0.490622 0.659375 0.187500 0.125000
1 0.721875 0.660937 0.187500 0.125000
1 0.845316 0.667188 0.187500 0.125000
1 0.426562 0.760938 0.187500 0.125000
1 0.550003 0.760938 0.187500 0.125000
1 0.665625 0.765625 0.187500 0.125000
1 0.782813 0.768750 0.187500 0.125000
1 0.724997 0.867188 0.187500 0.125000
1 0.484378 0.862500 0.187500 0.125000
1 0.365625 0.857812 0.187500 0.125000
1 0.307809 0.947656 0.187500 0.104688
1 0.426562 0.949219 0.187500 0.101562
1 0.665625 0.950781 0.187500 0.098437
1 0.936720 0.870313 0.126559 0.125000
1 0.939064 0.671875 0.121872 0.125000
1 0.936720 0.473437 0.126559 0.125000
4 0.124997 0.226562 0.187500 0.125000
4 0.242184 0.228125 0.187500 0.125000
4 0.364059 0.235938 0.187500 0.125000
4 0.485934 0.231250 0.187500 0.125000
4 0.593747 0.242188 0.187500 0.125000
4 0.543750 0.351562 0.187500 0.125000
4 0.482812 0.454688 0.187500 0.125000
4 0.357816 0.451562 0.187500 0.125000
4 0.300000 0.346875 0.187500 0.125000
3 0.187500 0.340625 0.187500 0.125000
3 0.721875 0.257812 0.187500 0.125000
3 0.077344 0.131250 0.154688 0.125000