0 0.467184 0.421875 0.187500 0.125000
0 0.354684 0.426563 0.187500 0.125000
0 0.243750 0.429688 0.187500 0.125000
0 0.135937 0.432812 0.187500 0.125000
0 0.190622 0.528125 0.187500 0.125000
0 0.087502 0.531250 0.175003 0.125000
0 0.060937 0.625000 0.121875 0.125000
0 0.193753 0.710938 0.187500 0.125000
0 0.301566 0.704688 0.187500 0.125000
0 0.248437 0.612500 0.187500 0.125000
0 0.254691 0.962500 0.187500 0.075000
0 0.309375 0.892188 0.187500 0.125000
0 0.143747 0.960938 0.187500 0.078125
0 0.063281 0.962500 0.126562 0.075000
3 0.940625 0.495313 0.118750 0.125000
3 0.936720 0.307812 0.126559 0.125000
3 0.910156 0.398438 0.179688 0.125000
3 0.860934 0.495313 0.187500 0.125000