0 0.737503 0.518750 0.187500 0.125000
0 0.792188 0.428125 0.187500 0.125000
0 0.910156 0.421875 0.179688 0.125000
0 0.856247 0.518750 0.187500 0.125000
0 0.937498 0.518750 0.125003 0.125000
0 0.796875 0.615625 0.187500 0.125000
0 0.910156 0.612500 0.179688 0.125000
0 0.742191 0.709375 0.187500 0.125000
0 0.860934 0.709375 0.187500 0.125000
0 0.934377 0.325000 0.131247 0.125000
0 0.848437 0.326562 0.187500 0.125000
0 0.901566 0.231250 0.187500 0.125000
0 0.932033 0.132812 0.135934 0.125000
0 0.846872 0.134375 0.187500 0.125000
0 0.901566 0.050000 0.187500 0.100000
0 0.220312 0.429688 0.187500 0.125000
0 0.393750 0.515625 0.187500 0.125000
6 0.337500 0.425000 0.187500 0.125000
6 0.217191 0.235938 0.187500 0.125000
6 0.453122 0.423438 0.187500 0.125000
6 0.507816 0.521875 0.187500 0.125000
6 0.451566 0.617188 0.187500 0.125000
6 0.570309 0.615625 0.187500 0.125000
6 0.685941 0.612500 0.187500 0.125000
0 0.340622 0.612500 0.187500 0.125000
0 0.229687 0.618750 0.187500 0.125000
1 0.117188 0.620313 0.187500 0.125000
1 0.073439 0.528125 0.146878 0.125000