6 0.343753 0.473437 0.187500 0.125000
6 0.221878 0.478125 0.187500 0.125000
6 0.276562 0.384375 0.187500 0.125000
6 0.287503 0.573438 0.187500 0.125000
6 0.175003 0.575000 0.187500 0.125000
6 0.235941 0.668750 0.187500 0.125000
6 0.345309 0.665625 0.187500 0.125000
6 0.328125 0.287500 0.187500 0.125000
6 0.225000 0.295312 0.187500 0.125000
6 0.273441 0.196875 0.187500 0.125000
6 0.323437 0.106250 0.187500 0.125000
6 0.376566 0.034375 0.187500 0.068750
6 0.267188 0.036719 0.187500 0.073438
6 0.215625 0.106250 0.187500 0.125000
6 0.167184 0.203125 0.187500 0.125000