4 0.067969 0.140625 0.135937 0.125000
4 0.162497 0.134375 0.187500 0.125000
4 0.290625 0.137500 0.187500 0.125000
4 0.217191 0.050000 0.187500 0.100000
4 0.348441 0.048438 0.187500 0.096875
4 0.471872 0.047656 0.187500 0.095312
4 0.590625 0.047656 0.187500 0.095312
4 0.710934 0.046094 0.187500 0.092188
4 0.829688 0.042969 0.187500 0.085938
4 0.782813 0.134375 0.187500 0.125000
4 0.657816 0.131250 0.187500 0.125000
4 0.535941 0.137500 0.187500 0.125000
4 0.106247 0.239063 0.187500 0.125000
4 0.300000 0.350000 0.187500 0.125000
4 0.420309 0.346875 0.187500 0.125000
4 0.479691 0.240625 0.187500 0.125000