4 0.901566 0.137500 0.187500 0.125000
4 0.620316 0.945312 0.187500 0.109375
4 0.732816 0.947656 0.187500 0.104688
4 0.414066 0.568750 0.187500 0.125000
4 0.292191 0.942969 0.187500 0.114062
4 0.803128 0.503125 0.187500 0.125000
4 0.357816 0.667188 0.187500 0.125000
4 0.301566 0.376563 0.187500 0.125000
4 0.512503 0.945312 0.187500 0.109375
4 0.137503 0.095312 0.187500 0.125000
4 0.681253 0.864062 0.187500 0.125000
4 0.582816 0.676562 0.187500 0.125000
4 0.789066 0.868750 0.187500 0.125000
4 0.179691 0.938281 0.187500 0.123437
4 0.475003 0.479688 0.187500 0.125000
4 0.418753 0.203125 0.187500 0.125000
4 0.193753 0.554688 0.187500 0.125000
4 0.746878 0.592187 0.187500 0.125000
4 0.301566 0.568750 0.187500 0.125000
4 0.906252 0.325000 0.187497 0.125000
4 0.526566 0.582812 0.187500 0.125000
4 0.521878 0.770312 0.187500 0.125000
4 0.250003 0.657813 0.187500 0.125000
4 0.087502 0.554688 0.175003 0.125000
4 0.362503 0.475000 0.187500 0.125000
4 0.301566 0.036719 0.187500 0.073438
4 0.737503 0.048438 0.187500 0.096875
4 0.193753 0.189063 0.187500 0.125000
4 0.850003 0.050781 0.187500 0.101562
4 0.357816 0.109375 0.187500 0.125000
4 0.840628 0.950000 0.187500 0.100000
4 0.078127 0.929688 0.156253 0.125000
4 0.531253 0.390625 0.187500 0.125000
4 0.057033 0.643750 0.114066 0.125000
4 0.742191 0.775000 0.187500 0.125000
4 0.059377 0.095312 0.118753 0.125000
4 0.400003 0.945312 0.187500 0.109375
4 0.087502 0.367188 0.175003 0.125000
4 0.193753 0.371875 0.187500 0.125000
4 0.850003 0.779687 0.187500 0.125000
4 0.531253 0.203125 0.187500 0.125000
4 0.057033 0.835938 0.114066 0.125000
4 0.629691 0.212500 0.187500 0.125000
4 0.901566 0.873437 0.187500 0.125000
4 0.418753 0.385937 0.187500 0.125000
4 0.059377 0.268750 0.118753 0.125000
4 0.798441 0.315625 0.187500 0.125000
4 0.793753 0.132812 0.187500 0.125000
4 0.132816 0.278125 0.187500 0.125000
4 0.470316 0.296875 0.187500 0.125000
4 0.085158 0.032031 0.170316 0.064062
4 0.250003 0.104687 0.187500 0.125000
4 0.690628 0.310937 0.187500 0.125000
4 0.184378 0.751563 0.187500 0.125000
4 0.639066 0.400000 0.187500 0.125000
4 0.685941 0.123438 0.187500 0.125000
4 0.634378 0.587500 0.187500 0.125000
4 0.803128 0.681250 0.187500 0.125000
4 0.418753 0.760938 0.187500 0.125000
4 0.850003 0.226562 0.187500 0.125000
4 0.850003 0.592187 0.187500 0.125000
4 0.578128 0.868750 0.187500 0.125000
4 0.746878 0.404687 0.187500 0.125000
4 0.465628 0.859375 0.187500 0.125000
4 0.085158 0.746875 0.170316 0.125000
4 0.348441 0.859375 0.187500 0.125000
4 0.634378 0.048438 0.187500 0.096875
4 0.934377 0.057813 0.131247 0.115625
4 0.582816 0.310937 0.187500 0.125000
4 0.929689 0.784375 0.140622 0.125000
4 0.465628 0.118750 0.187500 0.125000
4 0.908595 0.512500 0.182809 0.125000
4 0.128128 0.653125 0.187500 0.125000
4 0.746878 0.221875 0.187500 0.125000
4 0.932033 0.231250 0.135934 0.125000
4 0.306253 0.193750 0.187500 0.125000
4 0.089845 0.179688 0.179691 0.125000
4 0.245316 0.292187 0.187500 0.125000
4 0.301566 0.751563 0.187500 0.125000
4 0.057033 0.460938 0.114066 0.125000
4 0.250003 0.470313 0.187500 0.125000
4 0.470316 0.671875 0.187500 0.125000
4 0.193753 0.034375 0.187500 0.068750
4 0.695316 0.685937 0.187500 0.125000
4 0.128128 0.840625 0.187500 0.125000
4 0.582816 0.123438 0.187500 0.125000
4 0.934377 0.423438 0.131247 0.125000
4 0.690628 0.498437 0.187500 0.125000
4 0.587503 0.489062 0.187500 0.125000
4 0.925002 0.952344 0.149997 0.095313
4 0.908595 0.690625 0.182809 0.125000
4 0.357816 0.287500 0.187500 0.125000
4 0.934377 0.596875 0.131247 0.125000
4 0.634378 0.770312 0.187500 0.125000
4 0.414066 0.041406 0.187500 0.082812
4 0.854691 0.414062 0.187500 0.125000
4 0.526566 0.050781 0.187500 0.101562
4 0.123441 0.456250 0.187500 0.125000
3 0.235941 0.850000 0.187500 0.125000