0 0.947656 0.712500 0.104688 0.125000
0 0.876563 0.525000 0.187500 0.125000
0 0.768750 0.525000 0.187500 0.125000
0 0.821878 0.426563 0.187500 0.125000
0 0.917188 0.429688 0.165625 0.125000
6 0.946873 0.526563 0.106253 0.125000
6 0.919531 0.620313 0.160937 0.125000
0 0.825000 0.618750 0.187500 0.125000
0 0.878128 0.709375 0.187500 0.125000
0 0.919531 0.806250 0.160937 0.125000
0 0.825000 0.800000 0.187500 0.125000
0 0.665625 0.704688 0.187500 0.125000
0 0.718753 0.617188 0.187500 0.125000
0 0.662503 0.517188 0.187500 0.125000
0 0.718753 0.420312 0.187500 0.125000
0 0.606253 0.417187 0.187500 0.125000
0 0.553125 0.512500 0.187500 0.125000
0 0.606253 0.609375 0.187500 0.125000
0 0.554691 0.701562 0.187500 0.125000
0 0.501563 0.603125 0.187500 0.125000
0 0.446878 0.509375 0.187500 0.125000
0 0.390628 0.412500 0.187500 0.125000
0 0.446878 0.321875 0.187500 0.125000
0 0.337500 0.317188 0.187500 0.125000
0 0.446878 0.696875 0.187500 0.125000
0 0.392184 0.603125 0.187500 0.125000
0 0.334378 0.693750 0.187500 0.125000
0 0.278128 0.600000 0.187500 0.125000
0 0.335934 0.506250 0.187500 0.125000
0 0.390628 0.225000 0.187500 0.125000
0 0.499997 0.220313 0.187500 0.125000
0 0.226566 0.315625 0.187500 0.125000
0 0.170316 0.410938 0.187500 0.125000
0 0.223434 0.509375 0.187500 0.125000
0 0.117188 0.509375 0.187500 0.125000
0 0.170316 0.601562 0.187500 0.125000
0 0.117188 0.314063 0.187500 0.125000
0 0.171872 0.221875 0.187500 0.125000
0 0.229687 0.128125 0.187500 0.125000
0 0.121875 0.126562 0.187500 0.125000
0 0.081248 0.223438 0.162497 0.125000
6 0.335934 0.132812 0.187500 0.125000
6 0.281250 0.223438 0.187500 0.125000
6 0.078127 0.414062 0.156253 0.125000
0 0.050002 0.506250 0.100003 0.125000
0 0.075783 0.603125 0.151566 0.125000
0 0.047658 0.693750 0.095316 0.125000
0 0.074217 0.782813 0.148434 0.125000
0 0.110934 0.696875 0.187500 0.125000
0 0.232809 0.704688 0.187500 0.125000
6 0.051562 0.317188 0.103125 0.125000