4 0.134372 0.517188 0.187500 0.125000
4 0.235941 0.517188 0.187500 0.125000
4 0.343753 0.514062 0.187500 0.125000
3 0.606253 0.434375 0.187500 0.125000
3 0.553125 0.534375 0.187500 0.125000
3 0.659372 0.346875 0.187500 0.125000
3 0.707812 0.246875 0.187500 0.125000
3 0.712500 0.440625 0.187500 0.125000
3 0.765628 0.532813 0.187500 0.125000
3 0.715622 0.628125 0.187500 0.125000
3 0.942186 0.535937 0.115628 0.125000
4 0.235941 0.709375 0.187500 0.125000
6 0.185934 0.614062 0.187500 0.125000
6 0.134372 0.703125 0.187500 0.125000
6 0.089063 0.793750 0.178125 0.125000
6 0.187500 0.798438 0.187500 0.125000
6 0.293747 0.803125 0.187500 0.125000
6 0.343753 0.896875 0.187500 0.125000
6 0.400003 0.964063 0.187500 0.071875
6 0.398438 0.804688 0.187500 0.125000
4 0.185934 0.961719 0.187500 0.076562
6 0.242184 0.895312 0.187500 0.125000