3 0.714066 0.468750 0.187500 0.125000
3 0.595313 0.465625 0.187500 0.125000
3 0.537497 0.562500 0.187500 0.125000
3 0.368747 0.464063 0.187500 0.125000
3 0.314063 0.359375 0.187500 0.125000
3 0.312497 0.559375 0.187500 0.125000
3 0.150000 0.653125 0.187500 0.125000
4 0.071873 0.265625 0.143747 0.125000
4 0.156253 0.262500 0.187500 0.125000
4 0.264066 0.265625 0.187500 0.125000
4 0.367191 0.268750 0.187500 0.125000
4 0.479691 0.270313 0.187500 0.125000
4 0.596878 0.270313 0.187500 0.125000
4 0.715622 0.275000 0.187500 0.125000
4 0.825000 0.281250 0.187500 0.125000
4 0.423441 0.364063 0.187500 0.125000
4 0.534375 0.365625 0.187500 0.125000
4 0.648441 0.365625 0.187500 0.125000
4 0.767184 0.368750 0.187500 0.125000
6 0.067969 0.659375 0.135937 0.125000
0 0.160941 0.871875 0.187500 0.125000
0 0.107813 0.957031 0.187500 0.085938
0 0.212503 0.768750 0.187500 0.125000
0 0.329691 0.773438 0.187500 0.125000
0 0.439059 0.770312 0.187500 0.125000
0 0.557813 0.771875 0.187500 0.125000
0 0.662503 0.778125 0.187500 0.125000
0 0.732816 0.881250 0.187500 0.125000
0 0.831253 0.881250 0.187500 0.125000
0 0.612497 0.882812 0.187500 0.125000
0 0.493753 0.873437 0.187500 0.125000
0 0.390628 0.875000 0.187500 0.125000
0 0.274997 0.873437 0.187500 0.125000
0 0.217191 0.957031 0.187500 0.085938
0 0.331247 0.957812 0.187500 0.084375
0 0.435937 0.961719 0.187500 0.076562
0 0.546872 0.961719 0.187500 0.076562
0 0.785934 0.960156 0.187500 0.079688
0 0.928906 0.884375 0.142188 0.125000