1 0.717187 0.051562 0.187500 0.103125
2 0.950783 0.318750 0.098434 0.125000
2 0.922658 0.054688 0.154684 0.109375
1 0.923436 0.581250 0.153128 0.125000
1 0.950000 0.495313 0.100000 0.125000
1 0.831253 0.398438 0.187500 0.125000
4 0.726562 0.576562 0.187500 0.125000
4 0.668747 0.482812 0.187500 0.125000
4 0.560934 0.476562 0.187500 0.125000
4 0.720309 0.748437 0.187500 0.125000
4 0.615628 0.753125 0.187500 0.125000
3 0.617184 0.564063 0.187500 0.125000
3 0.551559 0.657813 0.187500 0.125000
3 0.510938 0.562500 0.187500 0.125000
3 0.401559 0.565625 0.187500 0.125000
3 0.445312 0.653125 0.187500 0.125000
4 0.451566 0.481250 0.187500 0.125000
2 0.724997 0.396875 0.187500 0.125000
2 0.925002 0.403125 0.149997 0.125000
1 0.671878 0.306250 0.187500 0.125000
3 0.618750 0.390625 0.187500 0.125000
3 0.504684 0.390625 0.187500 0.125000
3 0.560934 0.301563 0.187500 0.125000
4 0.450000 0.295312 0.187500 0.125000
4 0.501563 0.212500 0.187500 0.125000
4 0.614062 0.212500 0.187500 0.125000
1 0.668747 0.131250 0.187500 0.125000
3 0.565622 0.118750 0.187500 0.125000
3 0.451566 0.125000 0.187500 0.125000
3 0.337500 0.114062 0.187500 0.125000
3 0.395316 0.217187 0.187500 0.125000
3 0.504684 0.044531 0.187500 0.089063
3 0.389062 0.046094 0.187500 0.092188
2 0.829688 0.052344 0.187500 0.104688