4 0.942186 0.396875 0.115628 0.125000
4 0.874997 0.395313 0.187500 0.125000
4 0.764062 0.395313 0.187500 0.125000
4 0.651563 0.393750 0.187500 0.125000
4 0.707812 0.307812 0.187500 0.125000
4 0.760941 0.209375 0.187500 0.125000
4 0.870309 0.212500 0.187500 0.125000
4 0.814059 0.114062 0.187500 0.125000
4 0.700003 0.115625 0.187500 0.125000
4 0.595313 0.115625 0.187500 0.125000
4 0.539062 0.210938 0.187500 0.125000
4 0.435937 0.207813 0.187500 0.125000
4 0.321872 0.214062 0.187500 0.125000
4 0.212503 0.220313 0.187500 0.125000
4 0.103125 0.209375 0.187500 0.125000