0 0.075000 0.423438 0.150000 0.125000
0 0.048436 0.517188 0.096872 0.125000
0 0.075000 0.614062 0.150000 0.125000
0 0.168750 0.617188 0.187500 0.125000
0 0.285938 0.617188 0.187500 0.125000
0 0.390628 0.620313 0.187500 0.125000
0 0.115622 0.714063 0.187500 0.125000
0 0.225000 0.721875 0.187500 0.125000
0 0.340622 0.720313 0.187500 0.125000
0 0.396872 0.818750 0.187500 0.125000
0 0.075783 0.803125 0.151566 0.125000
1 0.504684 0.628125 0.187500 0.125000
1 0.903122 0.546875 0.187500 0.125000
1 0.934377 0.645312 0.131247 0.125000
0 0.403125 0.044531 0.187500 0.089063
0 0.570309 0.140625 0.187500 0.125000
0 0.628125 0.052344 0.187500 0.104688