4 0.156253 0.645312 0.187500 0.125000
6 0.074217 0.456250 0.148434 0.125000
6 0.106247 0.357812 0.187500 0.125000
6 0.210938 0.351562 0.187500 0.125000
6 0.326559 0.350000 0.187500 0.125000
6 0.432816 0.350000 0.187500 0.125000
6 0.548438 0.346875 0.187500 0.125000
6 0.596878 0.448438 0.187500 0.125000
6 0.539062 0.542188 0.187500 0.125000
6 0.484378 0.640625 0.187500 0.125000
6 0.431250 0.742188 0.187500 0.125000
6 0.376566 0.839063 0.187500 0.125000
6 0.323437 0.938281 0.187500 0.123437
6 0.489066 0.837500 0.187500 0.125000
6 0.540628 0.929688 0.187500 0.125000
6 0.376566 0.645312 0.187500 0.125000
6 0.320316 0.548438 0.187500 0.125000
6 0.273441 0.451562 0.187500 0.125000
6 0.489066 0.450000 0.187500 0.125000