0 0.495309 0.957031 0.187500 0.085938
0 0.378122 0.956250 0.187500 0.087500
0 0.267188 0.957812 0.187500 0.084375
0 0.151566 0.959375 0.187500 0.081250
0 0.318750 0.882812 0.187500 0.125000
0 0.207816 0.882812 0.187500 0.125000
0 0.096872 0.884375 0.187500 0.125000
0 0.151566 0.787500 0.187500 0.125000
0 0.262500 0.784375 0.187500 0.125000
0 0.373434 0.784375 0.187500 0.125000
0 0.551559 0.873437 0.187500 0.125000
0 0.668747 0.870313 0.187500 0.125000
0 0.607809 0.953906 0.187500 0.092187
0 0.720309 0.950781 0.187500 0.098437
0 0.837497 0.948438 0.187500 0.103125
3 0.829688 0.768750 0.187500 0.125000
3 0.885938 0.670312 0.187500 0.125000
3 0.831253 0.570312 0.187500 0.125000
3 0.887503 0.460938 0.187500 0.125000
3 0.484378 0.581250 0.187500 0.125000
3 0.373434 0.584375 0.187500 0.125000
3 0.318750 0.684375 0.187500 0.125000
6 0.550003 0.678125 0.187500 0.125000
6 0.662503 0.673438 0.187500 0.125000
6 0.775003 0.670312 0.187500 0.125000
6 0.715622 0.571875 0.187500 0.125000
6 0.603122 0.575000 0.187500 0.125000
6 0.659372 0.475000 0.187500 0.125000
6 0.776559 0.470313 0.187500 0.125000
6 0.925780 0.362500 0.148441 0.125000
6 0.829688 0.368750 0.187500 0.125000
6 0.882816 0.259375 0.187500 0.125000
6 0.921875 0.153125 0.156250 0.125000
6 0.820312 0.156250 0.187500 0.125000
6 0.764062 0.059375 0.187500 0.118750
6 0.879684 0.055469 0.187500 0.110937
6 0.947656 0.055469 0.104688 0.110937