4 0.873441 0.184375 0.187500 0.125000
4 0.751566 0.385937 0.187500 0.125000
4 0.803128 0.484375 0.187500 0.125000
4 0.550003 0.184375 0.187500 0.125000
4 0.629691 0.770312 0.187500 0.125000
4 0.681253 0.864062 0.187500 0.125000
4 0.854691 0.578125 0.187500 0.125000
4 0.643753 0.381250 0.187500 0.125000
4 0.760941 0.179688 0.187500 0.125000
4 0.700003 0.282813 0.187500 0.125000
4 0.821878 0.081250 0.187500 0.125000
4 0.629691 0.952344 0.187500 0.095313
4 0.917970 0.090625 0.164059 0.125000
4 0.859378 0.385937 0.187500 0.125000
4 0.901566 0.671875 0.187500 0.125000
4 0.798441 0.671875 0.187500 0.125000
4 0.596878 0.278125 0.187500 0.125000
4 0.470316 0.878125 0.187500 0.125000
4 0.681253 0.671875 0.187500 0.125000
4 0.371878 0.484375 0.187500 0.125000
4 0.943752 0.184375 0.112497 0.125000
4 0.657816 0.189063 0.187500 0.125000
4 0.714066 0.085937 0.187500 0.125000
4 0.531253 0.952344 0.187500 0.095313
4 0.746878 0.573438 0.187500 0.125000
4 0.064064 0.301563 0.128128 0.125000
4 0.901566 0.864062 0.187500 0.125000
4 0.620316 0.085937 0.187500 0.125000
4 0.732816 0.765625 0.187500 0.125000
4 0.573441 0.864062 0.187500 0.125000
4 0.840628 0.950000 0.187500 0.100000
4 0.587503 0.475000 0.187500 0.125000
4 0.908595 0.484375 0.182809 0.125000
4 0.929689 0.950000 0.140622 0.100000
3 0.367191 0.878125 0.187500 0.125000
3 0.418753 0.779687 0.187500 0.125000
3 0.362503 0.681250 0.187500 0.125000