1 0.321872 0.048438 0.187500 0.096875
1 0.207816 0.050000 0.187500 0.100000
1 0.093750 0.050781 0.187500 0.101562
1 0.160941 0.135938 0.187500 0.125000
1 0.104691 0.235938 0.187500 0.125000
1 0.073439 0.326562 0.146878 0.125000
1 0.170316 0.328125 0.187500 0.125000
1 0.231253 0.418750 0.187500 0.125000
1 0.112500 0.425000 0.187500 0.125000
1 0.175003 0.514062 0.187500 0.125000
1 0.080470 0.518750 0.160941 0.125000
1 0.243750 0.601562 0.187500 0.125000
1 0.131250 0.612500 0.187500 0.125000
1 0.196875 0.701562 0.187500 0.125000
1 0.085158 0.704688 0.170316 0.125000
1 0.053123 0.614062 0.106247 0.125000
1 0.137503 0.789062 0.187500 0.125000
1 0.203128 0.889062 0.187500 0.125000
1 0.089845 0.887500 0.179691 0.125000
1 0.260934 0.960156 0.187500 0.079688
1 0.148434 0.961719 0.187500 0.076562
1 0.064842 0.963281 0.129684 0.073438
2 0.609375 0.954688 0.187500 0.090625
2 0.654684 0.873437 0.187500 0.125000
2 0.703125 0.781250 0.187500 0.125000
2 0.757809 0.681250 0.187500 0.125000
2 0.809372 0.585938 0.187500 0.125000
2 0.865622 0.487500 0.187500 0.125000
2 0.908595 0.393750 0.182809 0.125000