3 0.952344 0.712500 0.095313 0.125000
3 0.925002 0.620313 0.149997 0.125000
4 0.952344 0.528125 0.095313 0.125000
4 0.923436 0.437500 0.153128 0.125000
4 0.867188 0.525000 0.187500 0.125000
4 0.809372 0.618750 0.187500 0.125000
4 0.876563 0.704688 0.187500 0.125000
4 0.924219 0.254688 0.151563 0.125000
4 0.881250 0.345313 0.187500 0.125000
4 0.810937 0.434375 0.187500 0.125000
4 0.750000 0.334375 0.187500 0.125000
4 0.815625 0.253125 0.187500 0.125000
4 0.878128 0.157812 0.187500 0.125000
4 0.924219 0.059375 0.151563 0.118750