4 0.375000 0.765625 0.187500 0.125000
4 0.484378 0.768750 0.187500 0.125000
4 0.595313 0.768750 0.187500 0.125000
4 0.701559 0.770312 0.187500 0.125000
3 0.871875 0.681250 0.187500 0.125000
3 0.817191 0.773438 0.187500 0.125000
3 0.762497 0.864062 0.187500 0.125000
3 0.714066 0.950000 0.187500 0.100000
3 0.607809 0.950781 0.187500 0.098437
3 0.542184 0.860938 0.187500 0.125000
3 0.946873 0.871875 0.106253 0.125000
3 0.265622 0.946875 0.187500 0.106250
3 0.162497 0.949219 0.187500 0.101562
3 0.093750 0.867188 0.187500 0.125000
3 0.259378 0.764062 0.187500 0.125000
4 0.646875 0.670312 0.187500 0.125000