4 0.254691 0.412500 0.187500 0.125000
4 0.203128 0.523438 0.187500 0.125000
4 0.415622 0.531250 0.187500 0.125000
4 0.314063 0.525000 0.187500 0.125000
4 0.143747 0.621875 0.187500 0.125000
4 0.256247 0.628125 0.187500 0.125000
4 0.360938 0.635938 0.187500 0.125000
4 0.462497 0.640625 0.187500 0.125000
4 0.576562 0.650000 0.187500 0.125000
4 0.743747 0.100000 0.187500 0.125000
4 0.637500 0.107813 0.187500 0.125000
4 0.523434 0.098437 0.187500 0.125000
6 0.415622 0.087500 0.187500 0.125000
6 0.304688 0.087500 0.187500 0.125000
6 0.192188 0.078125 0.187500 0.125000
6 0.090623 0.071875 0.181247 0.125000