6 0.146878 0.551562 0.187500 0.125000
6 0.092967 0.642188 0.185934 0.125000
6 0.066408 0.726562 0.132816 0.125000
6 0.298434 0.963281 0.187500 0.073438
6 0.151566 0.378125 0.187500 0.125000
6 0.204684 0.292187 0.187500 0.125000
6 0.259378 0.198437 0.187500 0.125000
6 0.367191 0.190625 0.187500 0.125000
6 0.471872 0.182812 0.187500 0.125000
6 0.415622 0.276562 0.187500 0.125000
6 0.310941 0.285938 0.187500 0.125000
6 0.262500 0.381250 0.187500 0.125000
6 0.373434 0.370312 0.187500 0.125000
6 0.467184 0.364063 0.187500 0.125000
3 0.262500 0.551562 0.187500 0.125000
3 0.207816 0.640625 0.187500 0.125000
3 0.148434 0.726562 0.187500 0.125000
3 0.067969 0.550000 0.135937 0.125000
3 0.459375 0.723437 0.187500 0.125000
3 0.510938 0.820312 0.187500 0.125000
3 0.096872 0.817187 0.187500 0.125000
3 0.507816 0.965625 0.187500 0.068750