6 0.952344 0.295312 0.095313 0.125000
6 0.890625 0.292187 0.187500 0.125000
6 0.923436 0.384375 0.153128 0.125000
6 0.947656 0.479688 0.104688 0.125000
6 0.881250 0.478125 0.187500 0.125000
6 0.832809 0.384375 0.187500 0.125000
6 0.779691 0.473437 0.187500 0.125000
6 0.724997 0.381250 0.187500 0.125000
6 0.779691 0.287500 0.187500 0.125000
6 0.673434 0.465625 0.187500 0.125000
6 0.673434 0.289062 0.187500 0.125000
6 0.618750 0.381250 0.187500 0.125000
6 0.571875 0.454688 0.187500 0.125000
6 0.473437 0.456250 0.187500 0.125000
6 0.518747 0.368750 0.187500 0.125000
6 0.573441 0.285938 0.187500 0.125000
6 0.470316 0.278125 0.187500 0.125000
6 0.421875 0.360938 0.187500 0.125000
6 0.373434 0.443750 0.187500 0.125000
6 0.314063 0.351562 0.187500 0.125000
6 0.203128 0.354687 0.187500 0.125000
6 0.256247 0.264062 0.187500 0.125000
6 0.365625 0.267188 0.187500 0.125000
2 0.840628 0.192188 0.187500 0.125000
2 0.928123 0.200000 0.143753 0.125000
2 0.929689 0.042969 0.140622 0.085938