3 0.209372 0.840625 0.187500 0.125000
3 0.320316 0.837500 0.187500 0.125000
3 0.428128 0.835938 0.187500 0.125000
3 0.482812 0.735938 0.187500 0.125000
3 0.370312 0.739062 0.187500 0.125000
3 0.532809 0.639062 0.187500 0.125000
3 0.642188 0.635938 0.187500 0.125000
3 0.756253 0.639062 0.187500 0.125000
3 0.704691 0.740625 0.187500 0.125000
3 0.687497 0.540625 0.187500 0.125000
3 0.740625 0.431250 0.187500 0.125000
3 0.704691 0.928125 0.187500 0.125000
3 0.373434 0.934375 0.187500 0.125000
3 0.270309 0.932813 0.187500 0.125000
4 0.153122 0.937500 0.187500 0.125000
4 0.264066 0.734375 0.187500 0.125000
4 0.069530 0.937500 0.139059 0.125000
4 0.631247 0.435937 0.187500 0.125000
4 0.578128 0.539062 0.187500 0.125000
4 0.520312 0.439063 0.187500 0.125000
4 0.570309 0.334375 0.187500 0.125000
4 0.684375 0.337500 0.187500 0.125000
4 0.795309 0.329688 0.187500 0.125000
4 0.906252 0.329688 0.187497 0.125000
4 0.850003 0.431250 0.187500 0.125000
4 0.804684 0.532813 0.187500 0.125000
4 0.907813 0.529687 0.184375 0.125000
3 0.935937 0.429688 0.128125 0.125000
6 0.087502 0.442187 0.175003 0.125000
6 0.193753 0.443750 0.187500 0.125000
4 0.063281 0.535937 0.126562 0.125000
4 0.142191 0.537500 0.187500 0.125000
4 0.251559 0.534375 0.187500 0.125000
4 0.091406 0.631250 0.182813 0.125000
4 0.201562 0.635938 0.187500 0.125000
3 0.235941 0.342187 0.187500 0.125000