4 0.946095 0.459375 0.107809 0.125000
4 0.914844 0.553125 0.170312 0.125000
4 0.949217 0.643750 0.101566 0.125000
4 0.876563 0.648438 0.187500 0.125000
4 0.818747 0.742188 0.187500 0.125000
6 0.921875 0.740625 0.156250 0.125000
4 0.882816 0.831250 0.187500 0.125000
4 0.925780 0.920312 0.148441 0.125000
4 0.826566 0.923438 0.187500 0.125000
4 0.759375 0.648438 0.187500 0.125000
4 0.750000 0.465625 0.187500 0.125000
4 0.911717 0.365625 0.176566 0.125000
4 0.865622 0.457812 0.187500 0.125000
4 0.740625 0.275000 0.187500 0.125000
4 0.626559 0.275000 0.187500 0.125000
4 0.693750 0.370312 0.187500 0.125000
4 0.581250 0.373437 0.187500 0.125000