1 0.631247 0.964063 0.187500 0.071875
1 0.512503 0.966406 0.187500 0.067187
1 0.407813 0.967187 0.187500 0.065625
1 0.229687 0.914062 0.187500 0.125000
1 0.353128 0.909375 0.187500 0.125000
1 0.464063 0.906250 0.187500 0.125000
1 0.571875 0.895312 0.187500 0.125000
1 0.128128 0.918750 0.187500 0.125000
2 0.179691 0.828125 0.187500 0.125000
2 0.051562 0.928125 0.103125 0.125000
2 0.075783 0.835938 0.151566 0.125000
2 0.120309 0.743750 0.187500 0.125000
1 0.284372 0.820312 0.187500 0.125000
1 0.231253 0.728125 0.187500 0.125000
1 0.176559 0.637500 0.187500 0.125000
1 0.078127 0.643750 0.156253 0.125000
1 0.806250 0.887500 0.187500 0.125000
1 0.690628 0.889062 0.187500 0.125000
1 0.748434 0.792188 0.187500 0.125000
1 0.803128 0.701562 0.187500 0.125000
1 0.945312 0.239063 0.109375 0.125000