1 0.062498 0.192188 0.124997 0.125000
1 0.062498 0.382812 0.124997 0.125000
1 0.090623 0.287500 0.181247 0.125000
1 0.146878 0.189063 0.187500 0.125000
1 0.089845 0.090625 0.179691 0.125000
1 0.203128 0.089062 0.187500 0.125000
1 0.328125 0.090625 0.187500 0.125000
1 0.448434 0.092187 0.187500 0.125000
1 0.265622 0.190625 0.187500 0.125000
1 0.385941 0.193750 0.187500 0.125000
1 0.509372 0.193750 0.187500 0.125000
1 0.628125 0.195312 0.187500 0.125000
1 0.746878 0.201562 0.187500 0.125000
1 0.814059 0.303125 0.187500 0.125000
1 0.870309 0.403125 0.187500 0.125000
1 0.689063 0.293750 0.187500 0.125000
1 0.568753 0.295312 0.187500 0.125000
1 0.453122 0.296875 0.187500 0.125000
1 0.323437 0.290625 0.187500 0.125000
1 0.203128 0.292187 0.187500 0.125000
1 0.626559 0.400000 0.187500 0.125000
1 0.510938 0.398438 0.187500 0.125000
1 0.685941 0.500000 0.187500 0.125000
1 0.746878 0.603125 0.187500 0.125000
1 0.867188 0.604688 0.187500 0.125000
1 0.564066 0.500000 0.187500 0.125000
1 0.445312 0.500000 0.187500 0.125000
1 0.382809 0.398438 0.187500 0.125000
1 0.264066 0.395313 0.187500 0.125000
1 0.151566 0.390625 0.187500 0.125000
1 0.946095 0.604688 0.107809 0.125000
1 0.682809 0.695312 0.187500 0.125000
1 0.807816 0.701562 0.187500 0.125000
1 0.915627 0.707812 0.168747 0.125000
1 0.864066 0.803125 0.187500 0.125000
1 0.943752 0.803125 0.112497 0.125000
1 0.565622 0.701562 0.187500 0.125000
1 0.503128 0.600000 0.187500 0.125000
1 0.628125 0.798438 0.187500 0.125000
1 0.914844 0.909375 0.170312 0.125000
1 0.564066 0.903125 0.187500 0.125000
1 0.503128 0.803125 0.187500 0.125000
1 0.445312 0.703125 0.187500 0.125000
1 0.381253 0.604688 0.187500 0.125000
1 0.321872 0.501563 0.187500 0.125000
1 0.098437 0.490625 0.187500 0.125000
1 0.210937 0.493750 0.187500 0.125000
1 0.260934 0.596875 0.187500 0.125000
1 0.112500 0.709375 0.187500 0.125000
1 0.214059 0.707812 0.187500 0.125000
1 0.328125 0.703125 0.187500 0.125000
1 0.156253 0.814063 0.187500 0.125000
1 0.265622 0.798438 0.187500 0.125000
1 0.384375 0.801562 0.187500 0.125000
1 0.439059 0.903125 0.187500 0.125000
1 0.106247 0.909375 0.187500 0.125000