4 0.662503 0.451562 0.187500 0.125000
4 0.657816 0.643750 0.187500 0.125000
4 0.493753 0.535937 0.187500 0.125000
4 0.606253 0.540625 0.187500 0.125000
4 0.887503 0.095312 0.187500 0.125000
4 0.273441 0.137500 0.187500 0.125000
4 0.718753 0.362500 0.187500 0.125000
4 0.917970 0.938281 0.164059 0.123437
4 0.662503 0.081250 0.187500 0.125000
4 0.925002 0.554688 0.149997 0.125000
4 0.437503 0.240625 0.187500 0.125000
4 0.278128 0.517188 0.187500 0.125000
4 0.718753 0.175000 0.187500 0.125000
4 0.831253 0.554688 0.187500 0.125000
4 0.714066 0.737500 0.187500 0.125000
4 0.442191 0.629687 0.187500 0.125000
4 0.606253 0.165625 0.187500 0.125000
4 0.925002 0.189063 0.149997 0.125000
4 0.109378 0.048438 0.187500 0.096875
4 0.812503 0.929688 0.187500 0.125000
4 0.770316 0.643750 0.187500 0.125000
4 0.775003 0.095312 0.187500 0.125000
4 0.662503 0.264062 0.187500 0.125000
4 0.498441 0.728125 0.187500 0.125000
4 0.278128 0.329688 0.187500 0.125000
4 0.160941 0.128125 0.187500 0.125000
4 0.831253 0.367188 0.187500 0.125000
4 0.925002 0.371875 0.149997 0.125000
4 0.770316 0.835938 0.187500 0.125000
4 0.385941 0.329688 0.187500 0.125000
4 0.606253 0.353125 0.187500 0.125000
4 0.160941 0.320312 0.187500 0.125000
4 0.775003 0.268750 0.187500 0.125000
4 0.550003 0.071875 0.187500 0.125000
4 0.385941 0.146875 0.187500 0.125000
4 0.489066 0.156250 0.187500 0.125000
4 0.075783 0.128125 0.151566 0.125000
4 0.882816 0.278125 0.187500 0.125000
4 0.606253 0.737500 0.187500 0.125000
4 0.498441 0.348438 0.187500 0.125000
4 0.385941 0.531250 0.187500 0.125000
4 0.826566 0.032031 0.187500 0.064062
4 0.226566 0.414062 0.187500 0.125000
4 0.920314 0.751563 0.159372 0.125000
4 0.078127 0.320312 0.156253 0.125000
4 0.550003 0.826562 0.187500 0.125000
4 0.826566 0.746875 0.187500 0.125000
4 0.718753 0.550000 0.187500 0.125000
4 0.432816 0.432812 0.187500 0.125000
4 0.704691 0.925000 0.187500 0.125000
4 0.878128 0.653125 0.187500 0.125000
4 0.217191 0.231250 0.187500 0.125000
4 0.835941 0.179688 0.187500 0.125000
4 0.950783 0.292187 0.098434 0.125000
4 0.770316 0.460938 0.187500 0.125000
4 0.554691 0.634375 0.187500 0.125000
4 0.540628 0.964063 0.187500 0.071875
4 0.325003 0.231250 0.187500 0.125000
4 0.554691 0.442187 0.187500 0.125000
4 0.925002 0.034375 0.149997 0.068750
4 0.657816 0.821875 0.187500 0.125000
4 0.878128 0.840625 0.187500 0.125000
4 0.442191 0.060156 0.187500 0.120313
4 0.554691 0.254688 0.187500 0.125000
4 0.221878 0.053125 0.187500 0.106250
4 0.334378 0.071875 0.187500 0.125000
4 0.873441 0.456250 0.187500 0.125000
3 0.946095 0.850000 0.107809 0.125000