3 0.069530 0.945312 0.139059 0.109375
3 0.151566 0.941406 0.187500 0.117188
3 0.204684 0.859375 0.187500 0.125000
3 0.312497 0.853125 0.187500 0.125000
3 0.257812 0.942969 0.187500 0.114062
6 0.367191 0.585938 0.187500 0.125000
6 0.467184 0.585938 0.187500 0.125000
6 0.568753 0.587500 0.187500 0.125000
6 0.668747 0.587500 0.187500 0.125000
6 0.770316 0.593750 0.187500 0.125000
6 0.868753 0.596875 0.187500 0.125000
6 0.938281 0.603125 0.123438 0.125000
6 0.916405 0.504687 0.167191 0.125000
6 0.821878 0.504687 0.187500 0.125000
6 0.717187 0.501563 0.187500 0.125000
6 0.675000 0.417187 0.187500 0.125000
6 0.770316 0.421875 0.187500 0.125000
6 0.876563 0.415625 0.187500 0.125000
6 0.940625 0.417187 0.118750 0.125000