1 0.178125 0.963281 0.187500 0.073438
1 0.229687 0.904687 0.187500 0.125000
1 0.279684 0.812500 0.187500 0.125000
1 0.231253 0.720313 0.187500 0.125000
1 0.176559 0.628125 0.187500 0.125000
1 0.126562 0.532813 0.187500 0.125000
1 0.080470 0.440625 0.160941 0.125000
4 0.050780 0.348438 0.101559 0.125000
2 0.760941 0.914062 0.187500 0.125000
2 0.812503 0.823438 0.187500 0.125000
2 0.865622 0.914062 0.187500 0.125000
2 0.940625 0.923438 0.118750 0.125000
2 0.914061 0.831250 0.171878 0.125000
2 0.870309 0.735938 0.187500 0.125000
2 0.916405 0.643750 0.167191 0.125000
2 0.942186 0.562500 0.115628 0.125000