4 0.095316 0.570312 0.187500 0.125000
4 0.201562 0.567187 0.187500 0.125000
4 0.143747 0.667188 0.187500 0.125000
4 0.067186 0.665625 0.134372 0.125000
6 0.621872 0.929688 0.187500 0.125000
4 0.525000 0.579688 0.187500 0.125000
4 0.573441 0.667188 0.187500 0.125000
4 0.682809 0.668750 0.187500 0.125000
4 0.623437 0.757812 0.187500 0.125000
4 0.521878 0.762500 0.187500 0.125000
4 0.417188 0.760938 0.187500 0.125000
4 0.360937 0.673438 0.187500 0.125000
4 0.415622 0.579688 0.187500 0.125000
3 0.470316 0.489062 0.187500 0.125000