4 0.080470 0.073437 0.160941 0.125000
4 0.223434 0.165625 0.187500 0.125000
4 0.281250 0.079687 0.187500 0.125000
4 0.389062 0.267188 0.187500 0.125000
4 0.489066 0.270313 0.187500 0.125000
4 0.715622 0.082812 0.187500 0.125000
4 0.817191 0.085938 0.187500 0.125000
4 0.915627 0.089062 0.168747 0.125000
4 0.762497 0.184375 0.187500 0.125000
4 0.871875 0.185938 0.187500 0.125000
4 0.707812 0.282813 0.187500 0.125000
4 0.648441 0.376563 0.187500 0.125000
4 0.760941 0.381250 0.187500 0.125000
4 0.936720 0.387500 0.126559 0.125000