0 0.046875 0.504687 0.093750 0.125000
0 0.077344 0.587500 0.154688 0.125000
0 0.080470 0.773438 0.160941 0.125000
0 0.154688 0.209375 0.187500 0.125000
0 0.482812 0.178125 0.187500 0.125000
0 0.701559 0.162500 0.187500 0.125000
0 0.756253 0.060937 0.187500 0.121875
0 0.919531 0.342187 0.160937 0.125000
4 0.532809 0.073437 0.187500 0.125000
4 0.876563 0.054688 0.187500 0.109375
4 0.821878 0.154688 0.187500 0.125000
4 0.773438 0.253125 0.187500 0.125000
4 0.723441 0.353125 0.187500 0.125000
4 0.660937 0.262500 0.187500 0.125000
4 0.592191 0.171875 0.187500 0.125000
4 0.829688 0.346875 0.187500 0.125000
4 0.664059 0.450000 0.187500 0.125000
4 0.770316 0.446875 0.187500 0.125000
4 0.882816 0.439063 0.187500 0.125000
3 0.482812 0.178125 0.187500 0.125000
3 0.703125 0.165625 0.187500 0.125000
3 0.760941 0.060156 0.187500 0.120313
3 0.921092 0.342187 0.157816 0.125000