3 0.075783 0.675000 0.151566 0.125000
3 0.107813 0.573438 0.187500 0.125000
3 0.226566 0.775000 0.187500 0.125000
3 0.281250 0.685937 0.187500 0.125000
3 0.210938 0.579688 0.187500 0.125000
3 0.340622 0.776563 0.187500 0.125000
3 0.281250 0.876563 0.187500 0.125000
3 0.173438 0.876563 0.187500 0.125000
3 0.046875 0.770312 0.093750 0.125000
3 0.623437 0.678125 0.187500 0.125000
3 0.732816 0.682813 0.187500 0.125000
3 0.785934 0.584375 0.187500 0.125000
3 0.895312 0.585938 0.187500 0.125000
3 0.850003 0.685937 0.187500 0.125000
3 0.789066 0.773438 0.187500 0.125000
3 0.929689 0.490625 0.140622 0.125000
3 0.896878 0.390625 0.187500 0.125000
3 0.784378 0.384375 0.187500 0.125000