3 0.603122 0.958594 0.187500 0.082812
3 0.709378 0.960938 0.187500 0.078125
3 0.820312 0.960156 0.187500 0.079688
3 0.917970 0.958594 0.164059 0.082812
3 0.944530 0.889062 0.110941 0.125000
3 0.768750 0.889062 0.187500 0.125000
3 0.821878 0.801562 0.187500 0.125000
3 0.765628 0.709375 0.187500 0.125000
3 0.664059 0.706250 0.187500 0.125000
3 0.712500 0.614062 0.187500 0.125000
3 0.662503 0.529687 0.187500 0.125000
3 0.770316 0.525000 0.187500 0.125000
3 0.604688 0.437500 0.187500 0.125000
3 0.656250 0.346875 0.187500 0.125000
3 0.709378 0.434375 0.187500 0.125000
3 0.600000 0.248437 0.187500 0.125000
3 0.548438 0.154688 0.187500 0.125000
3 0.493753 0.067187 0.187500 0.125000