3 0.898434 0.443750 0.187500 0.125000
3 0.932811 0.346875 0.134378 0.125000
3 0.848438 0.537500 0.187500 0.125000
3 0.787500 0.631250 0.187500 0.125000
6 0.932033 0.543750 0.135934 0.125000
6 0.901566 0.635938 0.187500 0.125000
6 0.842184 0.726562 0.187500 0.125000
6 0.728128 0.721875 0.187500 0.125000
6 0.679688 0.626563 0.187500 0.125000
6 0.735938 0.532813 0.187500 0.125000
6 0.621872 0.528125 0.187500 0.125000
6 0.679688 0.432812 0.187500 0.125000
6 0.293747 0.514062 0.187500 0.125000
6 0.178125 0.509375 0.187500 0.125000