3 0.239063 0.243750 0.187500 0.125000
3 0.137503 0.240625 0.187500 0.125000
3 0.290625 0.531250 0.187500 0.125000
0 0.129684 0.429688 0.187500 0.125000
0 0.059377 0.434375 0.118753 0.125000
2 0.298434 0.146875 0.187500 0.125000
2 0.418753 0.145313 0.187500 0.125000
2 0.521878 0.139063 0.187500 0.125000
2 0.470316 0.242188 0.187500 0.125000
2 0.523434 0.340625 0.187500 0.125000
2 0.629691 0.337500 0.187500 0.125000
2 0.703125 0.237500 0.187500 0.125000
2 0.740625 0.140625 0.187500 0.125000
2 0.810937 0.054688 0.187500 0.109375
2 0.919531 0.053125 0.160937 0.106250
4 0.859378 0.892188 0.187500 0.125000
4 0.746878 0.898438 0.187500 0.125000
3 0.687497 0.812500 0.187500 0.125000
3 0.571875 0.967187 0.187500 0.065625
4 0.582816 0.810937 0.187500 0.125000
2 0.515625 0.900000 0.187500 0.125000
0 0.290625 0.904687 0.187500 0.125000
2 0.342187 0.967969 0.187500 0.064063
0 0.121875 0.967969 0.187500 0.064063
0 0.051562 0.967187 0.103125 0.065625