6 0.106247 0.500000 0.187500 0.125000
6 0.221878 0.503125 0.187500 0.125000
6 0.342187 0.503125 0.187500 0.125000
6 0.453122 0.493750 0.187500 0.125000
6 0.570309 0.490625 0.187500 0.125000
6 0.282816 0.600000 0.187500 0.125000
6 0.339066 0.703125 0.187500 0.125000
6 0.403125 0.807813 0.187500 0.125000
6 0.279684 0.398438 0.187500 0.125000
6 0.334378 0.285938 0.187500 0.125000
6 0.112500 0.696875 0.187500 0.125000
6 0.234375 0.706250 0.187500 0.125000
6 0.170316 0.800000 0.187500 0.125000
6 0.287503 0.800000 0.187500 0.125000
4 0.639066 0.379688 0.187500 0.125000
4 0.751566 0.385937 0.187500 0.125000
4 0.867188 0.385937 0.187500 0.125000
4 0.692184 0.484375 0.187500 0.125000
4 0.689063 0.285938 0.187500 0.125000
4 0.910939 0.279687 0.178122 0.125000
4 0.692184 0.078125 0.187500 0.125000
4 0.625003 0.178125 0.187500 0.125000