4 0.882816 0.934375 0.187500 0.125000
4 0.653128 0.732812 0.187500 0.125000
4 0.059377 0.826562 0.118753 0.125000
4 0.193753 0.925000 0.187500 0.125000
4 0.193753 0.723437 0.187500 0.125000
4 0.709378 0.826562 0.187500 0.125000
4 0.310941 0.521875 0.187500 0.125000
4 0.475003 0.826562 0.187500 0.125000
4 0.826566 0.629687 0.187500 0.125000
4 0.948439 0.934375 0.103122 0.125000
4 0.362503 0.831250 0.187500 0.125000
4 0.922658 0.835937 0.154684 0.125000
4 0.423441 0.929688 0.187500 0.125000
4 0.922658 0.629687 0.154684 0.125000
4 0.882816 0.732812 0.187500 0.125000
4 0.950783 0.737500 0.098434 0.125000
4 0.887503 0.531250 0.187500 0.125000
4 0.087502 0.925000 0.175003 0.125000
4 0.531253 0.929688 0.187500 0.125000
3 0.203128 0.320312 0.187500 0.125000
3 0.535941 0.728125 0.187500 0.125000
3 0.657816 0.325000 0.187500 0.125000
3 0.137503 0.826562 0.187500 0.125000
3 0.765628 0.728125 0.187500 0.125000
3 0.657816 0.521875 0.187500 0.125000
3 0.596878 0.826562 0.187500 0.125000
3 0.831253 0.428125 0.187500 0.125000
3 0.545316 0.526563 0.187500 0.125000
3 0.545316 0.320312 0.187500 0.125000
3 0.950783 0.531250 0.098434 0.125000
3 0.714066 0.428125 0.187500 0.125000
3 0.770316 0.526563 0.187500 0.125000
3 0.367191 0.625000 0.187500 0.125000
3 0.432816 0.517188 0.187500 0.125000
3 0.596878 0.625000 0.187500 0.125000
3 0.927345 0.423438 0.145309 0.125000
3 0.484378 0.625000 0.187500 0.125000