3 0.598434 0.041406 0.187500 0.082812
3 0.653128 0.114062 0.187500 0.125000
3 0.706247 0.040625 0.187500 0.081250
3 0.764062 0.112500 0.187500 0.125000
3 0.818747 0.209375 0.187500 0.125000
3 0.592191 0.214062 0.187500 0.125000
3 0.531253 0.114062 0.187500 0.125000
3 0.482812 0.041406 0.187500 0.082812
4 0.064064 0.037500 0.128128 0.075000
1 0.587503 0.582812 0.187500 0.125000
4 0.059377 0.947656 0.118753 0.104688
4 0.254691 0.390625 0.187500 0.125000
4 0.193753 0.864062 0.187500 0.125000
4 0.946095 0.681250 0.107809 0.125000
4 0.470316 0.950000 0.187500 0.100000
4 0.367191 0.578125 0.187500 0.125000
4 0.582816 0.950000 0.187500 0.100000
4 0.306253 0.484375 0.187500 0.125000
4 0.917970 0.587500 0.164059 0.125000
4 0.700003 0.950000 0.187500 0.100000
4 0.760941 0.306250 0.187500 0.125000
4 0.878128 0.114062 0.187500 0.125000
4 0.765628 0.493750 0.187500 0.125000
4 0.137503 0.578125 0.187500 0.125000
4 0.418753 0.864062 0.187500 0.125000
4 0.592191 0.770312 0.187500 0.125000
4 0.817191 0.395313 0.187500 0.125000
4 0.137503 0.945312 0.187500 0.109375
4 0.913283 0.952344 0.173434 0.095313
4 0.943752 0.868750 0.112497 0.125000
4 0.531253 0.676562 0.187500 0.125000
4 0.700003 0.587500 0.187500 0.125000
4 0.709378 0.395313 0.187500 0.125000
4 0.873441 0.489062 0.187500 0.125000
4 0.061720 0.036719 0.123441 0.073438
3 0.092189 0.104687 0.184378 0.125000
3 0.367191 0.207813 0.187500 0.125000
3 0.362503 0.950000 0.187500 0.100000
3 0.254691 0.203125 0.187500 0.125000
3 0.648441 0.676562 0.187500 0.125000
3 0.198441 0.671875 0.187500 0.125000
3 0.873441 0.681250 0.187500 0.125000
3 0.535941 0.864062 0.187500 0.125000
3 0.643753 0.864062 0.187500 0.125000
3 0.648441 0.301563 0.187500 0.125000
3 0.821878 0.212500 0.187500 0.125000
3 0.704691 0.207813 0.187500 0.125000
3 0.596878 0.207813 0.187500 0.125000
3 0.479691 0.207813 0.187500 0.125000
3 0.367191 0.395313 0.187500 0.125000
3 0.423441 0.484375 0.187500 0.125000
3 0.371878 0.041406 0.187500 0.082812
3 0.061720 0.765625 0.123441 0.125000
3 0.061720 0.573438 0.123441 0.125000
3 0.250003 0.765625 0.187500 0.125000
3 0.484378 0.041406 0.187500 0.082812
3 0.946095 0.301563 0.107809 0.125000
3 0.948439 0.118750 0.103122 0.125000
3 0.479691 0.395313 0.187500 0.125000
3 0.306253 0.671875 0.187500 0.125000
3 0.137503 0.770312 0.187500 0.125000
3 0.198441 0.296875 0.187500 0.125000
3 0.475003 0.770312 0.187500 0.125000
3 0.203128 0.104687 0.187500 0.125000
3 0.948439 0.493750 0.103122 0.125000
3 0.817191 0.587500 0.187500 0.125000
3 0.915627 0.770312 0.168747 0.125000
3 0.310941 0.296875 0.187500 0.125000
3 0.193753 0.479688 0.187500 0.125000
3 0.760941 0.676562 0.187500 0.125000
3 0.756253 0.868750 0.187500 0.125000
3 0.540628 0.114062 0.187500 0.125000
3 0.920314 0.212500 0.159372 0.125000
3 0.765628 0.109375 0.187500 0.125000
3 0.648441 0.489062 0.187500 0.125000
3 0.087502 0.671875 0.175003 0.125000
3 0.920314 0.043750 0.159372 0.087500
3 0.146878 0.039062 0.187500 0.078125
3 0.423441 0.114062 0.187500 0.125000
3 0.817191 0.765625 0.187500 0.125000
3 0.142191 0.198438 0.187500 0.125000
3 0.596878 0.390625 0.187500 0.125000
3 0.709378 0.039062 0.187500 0.078125
3 0.878128 0.301563 0.187500 0.125000
3 0.920314 0.395313 0.159372 0.125000
3 0.089845 0.479688 0.179691 0.125000
3 0.653128 0.109375 0.187500 0.125000
3 0.418753 0.676562 0.187500 0.125000
3 0.064064 0.193750 0.128128 0.125000
3 0.250003 0.582812 0.187500 0.125000
3 0.423441 0.296875 0.187500 0.125000
3 0.310941 0.114062 0.187500 0.125000
3 0.601566 0.039062 0.187500 0.078125
3 0.826566 0.041406 0.187500 0.082812
3 0.142191 0.385937 0.187500 0.125000
3 0.092189 0.296875 0.184378 0.125000
3 0.268753 0.036719 0.187500 0.073438