4 0.073439 0.595313 0.146878 0.125000
4 0.164062 0.600000 0.187500 0.125000
4 0.276562 0.596875 0.187500 0.125000
4 0.393750 0.601562 0.187500 0.125000
4 0.507816 0.600000 0.187500 0.125000
4 0.112500 0.506250 0.187500 0.125000
4 0.225000 0.503125 0.187500 0.125000
4 0.173438 0.414062 0.187500 0.125000
4 0.055467 0.318750 0.110934 0.125000
4 0.225000 0.314063 0.187500 0.125000
4 0.129684 0.315625 0.187500 0.125000
4 0.104691 0.693750 0.187500 0.125000
4 0.218747 0.696875 0.187500 0.125000
4 0.323437 0.687500 0.187500 0.125000
4 0.342187 0.498437 0.187500 0.125000
4 0.285938 0.403125 0.187500 0.125000