3 0.927345 0.046875 0.145309 0.093750
3 0.615628 0.047656 0.187500 0.095312
3 0.515625 0.046094 0.187500 0.092188
3 0.675000 0.126562 0.187500 0.125000
3 0.729684 0.212500 0.187500 0.125000
3 0.618750 0.215625 0.187500 0.125000
3 0.928906 0.215625 0.142188 0.125000
4 0.182812 0.392188 0.187500 0.125000
4 0.359372 0.840625 0.187500 0.125000
6 0.196875 0.564063 0.187500 0.125000
6 0.087502 0.565625 0.175003 0.125000
6 0.142191 0.834375 0.187500 0.125000
6 0.523434 0.929688 0.187500 0.125000
6 0.415622 0.929688 0.187500 0.125000
6 0.460941 0.843750 0.187500 0.125000
6 0.565622 0.848437 0.187500 0.125000