6 0.209372 0.375000 0.187500 0.125000
6 0.318750 0.384375 0.187500 0.125000
6 0.264066 0.289062 0.187500 0.125000
6 0.370312 0.292187 0.187500 0.125000
6 0.201562 0.200000 0.187500 0.125000
6 0.150000 0.281250 0.187500 0.125000
6 0.317184 0.203125 0.187500 0.125000
6 0.264066 0.109375 0.187500 0.125000
1 0.426562 0.044531 0.187500 0.089063
0 0.529687 0.046875 0.187500 0.093750
1 0.535941 0.212500 0.187500 0.125000
1 0.709378 0.485938 0.187500 0.125000
1 0.817191 0.490625 0.187500 0.125000
1 0.762497 0.400000 0.187500 0.125000
1 0.704691 0.307812 0.187500 0.125000