3 0.070312 0.728125 0.140625 0.125000
3 0.592191 0.335938 0.187500 0.125000
0 0.731250 0.315625 0.187500 0.125000
0 0.639066 0.237500 0.187500 0.125000
0 0.526566 0.245312 0.187500 0.125000
0 0.362503 0.346875 0.187500 0.125000
0 0.254691 0.346875 0.187500 0.125000
0 0.445312 0.625000 0.187500 0.125000
0 0.325003 0.628125 0.187500 0.125000
0 0.207816 0.626563 0.187500 0.125000
0 0.101559 0.631250 0.187500 0.125000
0 0.262500 0.529687 0.187500 0.125000
0 0.150000 0.537500 0.187500 0.125000
1 0.418753 0.251563 0.187500 0.125000
1 0.303122 0.251563 0.187500 0.125000
1 0.578128 0.143750 0.187500 0.125000
1 0.643753 0.050000 0.187500 0.100000
1 0.776559 0.050000 0.187500 0.100000
1 0.134372 0.167187 0.187500 0.125000
1 0.095316 0.446875 0.187500 0.125000