3 0.682809 0.060156 0.187500 0.120313
3 0.685941 0.242188 0.187500 0.125000
3 0.576562 0.240625 0.187500 0.125000
3 0.515625 0.329688 0.187500 0.125000
3 0.628125 0.332813 0.187500 0.125000
3 0.739059 0.337500 0.187500 0.125000
3 0.574997 0.426563 0.187500 0.125000
3 0.459375 0.423438 0.187500 0.125000
3 0.520312 0.521875 0.187500 0.125000
3 0.346875 0.426563 0.187500 0.125000
3 0.293747 0.520312 0.187500 0.125000
3 0.245316 0.423438 0.187500 0.125000
3 0.793753 0.428125 0.187500 0.125000
3 0.745313 0.517188 0.187500 0.125000
3 0.936720 0.525000 0.126559 0.125000
3 0.936720 0.710938 0.126559 0.125000
3 0.856247 0.715625 0.187500 0.125000
3 0.798441 0.807813 0.187500 0.125000
3 0.743747 0.904687 0.187500 0.125000