4 0.928123 0.042969 0.143753 0.085938
4 0.837497 0.042969 0.187500 0.085938
4 0.723441 0.045312 0.187500 0.090625
4 0.782813 0.120312 0.187500 0.125000
4 0.893747 0.115625 0.187500 0.125000
4 0.835941 0.214062 0.187500 0.125000
4 0.724997 0.223438 0.187500 0.125000
4 0.607809 0.223438 0.187500 0.125000
4 0.495309 0.228125 0.187500 0.125000
4 0.503128 0.425000 0.187500 0.125000
4 0.612497 0.421875 0.187500 0.125000
4 0.387497 0.417187 0.187500 0.125000
4 0.268753 0.425000 0.187500 0.125000
4 0.156253 0.429688 0.187500 0.125000
4 0.065625 0.426563 0.131250 0.125000
4 0.092189 0.329688 0.184378 0.125000
4 0.062498 0.237500 0.124997 0.125000
4 0.091406 0.139063 0.182812 0.125000
4 0.154688 0.234375 0.187500 0.125000
4 0.262500 0.226562 0.187500 0.125000
4 0.384375 0.225000 0.187500 0.125000