3 0.292191 0.966406 0.187500 0.067187
3 0.351562 0.898438 0.187500 0.125000
3 0.415622 0.800000 0.187500 0.125000
3 0.201562 0.628125 0.187500 0.125000
3 0.254691 0.539062 0.187500 0.125000
3 0.314063 0.623437 0.187500 0.125000
3 0.209372 0.451562 0.187500 0.125000
3 0.375000 0.164062 0.187500 0.125000
3 0.328125 0.073437 0.187500 0.125000
3 0.437503 0.064062 0.187500 0.125000
3 0.535941 0.061719 0.187500 0.123438
3 0.609375 0.153125 0.187500 0.125000
3 0.648441 0.243750 0.187500 0.125000
3 0.531253 0.432812 0.187500 0.125000
6 0.660937 0.057813 0.187500 0.115625
6 0.765628 0.054688 0.187500 0.109375