3 0.942186 0.515625 0.115628 0.125000
3 0.914844 0.601562 0.170312 0.125000
3 0.917188 0.246875 0.165625 0.125000
3 0.823434 0.246875 0.187500 0.125000
3 0.771872 0.153125 0.187500 0.125000
3 0.717187 0.067187 0.187500 0.125000
3 0.615628 0.067187 0.187500 0.125000
3 0.403125 0.067187 0.187500 0.125000
3 0.450000 0.153125 0.187500 0.125000
3 0.295312 0.234375 0.187500 0.125000
3 0.189066 0.235938 0.187500 0.125000
3 0.343753 0.501563 0.187500 0.125000
6 0.659372 0.334375 0.187500 0.125000
6 0.715622 0.421875 0.187500 0.125000
6 0.815625 0.425000 0.187500 0.125000
6 0.554691 0.329688 0.187500 0.125000
6 0.448434 0.326562 0.187500 0.125000
6 0.189066 0.406250 0.187500 0.125000
6 0.084375 0.404687 0.168750 0.125000