1 0.086719 0.590625 0.173437 0.125000
1 0.134372 0.498437 0.187500 0.125000
1 0.135937 0.689063 0.187500 0.125000
1 0.190622 0.592187 0.187500 0.125000
1 0.307809 0.595313 0.187500 0.125000
1 0.371878 0.501563 0.187500 0.125000
1 0.309375 0.409375 0.187500 0.125000
1 0.204684 0.218750 0.187500 0.125000
1 0.475003 0.690625 0.187500 0.125000
6 0.823434 0.495313 0.187500 0.125000
6 0.881250 0.587500 0.187500 0.125000
6 0.925002 0.495313 0.149997 0.125000
6 0.949217 0.779687 0.101566 0.125000
3 0.921092 0.684375 0.157816 0.125000
3 0.950783 0.593750 0.098434 0.125000
3 0.889059 0.400000 0.187500 0.125000
3 0.606253 0.309375 0.187500 0.125000