1 0.525000 0.671875 0.187500 0.125000
1 0.634378 0.665625 0.187500 0.125000
1 0.681253 0.765625 0.187500 0.125000
1 0.793753 0.760938 0.187500 0.125000
1 0.854691 0.668750 0.187500 0.125000
1 0.459375 0.756250 0.187500 0.125000
1 0.571875 0.757812 0.187500 0.125000
1 0.510938 0.851562 0.187500 0.125000
1 0.623437 0.848437 0.187500 0.125000
1 0.729684 0.842187 0.187500 0.125000
1 0.678122 0.935937 0.187500 0.125000
1 0.460941 0.939844 0.187500 0.120313
1 0.406247 0.850000 0.187500 0.125000
1 0.351562 0.760938 0.187500 0.125000
1 0.301566 0.665625 0.187500 0.125000
1 0.250003 0.754687 0.187500 0.125000
1 0.187500 0.850000 0.187500 0.125000
1 0.132816 0.937500 0.187500 0.125000
1 0.235941 0.939844 0.187500 0.120313
1 0.084375 0.845313 0.168750 0.125000
2 0.137503 0.764062 0.187500 0.125000
2 0.089063 0.670312 0.178125 0.125000
1 0.062498 0.573438 0.124997 0.125000
0 0.142191 0.575000 0.187500 0.125000
1 0.090623 0.479688 0.181247 0.125000
1 0.062498 0.385937 0.124997 0.125000
1 0.364059 0.381250 0.187500 0.125000
2 0.418753 0.292187 0.187500 0.125000
4 0.201562 0.478125 0.187500 0.125000
4 0.254691 0.570312 0.187500 0.125000
1 0.304688 0.476562 0.187500 0.125000