3 0.048436 0.051562 0.096872 0.103125
3 0.410934 0.415625 0.187500 0.125000
4 0.667191 0.509375 0.187500 0.125000
4 0.717187 0.425000 0.187500 0.125000
4 0.768750 0.509375 0.187500 0.125000
4 0.868753 0.514062 0.187500 0.125000
4 0.912500 0.421875 0.175000 0.125000
4 0.942969 0.339062 0.114063 0.125000
4 0.916405 0.245312 0.167191 0.125000
4 0.879684 0.151562 0.187500 0.125000
4 0.778125 0.148438 0.187500 0.125000
4 0.724997 0.062500 0.187500 0.125000
4 0.626559 0.058594 0.187500 0.117188
4 0.517191 0.058594 0.187500 0.117188