2 0.046875 0.918750 0.093750 0.125000
2 0.114066 0.926562 0.187500 0.125000
2 0.225000 0.928125 0.187500 0.125000
2 0.340622 0.934375 0.187500 0.125000
2 0.454688 0.935937 0.187500 0.125000
1 0.573441 0.557813 0.187500 0.125000
1 0.175003 0.446875 0.187500 0.125000
1 0.118753 0.348438 0.187500 0.125000
4 0.048436 0.343750 0.096872 0.125000
3 0.077344 0.057813 0.154688 0.115625
1 0.398438 0.262500 0.187500 0.125000
1 0.340622 0.356250 0.187500 0.125000
1 0.226566 0.351562 0.187500 0.125000
2 0.406247 0.460938 0.187500 0.125000
2 0.517191 0.464063 0.187500 0.125000
2 0.453122 0.560937 0.187500 0.125000
2 0.335934 0.546875 0.187500 0.125000
2 0.284372 0.450000 0.187500 0.125000
1 0.398438 0.650000 0.187500 0.125000