6 0.489066 0.047656 0.187500 0.095312
6 0.387497 0.046875 0.187500 0.093750
6 0.432816 0.117188 0.187500 0.125000
6 0.328125 0.117188 0.187500 0.125000
6 0.273441 0.206250 0.187500 0.125000
6 0.376566 0.207813 0.187500 0.125000
6 0.220312 0.292187 0.187500 0.125000
6 0.170316 0.381250 0.187500 0.125000
6 0.271875 0.387500 0.187500 0.125000
6 0.220312 0.470313 0.187500 0.125000
6 0.167184 0.560937 0.187500 0.125000
6 0.215625 0.651563 0.187500 0.125000
6 0.157809 0.739062 0.187500 0.125000
6 0.107813 0.825000 0.187500 0.125000
6 0.074217 0.910937 0.148434 0.125000
6 0.047658 0.967969 0.095316 0.064063