0 0.553125 0.957031 0.187500 0.085938
0 0.657816 0.953125 0.187500 0.093750
3 0.952344 0.953906 0.095313 0.092187
3 0.922658 0.867188 0.154684 0.125000
3 0.882816 0.952344 0.187500 0.095313
3 0.715622 0.876563 0.187500 0.125000
3 0.882816 0.770312 0.187500 0.125000
3 0.952344 0.764062 0.095313 0.125000
3 0.930467 0.664062 0.139066 0.125000
3 0.895312 0.557813 0.187500 0.125000
1 0.685941 0.581250 0.187500 0.125000
1 0.496875 0.687500 0.187500 0.125000
1 0.621872 0.692187 0.187500 0.125000
0 0.664059 0.778125 0.187500 0.125000
0 0.559378 0.784375 0.187500 0.125000
0 0.600000 0.878125 0.187500 0.125000
0 0.493753 0.887500 0.187500 0.125000
0 0.437503 0.792188 0.187500 0.125000