6 0.290625 0.284375 0.187500 0.125000
6 0.400003 0.281250 0.187500 0.125000
6 0.509372 0.275000 0.187500 0.125000
6 0.168750 0.467187 0.187500 0.125000
6 0.284372 0.464063 0.187500 0.125000
6 0.395316 0.459375 0.187500 0.125000
6 0.507816 0.460938 0.187500 0.125000
6 0.110934 0.559375 0.187500 0.125000
6 0.228122 0.559375 0.187500 0.125000
6 0.339066 0.557813 0.187500 0.125000
6 0.446878 0.556250 0.187500 0.125000
6 0.171872 0.645312 0.187500 0.125000
6 0.226566 0.739062 0.187500 0.125000
6 0.107813 0.746875 0.187500 0.125000
6 0.167184 0.828125 0.187500 0.125000
6 0.279684 0.828125 0.187500 0.125000
4 0.746878 0.267188 0.187500 0.125000
4 0.856247 0.273438 0.187500 0.125000
4 0.462497 0.032813 0.187500 0.065625
4 0.349997 0.034375 0.187500 0.068750
3 0.517191 0.093750 0.187500 0.125000
6 0.790622 0.732812 0.187500 0.125000
6 0.675000 0.732812 0.187500 0.125000
6 0.565622 0.739062 0.187500 0.125000
6 0.507816 0.646875 0.187500 0.125000
6 0.453122 0.740625 0.187500 0.125000