3 0.278128 0.959375 0.187500 0.081250
3 0.223434 0.881250 0.187500 0.125000
3 0.106247 0.878125 0.187500 0.125000
3 0.285938 0.782813 0.187500 0.125000
3 0.340622 0.685937 0.187500 0.125000
3 0.223434 0.681250 0.187500 0.125000
4 0.159375 0.776563 0.187500 0.125000
4 0.070312 0.771875 0.140625 0.125000
4 0.071095 0.567187 0.142191 0.125000
4 0.103125 0.465625 0.187500 0.125000
4 0.168750 0.367188 0.187500 0.125000
4 0.221878 0.470313 0.187500 0.125000
4 0.070312 0.360938 0.140625 0.125000
3 0.164062 0.579688 0.187500 0.125000
3 0.278128 0.579688 0.187500 0.125000
3 0.293747 0.378125 0.187500 0.125000
3 0.348441 0.278125 0.187500 0.125000
3 0.409378 0.170313 0.187500 0.125000
3 0.470316 0.284375 0.187500 0.125000
3 0.229687 0.265625 0.187500 0.125000
3 0.107813 0.256250 0.187500 0.125000
4 0.167184 0.162500 0.187500 0.125000
4 0.292191 0.156250 0.187500 0.125000
1 0.874997 0.609375 0.187500 0.125000
1 0.920314 0.703125 0.159372 0.125000
1 0.756253 0.800000 0.187500 0.125000
1 0.868753 0.807813 0.187500 0.125000
1 0.947656 0.809375 0.104688 0.125000
1 0.810937 0.900000 0.187500 0.125000
1 0.914844 0.904687 0.170312 0.125000
0 0.950783 0.612500 0.098434 0.125000
0 0.925780 0.514062 0.148441 0.125000