0 0.560934 0.089062 0.187500 0.125000
0 0.795309 0.090625 0.187500 0.125000
0 0.907813 0.089062 0.184375 0.125000
0 0.331247 0.282813 0.187500 0.125000
0 0.212503 0.275000 0.187500 0.125000
0 0.742191 0.190625 0.187500 0.125000
0 0.859378 0.189063 0.187500 0.125000
1 0.912500 0.290625 0.175000 0.125000
1 0.859378 0.384375 0.187500 0.125000
0 0.937498 0.382812 0.125003 0.125000
0 0.908595 0.484375 0.182809 0.125000
1 0.937498 0.581250 0.125003 0.125000
1 0.848437 0.578125 0.187500 0.125000
1 0.906252 0.671875 0.187497 0.125000