4 0.062498 0.854688 0.124997 0.125000
4 0.131250 0.848437 0.187500 0.125000
4 0.243750 0.845313 0.187500 0.125000
4 0.359372 0.846875 0.187500 0.125000
4 0.470316 0.845313 0.187500 0.125000
4 0.528122 0.742188 0.187500 0.125000
4 0.587503 0.640625 0.187500 0.125000
4 0.704691 0.635938 0.187500 0.125000
4 0.817191 0.634375 0.187500 0.125000
6 0.918748 0.631250 0.162503 0.125000
6 0.950000 0.528125 0.100000 0.125000
4 0.476559 0.643750 0.187500 0.125000
4 0.362503 0.646875 0.187500 0.125000
4 0.253125 0.645312 0.187500 0.125000
4 0.143747 0.648438 0.187500 0.125000
4 0.061720 0.653125 0.123441 0.125000