1 0.734372 0.957031 0.187500 0.085938
1 0.796875 0.890625 0.187500 0.125000
1 0.901566 0.884375 0.187500 0.125000
1 0.932033 0.801562 0.135934 0.125000
1 0.795309 0.703125 0.187500 0.125000
1 0.634378 0.618750 0.187500 0.125000
1 0.584372 0.709375 0.187500 0.125000
1 0.579684 0.887500 0.187500 0.125000
1 0.685941 0.892188 0.187500 0.125000
1 0.626559 0.953906 0.187500 0.092187
1 0.523434 0.956250 0.187500 0.087500
2 0.089845 0.953906 0.179691 0.092187
1 0.063281 0.878125 0.126562 0.125000
1 0.145313 0.875000 0.187500 0.125000
1 0.357816 0.881250 0.187500 0.125000
1 0.418753 0.789062 0.187500 0.125000
1 0.526566 0.429688 0.187500 0.125000
1 0.421875 0.426563 0.187500 0.125000
1 0.478125 0.334375 0.187500 0.125000
1 0.367191 0.335938 0.187500 0.125000
1 0.146878 0.517188 0.187500 0.125000
1 0.254691 0.518750 0.187500 0.125000
1 0.312497 0.243750 0.187500 0.125000
1 0.146878 0.146875 0.187500 0.125000
1 0.093750 0.054688 0.187500 0.109375
1 0.856247 0.057813 0.187500 0.115625
1 0.753122 0.058594 0.187500 0.117188
1 0.806250 0.153125 0.187500 0.125000
1 0.696872 0.153125 0.187500 0.125000
1 0.745312 0.248437 0.187500 0.125000
1 0.851559 0.251563 0.187500 0.125000
1 0.859378 0.437500 0.187500 0.125000
1 0.635934 0.245312 0.187500 0.125000
1 0.531253 0.243750 0.187500 0.125000
1 0.584372 0.339062 0.187500 0.125000
1 0.478125 0.151562 0.187500 0.125000
1 0.584372 0.154688 0.187500 0.125000
1 0.066408 0.146875 0.132816 0.125000
1 0.095316 0.240625 0.187500 0.125000