3 0.600000 0.150000 0.187500 0.125000
3 0.487500 0.148438 0.187500 0.125000
3 0.493753 0.328125 0.187500 0.125000
3 0.375000 0.325000 0.187500 0.125000
3 0.267188 0.326562 0.187500 0.125000
3 0.437503 0.417187 0.187500 0.125000
3 0.326559 0.420312 0.187500 0.125000
3 0.212503 0.243750 0.187500 0.125000
3 0.381253 0.509375 0.187500 0.125000
3 0.598434 0.515625 0.187500 0.125000
3 0.545316 0.603125 0.187500 0.125000
3 0.489066 0.692187 0.187500 0.125000
3 0.550003 0.792188 0.187500 0.125000
3 0.443747 0.790625 0.187500 0.125000
3 0.385941 0.882812 0.187500 0.125000
3 0.501563 0.884375 0.187500 0.125000
3 0.607809 0.887500 0.187500 0.125000
3 0.668747 0.957812 0.187500 0.084375
3 0.556247 0.957031 0.187500 0.085938
3 0.446878 0.953906 0.187500 0.092187
3 0.331247 0.953125 0.187500 0.093750
6 0.653128 0.242188 0.187500 0.125000
6 0.704691 0.337500 0.187500 0.125000
6 0.767184 0.428125 0.187500 0.125000
3 0.876563 0.617188 0.187500 0.125000
3 0.918748 0.710938 0.162503 0.125000
3 0.821878 0.712500 0.187500 0.125000
3 0.770316 0.800000 0.187500 0.125000
3 0.825000 0.889062 0.187500 0.125000
2 0.817191 0.150000 0.187500 0.125000
2 0.917188 0.156250 0.165625 0.125000
2 0.944530 0.250000 0.110941 0.125000
3 0.325003 0.604688 0.187500 0.125000
3 0.273441 0.693750 0.187500 0.125000
3 0.159375 0.693750 0.187500 0.125000