6 0.889059 0.939844 0.187500 0.120313
6 0.837497 0.850000 0.187500 0.125000
6 0.785934 0.756250 0.187500 0.125000
6 0.728128 0.656250 0.187500 0.125000
6 0.673434 0.570312 0.187500 0.125000
6 0.621872 0.465625 0.187500 0.125000
6 0.559378 0.368750 0.187500 0.125000
6 0.510938 0.470313 0.187500 0.125000
6 0.456253 0.565625 0.187500 0.125000
6 0.412500 0.657813 0.187500 0.125000
6 0.351562 0.756250 0.187500 0.125000
6 0.304688 0.846875 0.187500 0.125000
6 0.253125 0.937500 0.187500 0.125000
6 0.142191 0.942187 0.187500 0.115625