6 0.700003 0.068750 0.187500 0.125000
6 0.909373 0.075000 0.181253 0.125000
6 0.595312 0.071875 0.187500 0.125000
6 0.804684 0.078125 0.187500 0.125000
6 0.545316 0.157812 0.187500 0.125000
6 0.645309 0.159375 0.187500 0.125000
6 0.756253 0.162500 0.187500 0.125000
6 0.856247 0.157812 0.187500 0.125000
6 0.929689 0.156250 0.140622 0.125000
6 0.901566 0.250000 0.187500 0.125000
6 0.803128 0.248437 0.187500 0.125000
6 0.703125 0.248437 0.187500 0.125000
6 0.595312 0.245312 0.187500 0.125000
3 0.268753 0.060156 0.187500 0.120313
4 0.495309 0.061719 0.187500 0.123438