1 0.060155 0.309375 0.120309 0.125000
1 0.142191 0.309375 0.187500 0.125000
1 0.259378 0.312500 0.187500 0.125000
1 0.368747 0.312500 0.187500 0.125000
1 0.199997 0.407813 0.187500 0.125000
1 0.089063 0.407813 0.178125 0.125000
1 0.142191 0.507812 0.187500 0.125000
2 0.095316 0.618750 0.187500 0.125000
2 0.209372 0.621875 0.187500 0.125000
2 0.259378 0.520312 0.187500 0.125000
2 0.314063 0.414062 0.187500 0.125000
1 0.373434 0.525000 0.187500 0.125000
1 0.426562 0.421875 0.187500 0.125000
1 0.551559 0.421875 0.187500 0.125000
1 0.603122 0.318750 0.187500 0.125000
1 0.668747 0.425000 0.187500 0.125000
1 0.724997 0.320312 0.187500 0.125000
1 0.843750 0.323437 0.187500 0.125000
1 0.903122 0.426563 0.187500 0.125000
1 0.729684 0.526563 0.187500 0.125000
1 0.843750 0.534375 0.187500 0.125000
0 0.667191 0.640625 0.187500 0.125000
0 0.785934 0.642188 0.187500 0.125000
0 0.903122 0.640625 0.187500 0.125000
0 0.610941 0.734375 0.187500 0.125000
0 0.731250 0.737500 0.187500 0.125000
0 0.848437 0.735938 0.187500 0.125000
0 0.560934 0.839063 0.187500 0.125000
0 0.795309 0.840625 0.187500 0.125000
0 0.907813 0.839063 0.184375 0.125000
0 0.742191 0.939063 0.187500 0.121875
0 0.859378 0.938281 0.187500 0.123437