6 0.056250 0.584375 0.112500 0.125000
6 0.083592 0.487500 0.167184 0.125000
6 0.123441 0.381250 0.187500 0.125000
6 0.181247 0.492188 0.187500 0.125000
6 0.289059 0.479688 0.187500 0.125000
6 0.398438 0.478125 0.187500 0.125000
6 0.331247 0.578125 0.187500 0.125000
6 0.234375 0.573438 0.187500 0.125000
6 0.126562 0.582812 0.187500 0.125000
6 0.080470 0.684375 0.160941 0.125000
6 0.182812 0.676562 0.187500 0.125000
6 0.276562 0.676562 0.187500 0.125000
6 0.503128 0.468750 0.187500 0.125000
6 0.609375 0.468750 0.187500 0.125000
6 0.724997 0.457812 0.187500 0.125000
6 0.446878 0.575000 0.187500 0.125000
6 0.554691 0.567187 0.187500 0.125000
6 0.659372 0.559375 0.187500 0.125000
6 0.768750 0.556250 0.187500 0.125000
6 0.493753 0.667188 0.187500 0.125000
6 0.606253 0.657813 0.187500 0.125000
6 0.348441 0.378125 0.187500 0.125000
6 0.401559 0.271875 0.187500 0.125000
6 0.459375 0.176563 0.187500 0.125000
6 0.518747 0.079687 0.187500 0.125000