6 0.726562 0.545312 0.187500 0.125000
6 0.776559 0.631250 0.187500 0.125000
6 0.828122 0.717187 0.187500 0.125000
6 0.881250 0.810937 0.187500 0.125000
6 0.917970 0.904687 0.164059 0.125000
6 0.944530 0.964844 0.110941 0.070312
6 0.673434 0.453125 0.187500 0.125000
3 0.620316 0.364063 0.187500 0.125000
3 0.571875 0.279687 0.187500 0.125000
3 0.520312 0.365625 0.187500 0.125000
3 0.568753 0.456250 0.187500 0.125000
3 0.675000 0.271875 0.187500 0.125000
3 0.778125 0.275000 0.187500 0.125000
3 0.728128 0.184375 0.187500 0.125000
6 0.520312 0.184375 0.187500 0.125000
6 0.623437 0.179688 0.187500 0.125000
6 0.460941 0.275000 0.187500 0.125000
6 0.410934 0.184375 0.187500 0.125000
6 0.359372 0.093750 0.187500 0.125000
6 0.304688 0.032031 0.187500 0.064062