1 0.195309 0.935938 0.187500 0.125000
1 0.087502 0.929688 0.175003 0.125000
1 0.061720 0.835938 0.123441 0.125000
1 0.143747 0.839063 0.187500 0.125000
1 0.199997 0.740625 0.187500 0.125000
1 0.087502 0.735938 0.175003 0.125000
1 0.256247 0.643750 0.187500 0.125000
1 0.143747 0.640625 0.187500 0.125000
1 0.315628 0.545312 0.187500 0.125000
1 0.201562 0.543750 0.187500 0.125000
1 0.090623 0.542188 0.181247 0.125000
1 0.146878 0.439063 0.187500 0.125000
1 0.201562 0.342187 0.187500 0.125000
2 0.314063 0.339062 0.187500 0.125000
2 0.431250 0.350000 0.187500 0.125000
2 0.489066 0.245312 0.187500 0.125000
2 0.546872 0.142187 0.187500 0.125000
2 0.598434 0.051562 0.187500 0.103125
2 0.707812 0.056250 0.187500 0.112500
2 0.831253 0.057813 0.187500 0.115625
2 0.876563 0.153125 0.187500 0.125000
2 0.950000 0.157812 0.100000 0.125000
2 0.923436 0.057813 0.153128 0.115625
0 0.087502 0.131250 0.175003 0.125000
0 0.064842 0.232812 0.129684 0.125000
0 0.201562 0.134375 0.187500 0.125000
0 0.323438 0.142187 0.187500 0.125000
0 0.381253 0.239063 0.187500 0.125000
0 0.378122 0.048438 0.187500 0.096875
0 0.257812 0.046875 0.187500 0.093750
0 0.492188 0.053906 0.187500 0.107813