2 0.140625 0.721875 0.187500 0.125000
2 0.242184 0.725000 0.187500 0.125000
2 0.345309 0.717187 0.187500 0.125000
2 0.193753 0.625000 0.187500 0.125000
2 0.300000 0.618750 0.187500 0.125000
2 0.242184 0.535937 0.187500 0.125000
2 0.132816 0.539062 0.187500 0.125000
2 0.092189 0.623437 0.184378 0.125000
2 0.090623 0.801562 0.181247 0.125000
2 0.187500 0.812500 0.187500 0.125000
3 0.459375 0.721875 0.187500 0.125000
3 0.565622 0.726562 0.187500 0.125000
3 0.618750 0.818750 0.187500 0.125000
3 0.676566 0.907813 0.187500 0.125000
3 0.726562 0.817187 0.187500 0.125000
3 0.779691 0.907813 0.187500 0.125000