6 0.525000 0.128125 0.187500 0.125000
6 0.471872 0.212500 0.187500 0.125000
6 0.414066 0.298438 0.187500 0.125000
6 0.525000 0.303125 0.187500 0.125000
6 0.632812 0.312500 0.187500 0.125000
6 0.573441 0.396875 0.187500 0.125000
6 0.635934 0.487500 0.187500 0.125000
6 0.517191 0.489062 0.187500 0.125000
6 0.679688 0.400000 0.187500 0.125000
6 0.465628 0.387500 0.187500 0.125000
6 0.360938 0.385937 0.187500 0.125000
6 0.303122 0.293750 0.187500 0.125000
6 0.362503 0.209375 0.187500 0.125000
6 0.412500 0.121875 0.187500 0.125000
3 0.582816 0.215625 0.187500 0.125000
3 0.634378 0.128125 0.187500 0.125000
3 0.737503 0.310937 0.187500 0.125000
3 0.789066 0.400000 0.187500 0.125000
4 0.896878 0.223438 0.187500 0.125000