4 0.353128 0.793750 0.187500 0.125000
4 0.114066 0.615625 0.187500 0.125000
4 0.460941 0.784375 0.187500 0.125000
4 0.047658 0.610938 0.095316 0.125000
4 0.075783 0.709375 0.151566 0.125000
4 0.287503 0.882812 0.187500 0.125000
4 0.231253 0.610938 0.187500 0.125000
4 0.296878 0.704688 0.187500 0.125000
4 0.231253 0.793750 0.187500 0.125000
4 0.175003 0.704688 0.187500 0.125000
4 0.170316 0.896875 0.187500 0.125000
4 0.404691 0.878125 0.187500 0.125000
4 0.451566 0.952344 0.187500 0.095313
4 0.343753 0.957031 0.187500 0.085938
4 0.559378 0.952344 0.187500 0.095313
4 0.221878 0.957031 0.187500 0.085938
4 0.493753 0.878125 0.187500 0.125000
4 0.521878 0.695312 0.187500 0.125000
4 0.114066 0.961719 0.187500 0.076562
4 0.075783 0.873437 0.151566 0.125000
4 0.109378 0.784375 0.187500 0.125000
4 0.050002 0.803125 0.100003 0.125000