6 0.939064 0.360938 0.121872 0.125000
6 0.860934 0.365625 0.187500 0.125000
6 0.765628 0.356250 0.187500 0.125000
6 0.815625 0.456250 0.187500 0.125000
6 0.913283 0.453125 0.173434 0.125000
6 0.910939 0.637500 0.178122 0.125000
6 0.870309 0.740625 0.187500 0.125000
6 0.818747 0.845312 0.187500 0.125000
6 0.379688 0.856250 0.187500 0.125000
6 0.328125 0.939844 0.187500 0.120313
6 0.545316 0.940625 0.187500 0.118750
6 0.331247 0.754687 0.187500 0.125000
6 0.279684 0.667188 0.187500 0.125000
3 0.485934 0.664062 0.187500 0.125000
3 0.600000 0.651563 0.187500 0.125000
3 0.479691 0.857812 0.187500 0.125000
3 0.598434 0.848437 0.187500 0.125000
3 0.709378 0.845312 0.187500 0.125000
3 0.651563 0.939844 0.187500 0.120313
3 0.762497 0.939063 0.187500 0.121875
3 0.431250 0.942969 0.187500 0.114062