3 0.643753 0.089062 0.187500 0.125000
3 0.765628 0.092188 0.187500 0.125000
3 0.820313 0.031250 0.187500 0.062500
3 0.925780 0.033594 0.148441 0.067187
3 0.107813 0.162500 0.187500 0.125000
3 0.223434 0.165625 0.187500 0.125000
3 0.284372 0.264062 0.187500 0.125000
3 0.162497 0.265625 0.187500 0.125000
3 0.223434 0.357812 0.187500 0.125000
3 0.389062 0.459375 0.187500 0.125000
4 0.164062 0.457812 0.187500 0.125000
4 0.104691 0.364063 0.187500 0.125000
4 0.069530 0.262500 0.139059 0.125000
4 0.069530 0.451562 0.139059 0.125000
4 0.339066 0.360938 0.187500 0.125000
4 0.104691 0.548438 0.187500 0.125000
4 0.218747 0.551562 0.187500 0.125000
4 0.334378 0.554688 0.187500 0.125000
4 0.448434 0.557813 0.187500 0.125000
4 0.564066 0.557813 0.187500 0.125000
4 0.503128 0.654687 0.187500 0.125000
4 0.512503 0.462500 0.187500 0.125000
4 0.571875 0.367188 0.187500 0.125000
4 0.459375 0.362500 0.187500 0.125000
4 0.626559 0.464063 0.187500 0.125000
3 0.748434 0.473437 0.187500 0.125000
3 0.684375 0.564063 0.187500 0.125000
3 0.621872 0.657813 0.187500 0.125000
3 0.740625 0.659375 0.187500 0.125000
3 0.560934 0.745313 0.187500 0.125000
3 0.439059 0.742188 0.187500 0.125000
3 0.323437 0.735938 0.187500 0.125000
3 0.207816 0.734375 0.187500 0.125000
3 0.154688 0.643750 0.187500 0.125000