4 0.948439 0.417187 0.103122 0.125000
4 0.920314 0.517188 0.159372 0.125000
4 0.950000 0.618750 0.100000 0.125000
4 0.919531 0.718750 0.160937 0.125000
4 0.876563 0.620313 0.187500 0.125000
4 0.818747 0.717187 0.187500 0.125000
4 0.825000 0.514062 0.187500 0.125000
4 0.706247 0.514062 0.187500 0.125000
4 0.881250 0.414062 0.187500 0.125000
4 0.767184 0.414062 0.187500 0.125000
4 0.651563 0.412500 0.187500 0.125000
4 0.923436 0.310937 0.153128 0.125000
4 0.825000 0.306250 0.187500 0.125000
4 0.710934 0.310937 0.187500 0.125000
4 0.596878 0.309375 0.187500 0.125000
4 0.537497 0.412500 0.187500 0.125000
4 0.592191 0.510938 0.187500 0.125000
4 0.475003 0.509375 0.187500 0.125000
4 0.656250 0.209375 0.187500 0.125000
4 0.768750 0.207813 0.187500 0.125000
4 0.537497 0.204688 0.187500 0.125000
4 0.417187 0.196875 0.187500 0.125000
4 0.481247 0.309375 0.187500 0.125000
4 0.882816 0.201562 0.187500 0.125000
3 0.595313 0.107813 0.187500 0.125000
3 0.876563 0.818750 0.187500 0.125000
3 0.921875 0.917188 0.156250 0.125000
3 0.709378 0.915625 0.187500 0.125000
3 0.649997 0.815625 0.187500 0.125000