3 0.167184 0.046094 0.187500 0.092188
3 0.326559 0.118750 0.187500 0.125000
3 0.321872 0.282813 0.187500 0.125000
3 0.220313 0.284375 0.187500 0.125000
3 0.162497 0.371875 0.187500 0.125000
3 0.589059 0.368750 0.187500 0.125000
3 0.701559 0.373437 0.187500 0.125000
3 0.751566 0.289062 0.187500 0.125000
3 0.589059 0.542188 0.187500 0.125000
3 0.482813 0.546875 0.187500 0.125000
3 0.429684 0.632812 0.187500 0.125000
3 0.643753 0.632812 0.187500 0.125000
3 0.482813 0.718750 0.187500 0.125000
6 0.431250 0.812500 0.187500 0.125000
6 0.535941 0.807813 0.187500 0.125000
6 0.642187 0.807813 0.187500 0.125000
6 0.750000 0.809375 0.187500 0.125000
6 0.851559 0.814063 0.187500 0.125000
6 0.906252 0.898438 0.187497 0.125000
6 0.801562 0.896875 0.187500 0.125000
6 0.850003 0.958594 0.187500 0.082812
6 0.750000 0.957031 0.187500 0.085938
6 0.696872 0.895312 0.187500 0.125000
6 0.429684 0.954688 0.187500 0.090625
6 0.265622 0.892188 0.187500 0.125000
6 0.109378 0.804688 0.187500 0.125000
6 0.160941 0.890625 0.187500 0.125000