3 0.048436 0.529687 0.096872 0.125000
3 0.073439 0.618750 0.146878 0.125000
3 0.165628 0.617188 0.187500 0.125000
6 0.318750 0.712500 0.187500 0.125000
6 0.420309 0.698438 0.187500 0.125000
6 0.531253 0.700000 0.187500 0.125000
6 0.631247 0.698438 0.187500 0.125000
6 0.740625 0.693750 0.187500 0.125000
6 0.843750 0.692187 0.187500 0.125000
6 0.896878 0.600000 0.187500 0.125000
6 0.782813 0.776563 0.187500 0.125000
6 0.842184 0.514062 0.187500 0.125000
6 0.790622 0.429688 0.187500 0.125000
6 0.737503 0.339062 0.187500 0.125000
3 0.582816 0.250000 0.187500 0.125000
3 0.526566 0.342187 0.187500 0.125000
3 0.742191 0.151562 0.187500 0.125000
6 0.645309 0.156250 0.187500 0.125000
6 0.698438 0.061719 0.187500 0.123438
6 0.799997 0.060156 0.187500 0.120313