0 0.069530 0.046094 0.139059 0.092188
0 0.098437 0.121875 0.187500 0.125000
0 0.067186 0.218750 0.134372 0.125000
0 0.254691 0.215625 0.187500 0.125000
0 0.370312 0.225000 0.187500 0.125000
3 0.060937 0.765625 0.121875 0.125000
3 0.085936 0.856250 0.171872 0.125000
3 0.351562 0.768750 0.187500 0.125000
3 0.464063 0.767188 0.187500 0.125000
3 0.403125 0.854688 0.187500 0.125000
3 0.515625 0.679688 0.187500 0.125000
3 0.353128 0.587500 0.187500 0.125000
3 0.348441 0.942969 0.187500 0.114062
0 0.933594 0.315625 0.132812 0.125000
0 0.862500 0.318750 0.187500 0.125000
3 0.901566 0.590625 0.187500 0.125000
3 0.932033 0.681250 0.135934 0.125000
3 0.893747 0.775000 0.187500 0.125000
3 0.637500 0.318750 0.187500 0.125000
4 0.473437 0.410938 0.187500 0.125000
4 0.362503 0.400000 0.187500 0.125000