1 0.506250 0.934375 0.187500 0.125000
1 0.401559 0.935938 0.187500 0.125000
1 0.348441 0.856250 0.187500 0.125000
1 0.289059 0.937500 0.187500 0.125000
1 0.239063 0.848437 0.187500 0.125000
1 0.292191 0.757812 0.187500 0.125000
1 0.189066 0.759375 0.187500 0.125000
1 0.129684 0.840625 0.187500 0.125000
2 0.057811 0.848437 0.115622 0.125000
1 0.132816 0.667188 0.187500 0.125000
1 0.086719 0.582812 0.173437 0.125000
1 0.058594 0.490625 0.117188 0.125000
1 0.087502 0.409375 0.175003 0.125000
1 0.190622 0.406250 0.187500 0.125000
1 0.137503 0.321875 0.187500 0.125000
1 0.193753 0.228125 0.187500 0.125000
1 0.142191 0.137500 0.187500 0.125000
1 0.063281 0.137500 0.126562 0.125000
1 0.195309 0.057031 0.187500 0.114062
1 0.359372 0.135937 0.187500 0.125000
2 0.623437 0.939062 0.187500 0.121875
2 0.570309 0.850000 0.187500 0.125000
2 0.676566 0.851562 0.187500 0.125000
2 0.401559 0.760938 0.187500 0.125000