3 0.950783 0.250000 0.098434 0.125000
3 0.921092 0.331250 0.157816 0.125000
3 0.724997 0.339062 0.187500 0.125000
3 0.665625 0.426563 0.187500 0.125000
3 0.556247 0.420312 0.187500 0.125000
3 0.514059 0.337500 0.187500 0.125000
3 0.456253 0.414062 0.187500 0.125000
6 0.775003 0.429688 0.187500 0.125000
6 0.878128 0.426563 0.187500 0.125000
6 0.925002 0.507812 0.149997 0.125000
6 0.947656 0.590625 0.104688 0.125000
6 0.817191 0.506250 0.187500 0.125000
3 0.349997 0.414062 0.187500 0.125000
3 0.293747 0.323437 0.187500 0.125000
3 0.235941 0.421875 0.187500 0.125000
3 0.121875 0.418750 0.187500 0.125000
3 0.057811 0.414062 0.115622 0.125000