6 0.554691 0.903125 0.187500 0.125000
6 0.506250 0.964844 0.187500 0.070312
6 0.609375 0.964844 0.187500 0.070312
6 0.664059 0.906250 0.187500 0.125000
6 0.718753 0.814063 0.187500 0.125000
6 0.610941 0.810937 0.187500 0.125000
6 0.660937 0.721875 0.187500 0.125000
6 0.762497 0.726562 0.187500 0.125000
6 0.503128 0.815625 0.187500 0.125000
6 0.443747 0.900000 0.187500 0.125000
6 0.556247 0.720313 0.187500 0.125000
6 0.715622 0.965625 0.187500 0.068750
6 0.767184 0.904688 0.187500 0.125000
6 0.815625 0.817187 0.187500 0.125000