6 0.922658 0.534375 0.154684 0.125000
6 0.825000 0.534375 0.187500 0.125000
6 0.951561 0.432812 0.096878 0.125000
6 0.882816 0.431250 0.187500 0.125000
6 0.306253 0.628125 0.187500 0.125000
6 0.134372 0.518750 0.187500 0.125000
6 0.365625 0.526563 0.187500 0.125000
6 0.085158 0.632812 0.170316 0.125000
6 0.054689 0.526563 0.109378 0.125000
4 0.085158 0.415625 0.170316 0.125000
3 0.250003 0.528125 0.187500 0.125000
3 0.534375 0.632812 0.187500 0.125000
3 0.710934 0.534375 0.187500 0.125000
3 0.770316 0.632812 0.187500 0.125000
3 0.596878 0.534375 0.187500 0.125000