3 0.740625 0.326562 0.187500 0.125000
3 0.801562 0.229687 0.187500 0.125000
3 0.851559 0.125000 0.187500 0.125000
3 0.681253 0.229687 0.187500 0.125000
3 0.274997 0.718750 0.187500 0.125000
3 0.215625 0.815625 0.187500 0.125000
6 0.332813 0.618750 0.187500 0.125000
6 0.390628 0.525000 0.187500 0.125000
6 0.448434 0.429688 0.187500 0.125000
6 0.504684 0.325000 0.187500 0.125000
6 0.510938 0.520312 0.187500 0.125000
6 0.328125 0.423438 0.187500 0.125000
6 0.570309 0.623437 0.187500 0.125000
6 0.623437 0.534375 0.187500 0.125000
6 0.385941 0.326562 0.187500 0.125000
6 0.265622 0.520312 0.187500 0.125000
6 0.214059 0.425000 0.187500 0.125000
6 0.270309 0.325000 0.187500 0.125000
6 0.153122 0.321875 0.187500 0.125000