3 0.179691 0.050000 0.187500 0.100000
3 0.237497 0.135938 0.187500 0.125000
3 0.362503 0.140625 0.187500 0.125000
3 0.304688 0.235938 0.187500 0.125000
3 0.359372 0.332813 0.187500 0.125000
3 0.418753 0.431250 0.187500 0.125000
3 0.476559 0.523438 0.187500 0.125000
3 0.526566 0.617188 0.187500 0.125000
3 0.592191 0.714063 0.187500 0.125000
3 0.837497 0.529687 0.187500 0.125000
3 0.896878 0.437500 0.187500 0.125000
3 0.898434 0.057813 0.187500 0.115625
3 0.840628 0.150000 0.187500 0.125000
3 0.782813 0.056250 0.187500 0.112500
3 0.726562 0.145313 0.187500 0.125000
3 0.779691 0.243750 0.187500 0.125000
3 0.900000 0.246875 0.187500 0.125000
3 0.933594 0.343750 0.132812 0.125000
3 0.842184 0.340625 0.187500 0.125000
4 0.934377 0.146875 0.131247 0.125000