1 0.201562 0.832812 0.187500 0.125000
1 0.146878 0.921875 0.187500 0.125000
1 0.066408 0.923438 0.132816 0.125000
1 0.357816 0.928125 0.187500 0.125000
1 0.887503 0.931250 0.187500 0.125000
1 0.567188 0.923438 0.187500 0.125000
1 0.924219 0.834375 0.151563 0.125000
2 0.673434 0.742188 0.187500 0.125000
2 0.835941 0.654687 0.187500 0.125000
2 0.784378 0.564063 0.187500 0.125000
2 0.673434 0.562500 0.187500 0.125000
2 0.564066 0.559375 0.187500 0.125000
2 0.510938 0.651563 0.187500 0.125000
2 0.464063 0.559375 0.187500 0.125000
2 0.510938 0.470313 0.187500 0.125000
2 0.364059 0.562500 0.187500 0.125000
2 0.251559 0.559375 0.187500 0.125000
2 0.199997 0.479688 0.187500 0.125000
2 0.088280 0.476562 0.176559 0.125000
2 0.065625 0.562500 0.131250 0.125000
0 0.145313 0.564063 0.187500 0.125000