0 0.054689 0.248437 0.109378 0.125000
0 0.131250 0.243750 0.187500 0.125000
0 0.232809 0.237500 0.187500 0.125000
0 0.345309 0.237500 0.187500 0.125000
0 0.460941 0.235938 0.187500 0.125000
0 0.570309 0.229687 0.187500 0.125000
0 0.682809 0.228125 0.187500 0.125000
0 0.746878 0.132812 0.187500 0.125000
0 0.620316 0.139063 0.187500 0.125000
0 0.515625 0.137500 0.187500 0.125000
0 0.465628 0.051562 0.187500 0.103125
0 0.579684 0.053125 0.187500 0.106250
0 0.292191 0.328125 0.187500 0.125000
0 0.185934 0.335938 0.187500 0.125000
0 0.083592 0.345313 0.167184 0.125000
0 0.052345 0.432812 0.104691 0.125000
0 0.234375 0.432812 0.187500 0.125000
3 0.083592 0.520312 0.167184 0.125000
3 0.401559 0.515625 0.187500 0.125000
3 0.903122 0.043750 0.187500 0.087500