0 0.085936 0.910938 0.171872 0.125000
0 0.140625 0.818750 0.187500 0.125000
0 0.089845 0.732812 0.179691 0.125000
0 0.195309 0.723437 0.187500 0.125000
0 0.307809 0.723437 0.187500 0.125000
0 0.140625 0.642188 0.187500 0.125000
0 0.250003 0.810937 0.187500 0.125000
0 0.300000 0.906250 0.187500 0.125000
0 0.354684 0.964063 0.187500 0.071875
0 0.237497 0.967969 0.187500 0.064063
3 0.420309 0.909375 0.187500 0.125000
4 0.481247 0.814063 0.187500 0.125000
4 0.601566 0.798438 0.187500 0.125000
4 0.715622 0.792188 0.187500 0.125000
4 0.656250 0.889062 0.187500 0.125000
4 0.768750 0.885938 0.187500 0.125000
4 0.550003 0.710938 0.187500 0.125000
4 0.668747 0.700000 0.187500 0.125000
4 0.615628 0.617188 0.187500 0.125000
4 0.498441 0.620313 0.187500 0.125000
4 0.442191 0.532813 0.187500 0.125000
4 0.551559 0.529687 0.187500 0.125000
4 0.501563 0.439063 0.187500 0.125000
4 0.617184 0.432812 0.187500 0.125000
4 0.559378 0.346875 0.187500 0.125000
4 0.448434 0.348438 0.187500 0.125000
4 0.509372 0.248437 0.187500 0.125000
4 0.620316 0.248437 0.187500 0.125000
4 0.573441 0.157812 0.187500 0.125000
4 0.629691 0.061719 0.187500 0.123438
1 0.085936 0.914062 0.171872 0.125000
1 0.357816 0.964844 0.187500 0.070312
1 0.301566 0.907813 0.187500 0.125000
1 0.248437 0.812500 0.187500 0.125000
1 0.140625 0.821875 0.187500 0.125000
1 0.195309 0.723437 0.187500 0.125000
1 0.310941 0.726562 0.187500 0.125000
1 0.089845 0.731250 0.179691 0.125000
1 0.428128 0.715625 0.187500 0.125000
1 0.371878 0.634375 0.187500 0.125000
1 0.259378 0.639062 0.187500 0.125000
1 0.142191 0.637500 0.187500 0.125000
1 0.062498 0.642188 0.124997 0.125000
1 0.068752 0.260937 0.137503 0.125000
1 0.096872 0.360938 0.187500 0.125000
1 0.212503 0.354687 0.187500 0.125000
0 0.104691 0.171875 0.187500 0.125000