1 0.526566 0.043750 0.187500 0.087500
1 0.412500 0.043750 0.187500 0.087500
1 0.296878 0.042188 0.187500 0.084375
1 0.239063 0.115625 0.187500 0.125000
1 0.348441 0.121875 0.187500 0.125000
1 0.467184 0.120312 0.187500 0.125000
1 0.123441 0.117188 0.187500 0.125000
1 0.301566 0.215625 0.187500 0.125000
1 0.079687 0.212500 0.159375 0.125000
1 0.050780 0.120312 0.101559 0.125000
1 0.079687 0.039844 0.159375 0.079687
1 0.128128 0.306250 0.187500 0.125000
1 0.534375 0.212500 0.187500 0.125000
1 0.587503 0.117188 0.187500 0.125000
1 0.815625 0.125000 0.187500 0.125000
1 0.048436 0.107813 0.096872 0.125000
1 0.114066 0.109375 0.187500 0.125000
1 0.079687 0.036719 0.159375 0.073438