0 0.665625 0.615625 0.187500 0.125000
0 0.724997 0.698438 0.187500 0.125000
0 0.776559 0.790625 0.187500 0.125000
0 0.829688 0.885938 0.187500 0.125000
0 0.884372 0.960156 0.187500 0.079688
0 0.660937 0.959375 0.187500 0.081250
2 0.557813 0.963281 0.187500 0.073438
2 0.437503 0.959375 0.187500 0.081250
2 0.329691 0.960156 0.187500 0.079688
2 0.434372 0.800000 0.187500 0.125000
2 0.559378 0.795312 0.187500 0.125000
2 0.385941 0.710938 0.187500 0.125000
2 0.273441 0.704688 0.187500 0.125000
2 0.162497 0.703125 0.187500 0.125000
2 0.112500 0.612500 0.187500 0.125000
2 0.215625 0.621875 0.187500 0.125000
2 0.337500 0.617188 0.187500 0.125000
2 0.443747 0.615625 0.187500 0.125000
1 0.499997 0.704688 0.187500 0.125000
1 0.607809 0.698438 0.187500 0.125000
1 0.554691 0.610938 0.187500 0.125000
1 0.660937 0.795312 0.187500 0.125000
1 0.498441 0.523438 0.187500 0.125000
1 0.614062 0.518750 0.187500 0.125000
1 0.446878 0.425000 0.187500 0.125000
0 0.554691 0.426563 0.187500 0.125000
0 0.668747 0.423438 0.187500 0.125000
0 0.724997 0.326562 0.187500 0.125000
0 0.614062 0.328125 0.187500 0.125000
6 0.784378 0.229687 0.187500 0.125000
6 0.895312 0.228125 0.187500 0.125000
6 0.835941 0.328125 0.187500 0.125000
6 0.930467 0.320312 0.139066 0.125000
6 0.890625 0.418750 0.187500 0.125000
6 0.925780 0.512500 0.148441 0.125000