4 0.912500 0.085938 0.175000 0.125000
4 0.865622 0.184375 0.187500 0.125000
4 0.801562 0.282813 0.187500 0.125000
4 0.911717 0.285938 0.176566 0.125000
3 0.751566 0.185938 0.187500 0.125000
3 0.634378 0.179688 0.187500 0.125000
3 0.645309 0.573438 0.187500 0.125000
3 0.815625 0.670312 0.187500 0.125000
3 0.868753 0.579688 0.187500 0.125000
3 0.879684 0.770312 0.187500 0.125000
3 0.704691 0.867188 0.187500 0.125000
3 0.582816 0.867188 0.187500 0.125000
3 0.281250 0.568750 0.187500 0.125000
3 0.462497 0.475000 0.187500 0.125000