4 0.123441 0.934375 0.187500 0.125000
4 0.357816 0.353125 0.187500 0.125000
4 0.085158 0.456250 0.170316 0.125000
4 0.235941 0.737500 0.187500 0.125000
4 0.085158 0.259375 0.170316 0.125000
4 0.061720 0.550000 0.123441 0.125000
4 0.353128 0.550000 0.187500 0.125000
4 0.132816 0.742188 0.187500 0.125000
4 0.080470 0.648438 0.160941 0.125000
4 0.296878 0.643750 0.187500 0.125000
4 0.184378 0.451562 0.187500 0.125000
4 0.132816 0.554688 0.187500 0.125000
4 0.052345 0.929688 0.104691 0.125000
4 0.082814 0.831250 0.165628 0.125000
4 0.179691 0.840625 0.187500 0.125000
4 0.240628 0.545312 0.187500 0.125000
4 0.054689 0.742188 0.109378 0.125000
4 0.189066 0.259375 0.187500 0.125000
4 0.231253 0.934375 0.187500 0.125000
4 0.240628 0.353125 0.187500 0.125000
4 0.057033 0.353125 0.114066 0.125000
4 0.179691 0.648438 0.187500 0.125000