1 0.933594 0.118750 0.132812 0.125000
1 0.907030 0.040625 0.185941 0.081250
1 0.793753 0.209375 0.187500 0.125000
1 0.848437 0.303125 0.187500 0.125000
1 0.631247 0.298438 0.187500 0.125000
1 0.576562 0.203125 0.187500 0.125000
4 0.799997 0.040625 0.187500 0.081250
4 0.692184 0.037500 0.187500 0.075000
1 0.348441 0.938281 0.187500 0.123437
1 0.243750 0.937500 0.187500 0.125000
1 0.298434 0.845313 0.187500 0.125000
1 0.403125 0.850000 0.187500 0.125000
0 0.060937 0.745313 0.121875 0.125000
0 0.301566 0.662500 0.187500 0.125000
0 0.360938 0.575000 0.187500 0.125000
0 0.139059 0.381250 0.187500 0.125000
0 0.359372 0.384375 0.187500 0.125000
0 0.465628 0.385937 0.187500 0.125000
0 0.253125 0.382812 0.187500 0.125000
0 0.521878 0.296875 0.187500 0.125000
0 0.635934 0.107813 0.187500 0.125000