2 0.046875 0.542188 0.093750 0.125000
0 0.332812 0.728125 0.187500 0.125000
0 0.446878 0.729688 0.187500 0.125000
0 0.557813 0.728125 0.187500 0.125000
0 0.715622 0.459375 0.187500 0.125000
0 0.770316 0.554688 0.187500 0.125000
0 0.881250 0.559375 0.187500 0.125000
0 0.662503 0.368750 0.187500 0.125000
0 0.610941 0.273438 0.187500 0.125000
0 0.499997 0.268750 0.187500 0.125000
2 0.778125 0.182812 0.187500 0.125000
2 0.443747 0.365625 0.187500 0.125000
2 0.440625 0.545312 0.187500 0.125000
2 0.389062 0.635938 0.187500 0.125000