6 0.504691 0.039844 0.187500 0.079687
6 0.390625 0.038281 0.187500 0.076563
6 0.270316 0.044531 0.187500 0.089063
6 0.156250 0.046094 0.187500 0.092188
6 0.065623 0.046875 0.131247 0.093750
6 0.091405 0.128125 0.182809 0.125000
6 0.214066 0.131250 0.187500 0.125000
6 0.329688 0.128125 0.187500 0.125000
6 0.275003 0.229687 0.187500 0.125000
6 0.154684 0.226562 0.187500 0.125000
6 0.067967 0.232812 0.135934 0.125000
6 0.100000 0.331250 0.187500 0.125000
6 0.215622 0.332813 0.187500 0.125000
6 0.159372 0.426563 0.187500 0.125000