3 0.088280 0.606250 0.176559 0.125000
3 0.259378 0.506250 0.187500 0.125000
3 0.556247 0.606250 0.187500 0.125000
3 0.445312 0.961719 0.187500 0.076562
3 0.789066 0.596875 0.187500 0.125000
3 0.937498 0.687500 0.125003 0.125000
3 0.907813 0.792188 0.184375 0.125000
6 0.656250 0.190625 0.187500 0.125000
6 0.604688 0.301563 0.187500 0.125000
6 0.545316 0.400000 0.187500 0.125000
6 0.487500 0.503125 0.187500 0.125000
6 0.434372 0.606250 0.187500 0.125000
6 0.376566 0.703125 0.187500 0.125000
6 0.204684 0.800000 0.187500 0.125000
6 0.370312 0.296875 0.187500 0.125000
6 0.315628 0.190625 0.187500 0.125000
6 0.254691 0.096875 0.187500 0.125000