4 0.517191 0.515625 0.187500 0.125000
4 0.724997 0.514062 0.187500 0.125000
4 0.254691 0.254688 0.187500 0.125000
4 0.314063 0.159375 0.187500 0.125000
4 0.262500 0.076563 0.187500 0.125000
4 0.072656 0.260937 0.145313 0.125000
4 0.154688 0.257812 0.187500 0.125000
4 0.069530 0.431250 0.139059 0.125000
4 0.150000 0.431250 0.187500 0.125000
4 0.096872 0.685937 0.187500 0.125000
4 0.300000 0.687500 0.187500 0.125000
4 0.360938 0.604688 0.187500 0.125000
6 0.785934 0.423438 0.187500 0.125000
6 0.675000 0.418750 0.187500 0.125000
6 0.564066 0.429688 0.187500 0.125000
3 0.568753 0.596875 0.187500 0.125000
3 0.670312 0.607812 0.187500 0.125000
3 0.779691 0.601562 0.187500 0.125000
3 0.509372 0.695312 0.187500 0.125000
3 0.614062 0.693750 0.187500 0.125000
3 0.459375 0.776563 0.187500 0.125000
3 0.562500 0.779687 0.187500 0.125000
3 0.721875 0.864062 0.187500 0.125000
3 0.834375 0.867188 0.187500 0.125000
3 0.675000 0.947656 0.187500 0.104688
3 0.778125 0.946875 0.187500 0.106250