0 0.851559 0.554688 0.187500 0.125000
1 0.904687 0.459375 0.187500 0.125000
1 0.933594 0.556250 0.132812 0.125000
1 0.906252 0.648438 0.187497 0.125000
1 0.796875 0.453125 0.187500 0.125000
1 0.737503 0.367188 0.187500 0.125000
1 0.626559 0.362500 0.187500 0.125000
1 0.514059 0.357812 0.187500 0.125000
1 0.567187 0.448438 0.187500 0.125000
1 0.685941 0.464063 0.187500 0.125000
1 0.739059 0.551562 0.187500 0.125000
1 0.623437 0.548438 0.187500 0.125000
1 0.512503 0.540625 0.187500 0.125000
1 0.349997 0.448438 0.187500 0.125000
1 0.407813 0.354687 0.187500 0.125000
1 0.292191 0.354687 0.187500 0.125000
1 0.234375 0.440625 0.187500 0.125000
1 0.123441 0.439063 0.187500 0.125000
1 0.051562 0.431250 0.103125 0.125000
1 0.055467 0.062500 0.110934 0.125000
1 0.124997 0.251563 0.187500 0.125000
1 0.240628 0.257812 0.187500 0.125000
1 0.078905 0.157812 0.157809 0.125000
2 0.054689 0.803125 0.109378 0.125000
2 0.459375 0.965625 0.187500 0.068750