1 0.165628 0.318750 0.187500 0.125000
1 0.339066 0.231250 0.187500 0.125000
0 0.446878 0.229687 0.187500 0.125000
0 0.450000 0.412500 0.187500 0.125000
0 0.400003 0.504687 0.187500 0.125000
0 0.050780 0.593750 0.101559 0.125000
0 0.047658 0.231250 0.095316 0.125000
0 0.047658 0.057031 0.095316 0.114062
0 0.682809 0.595313 0.187500 0.125000
0 0.568753 0.592187 0.187500 0.125000
0 0.460941 0.595313 0.187500 0.125000
1 0.284372 0.503125 0.187500 0.125000
2 0.074217 0.320312 0.148434 0.125000
2 0.114066 0.412500 0.187500 0.125000
3 0.462497 0.767188 0.187500 0.125000
3 0.576562 0.773438 0.187500 0.125000
3 0.799997 0.775000 0.187500 0.125000
3 0.521878 0.864062 0.187500 0.125000
3 0.462497 0.944531 0.187500 0.110938
3 0.053906 0.947656 0.107813 0.104688