3 0.060155 0.068750 0.120309 0.125000
3 0.066408 0.634375 0.132816 0.125000
3 0.150000 0.443750 0.187500 0.125000
3 0.199997 0.350000 0.187500 0.125000
3 0.320316 0.357812 0.187500 0.125000
3 0.381253 0.453125 0.187500 0.125000
3 0.257812 0.450000 0.187500 0.125000
3 0.265622 0.264062 0.187500 0.125000
3 0.321872 0.167187 0.187500 0.125000
3 0.385941 0.260937 0.187500 0.125000
3 0.382809 0.637500 0.187500 0.125000
3 0.384375 0.078125 0.187500 0.125000
3 0.496875 0.076563 0.187500 0.125000
3 0.617184 0.078125 0.187500 0.125000
3 0.270309 0.076563 0.187500 0.125000
3 0.432816 0.170313 0.187500 0.125000
3 0.557813 0.171875 0.187500 0.125000
3 0.673434 0.164062 0.187500 0.125000
3 0.499997 0.264062 0.187500 0.125000
3 0.615628 0.264062 0.187500 0.125000