4 0.876563 0.953906 0.187500 0.092187
4 0.829688 0.878125 0.187500 0.125000
4 0.721875 0.871875 0.187500 0.125000
4 0.670312 0.781250 0.187500 0.125000
4 0.559378 0.770312 0.187500 0.125000
4 0.560934 0.596875 0.187500 0.125000
4 0.454688 0.584375 0.187500 0.125000
4 0.393750 0.671875 0.187500 0.125000
4 0.337500 0.760938 0.187500 0.125000
4 0.162497 0.835938 0.187500 0.125000
4 0.234375 0.568750 0.187500 0.125000
4 0.284372 0.489062 0.187500 0.125000
4 0.398438 0.489062 0.187500 0.125000
4 0.453122 0.412500 0.187500 0.125000
4 0.403125 0.309375 0.187500 0.125000
4 0.292191 0.303125 0.187500 0.125000
4 0.349997 0.218750 0.187500 0.125000
4 0.460941 0.223438 0.187500 0.125000
4 0.242184 0.207813 0.187500 0.125000