1 0.260934 0.060156 0.187500 0.120313
3 0.088280 0.150000 0.176559 0.125000
3 0.201562 0.151562 0.187500 0.125000
3 0.306253 0.140625 0.187500 0.125000
3 0.381253 0.060156 0.187500 0.120313
3 0.487500 0.051562 0.187500 0.103125
3 0.537497 0.137500 0.187500 0.125000
3 0.367191 0.234375 0.187500 0.125000
3 0.431250 0.312500 0.187500 0.125000
3 0.314062 0.326562 0.187500 0.125000
3 0.367191 0.406250 0.187500 0.125000
3 0.776559 0.307812 0.187500 0.125000
3 0.053906 0.234375 0.107813 0.125000
2 0.058594 0.065625 0.117188 0.125000