6 0.304688 0.293750 0.187500 0.125000
6 0.409378 0.296875 0.187500 0.125000
6 0.514059 0.290625 0.187500 0.125000
6 0.618750 0.285938 0.187500 0.125000
6 0.726562 0.282813 0.187500 0.125000
6 0.828122 0.279687 0.187500 0.125000
6 0.922658 0.276562 0.154684 0.125000
6 0.950000 0.182812 0.100000 0.125000
6 0.885938 0.370312 0.187500 0.125000
6 0.829688 0.465625 0.187500 0.125000
6 0.779691 0.553125 0.187500 0.125000
6 0.721875 0.648438 0.187500 0.125000
6 0.667191 0.734375 0.187500 0.125000
6 0.609375 0.826562 0.187500 0.125000
6 0.098437 0.112500 0.187500 0.125000
6 0.146878 0.039062 0.187500 0.078125
6 0.668747 0.035156 0.187500 0.070312
6 0.723441 0.100000 0.187500 0.125000