3 0.932811 0.903125 0.134378 0.125000
3 0.857812 0.903125 0.187500 0.125000
3 0.692184 0.815625 0.187500 0.125000
3 0.904687 0.965625 0.187500 0.068750
3 0.796875 0.967187 0.187500 0.065625
3 0.584372 0.817187 0.187500 0.125000
3 0.646875 0.726562 0.187500 0.125000
3 0.710934 0.645312 0.187500 0.125000
3 0.757809 0.728125 0.187500 0.125000
3 0.818747 0.637500 0.187500 0.125000
1 0.654684 0.548438 0.187500 0.125000
1 0.543750 0.542188 0.187500 0.125000
1 0.487500 0.635938 0.187500 0.125000
1 0.717187 0.457812 0.187500 0.125000
1 0.664059 0.371875 0.187500 0.125000
1 0.881250 0.362500 0.187500 0.125000
1 0.948439 0.359375 0.103122 0.125000
1 0.542184 0.371875 0.187500 0.125000
1 0.371878 0.628125 0.187500 0.125000
1 0.276562 0.606250 0.187500 0.125000
1 0.168750 0.610938 0.187500 0.125000
1 0.104691 0.712500 0.187500 0.125000
1 0.284372 0.396875 0.187500 0.125000
2 0.071095 0.420312 0.142191 0.125000
2 0.167184 0.415625 0.187500 0.125000
2 0.214059 0.307812 0.187500 0.125000
2 0.348441 0.298438 0.187500 0.125000
2 0.047658 0.512500 0.095316 0.125000