3 0.526566 0.170313 0.187500 0.125000
3 0.582816 0.265625 0.187500 0.125000
3 0.640622 0.354687 0.187500 0.125000
3 0.690628 0.256250 0.187500 0.125000
3 0.746878 0.348438 0.187500 0.125000
3 0.592191 0.448438 0.187500 0.125000
3 0.539062 0.542188 0.187500 0.125000
3 0.645309 0.537500 0.187500 0.125000
3 0.754687 0.532813 0.187500 0.125000
3 0.809372 0.439063 0.187500 0.125000
3 0.703125 0.621875 0.187500 0.125000
3 0.759375 0.710938 0.187500 0.125000
3 0.653128 0.717187 0.187500 0.125000
3 0.707812 0.798438 0.187500 0.125000
3 0.739059 0.160938 0.187500 0.125000
3 0.689063 0.076563 0.187500 0.125000
3 0.373434 0.453125 0.187500 0.125000
3 0.267187 0.632812 0.187500 0.125000
3 0.434372 0.718750 0.187500 0.125000
3 0.270309 0.809375 0.187500 0.125000
3 0.218747 0.900000 0.187500 0.125000
3 0.165628 0.961719 0.187500 0.076562
3 0.103125 0.903125 0.187500 0.125000