4 0.085158 0.956250 0.170316 0.087500
4 0.047658 0.879687 0.095316 0.125000
4 0.118753 0.882812 0.187500 0.125000
4 0.231253 0.901563 0.187500 0.125000
4 0.285938 0.810937 0.187500 0.125000
4 0.345309 0.714063 0.187500 0.125000
3 0.678122 0.923438 0.187500 0.125000
3 0.676566 0.740625 0.187500 0.125000
4 0.739059 0.837500 0.187500 0.125000
3 0.789066 0.748437 0.187500 0.125000
4 0.670312 0.370312 0.187500 0.125000
4 0.723441 0.281250 0.187500 0.125000
3 0.779691 0.195312 0.187500 0.125000
3 0.171872 0.251563 0.187500 0.125000