2 0.771872 0.756250 0.187500 0.125000
2 0.876563 0.760938 0.187500 0.125000
2 0.826566 0.670312 0.187500 0.125000
2 0.878128 0.576562 0.187500 0.125000
2 0.825000 0.490625 0.187500 0.125000
2 0.724997 0.485938 0.187500 0.125000
2 0.776559 0.401562 0.187500 0.125000
2 0.829688 0.309375 0.187500 0.125000
2 0.919531 0.314063 0.160937 0.125000
2 0.947656 0.401562 0.104688 0.125000
2 0.921092 0.493750 0.157816 0.125000
2 0.245316 0.042188 0.187500 0.084375
2 0.353128 0.046094 0.187500 0.092188
2 0.301566 0.114062 0.187500 0.125000
2 0.354684 0.209375 0.187500 0.125000
2 0.406247 0.301563 0.187500 0.125000
2 0.453122 0.390625 0.187500 0.125000
2 0.504684 0.482812 0.187500 0.125000
2 0.612497 0.489062 0.187500 0.125000
2 0.559378 0.570312 0.187500 0.125000
2 0.668747 0.576562 0.187500 0.125000
2 0.770316 0.582812 0.187500 0.125000
2 0.612497 0.659375 0.187500 0.125000
2 0.712500 0.668750 0.187500 0.125000
2 0.662503 0.754687 0.187500 0.125000
2 0.718753 0.835938 0.187500 0.125000
2 0.820312 0.850000 0.187500 0.125000
2 0.764062 0.926562 0.187500 0.125000