1 0.629691 0.231250 0.187500 0.125000
1 0.287503 0.629687 0.187500 0.125000
4 0.189066 0.053125 0.187500 0.106250
4 0.259378 0.156250 0.187500 0.125000
4 0.521878 0.235938 0.187500 0.125000
4 0.667191 0.728125 0.187500 0.125000
4 0.320316 0.254688 0.187500 0.125000
4 0.423441 0.060156 0.187500 0.120313
4 0.475003 0.142187 0.187500 0.125000
4 0.531253 0.050781 0.187500 0.101562
3 0.850003 0.050781 0.187500 0.101562
3 0.746878 0.235938 0.187500 0.125000
3 0.910939 0.137500 0.178122 0.125000
3 0.521878 0.428125 0.187500 0.125000
3 0.400003 0.629687 0.187500 0.125000
3 0.854691 0.235938 0.187500 0.125000
3 0.798441 0.339062 0.187500 0.125000
3 0.226566 0.728125 0.187500 0.125000
3 0.460941 0.334375 0.187500 0.125000
3 0.742191 0.432812 0.187500 0.125000
3 0.906252 0.334375 0.187497 0.125000
3 0.165628 0.821875 0.187500 0.125000
3 0.451566 0.718750 0.187500 0.125000
3 0.936720 0.055469 0.126559 0.110937
3 0.512503 0.625000 0.187500 0.125000
3 0.803128 0.132812 0.187500 0.125000
3 0.047658 0.714063 0.095316 0.125000
3 0.932033 0.428125 0.135934 0.125000
3 0.896878 0.526563 0.187500 0.125000
3 0.573441 0.531250 0.187500 0.125000
3 0.634378 0.432812 0.187500 0.125000
3 0.418753 0.245312 0.187500 0.125000
3 0.854691 0.437500 0.187500 0.125000
3 0.671878 0.531250 0.187500 0.125000
3 0.784378 0.535937 0.187500 0.125000
3 0.831253 0.615625 0.187500 0.125000
3 0.932033 0.620313 0.135934 0.125000
3 0.732816 0.639062 0.187500 0.125000
3 0.929689 0.250000 0.140622 0.125000