1 0.320316 0.618750 0.187500 0.125000
1 0.212503 0.796875 0.187500 0.125000
1 0.376566 0.707812 0.187500 0.125000
1 0.540628 0.803125 0.187500 0.125000
1 0.601566 0.714063 0.187500 0.125000
1 0.540628 0.618750 0.187500 0.125000
1 0.214059 0.437500 0.187500 0.125000
1 0.321872 0.443750 0.187500 0.125000
1 0.112500 0.246875 0.187500 0.125000
1 0.215625 0.067187 0.187500 0.125000
2 0.428128 0.957031 0.187500 0.085938
2 0.320316 0.801562 0.187500 0.125000
2 0.214059 0.959375 0.187500 0.081250
2 0.376566 0.889062 0.187500 0.125000
2 0.103125 0.618750 0.187500 0.125000
2 0.379688 0.529687 0.187500 0.125000