6 0.489066 0.306250 0.187500 0.125000
6 0.601566 0.312500 0.187500 0.125000
6 0.703125 0.314063 0.187500 0.125000
6 0.817191 0.312500 0.187500 0.125000
6 0.917970 0.312500 0.164059 0.125000
6 0.551559 0.400000 0.187500 0.125000
6 0.654684 0.398438 0.187500 0.125000
6 0.765628 0.403125 0.187500 0.125000
6 0.874997 0.395313 0.187500 0.125000
6 0.657816 0.225000 0.187500 0.125000
6 0.706247 0.132812 0.187500 0.125000
6 0.821878 0.128125 0.187500 0.125000
6 0.913283 0.135937 0.173434 0.125000
6 0.871875 0.048438 0.187500 0.096875