6 0.492188 0.096875 0.187500 0.125000
6 0.590625 0.096875 0.187500 0.125000
6 0.437503 0.185938 0.187500 0.125000
6 0.535941 0.181250 0.187500 0.125000
6 0.637500 0.185938 0.187500 0.125000
6 0.739059 0.187500 0.187500 0.125000
6 0.384375 0.270313 0.187500 0.125000
6 0.485934 0.268750 0.187500 0.125000
6 0.589059 0.271875 0.187500 0.125000
6 0.690628 0.271875 0.187500 0.125000
6 0.743747 0.353125 0.187500 0.125000
6 0.635934 0.360938 0.187500 0.125000
6 0.537497 0.357812 0.187500 0.125000
6 0.435937 0.356250 0.187500 0.125000
6 0.484378 0.440625 0.187500 0.125000
6 0.579684 0.443750 0.187500 0.125000
6 0.687497 0.448438 0.187500 0.125000