4 0.517191 0.789062 0.187500 0.125000
4 0.804684 0.700000 0.187500 0.125000
4 0.862500 0.606250 0.187500 0.125000
4 0.913283 0.506250 0.173434 0.125000
4 0.803128 0.501563 0.187500 0.125000
4 0.748434 0.595313 0.187500 0.125000
4 0.943752 0.612500 0.112497 0.125000
4 0.914061 0.709375 0.171878 0.125000
4 0.941408 0.818750 0.117184 0.125000
4 0.910939 0.906250 0.178122 0.125000
6 0.573441 0.495313 0.187500 0.125000
6 0.515625 0.392188 0.187500 0.125000
6 0.459375 0.284375 0.187500 0.125000
6 0.398438 0.184375 0.187500 0.125000
6 0.337500 0.076563 0.187500 0.125000