3 0.887503 0.039062 0.187500 0.078125
3 0.924219 0.126562 0.151562 0.125000
3 0.885938 0.226562 0.187500 0.125000
4 0.767184 0.036719 0.187500 0.073438
4 0.534375 0.036719 0.187500 0.073438
4 0.471872 0.114062 0.187500 0.125000
4 0.592191 0.115625 0.187500 0.125000
3 0.357816 0.307812 0.187500 0.125000
3 0.468750 0.314063 0.187500 0.125000
3 0.409378 0.412500 0.187500 0.125000
3 0.475003 0.520312 0.187500 0.125000
3 0.534375 0.612500 0.187500 0.125000
3 0.478125 0.715625 0.187500 0.125000
3 0.300000 0.617188 0.187500 0.125000
6 0.414066 0.609375 0.187500 0.125000
6 0.354684 0.510938 0.187500 0.125000
6 0.534375 0.418750 0.187500 0.125000
6 0.651563 0.421875 0.187500 0.125000
6 0.765628 0.429688 0.187500 0.125000
6 0.881250 0.431250 0.187500 0.125000
6 0.950783 0.437500 0.098434 0.125000