3 0.646875 0.909375 0.187500 0.125000
4 0.939064 0.728125 0.121872 0.125000
4 0.912500 0.821875 0.175000 0.125000
4 0.937498 0.909375 0.125003 0.125000
4 0.864066 0.912500 0.187500 0.125000
4 0.810937 0.823438 0.187500 0.125000
4 0.698438 0.818750 0.187500 0.125000
4 0.648441 0.735938 0.187500 0.125000
4 0.543750 0.732812 0.187500 0.125000
4 0.442191 0.734375 0.187500 0.125000
4 0.384375 0.646875 0.187500 0.125000
4 0.331247 0.559375 0.187500 0.125000
4 0.387497 0.826562 0.187500 0.125000
4 0.489066 0.818750 0.187500 0.125000
4 0.276562 0.464063 0.187500 0.125000
4 0.225000 0.371875 0.187500 0.125000
4 0.175003 0.284375 0.187500 0.125000
4 0.117188 0.201562 0.187500 0.125000
4 0.055467 0.041406 0.110934 0.082812