0 0.120309 0.082812 0.187500 0.125000
0 0.056250 0.079687 0.112500 0.125000
0 0.171872 0.175000 0.187500 0.125000
0 0.114066 0.267188 0.187500 0.125000
0 0.075783 0.354687 0.151566 0.125000
0 0.048436 0.439063 0.096872 0.125000
0 0.070312 0.718750 0.140625 0.125000
0 0.156253 0.718750 0.187500 0.125000
1 0.162497 0.534375 0.187500 0.125000
1 0.270309 0.540625 0.187500 0.125000
1 0.323437 0.632812 0.187500 0.125000
1 0.545316 0.456250 0.187500 0.125000
1 0.487500 0.542188 0.187500 0.125000
1 0.595313 0.542188 0.187500 0.125000
1 0.653128 0.634375 0.187500 0.125000
1 0.757809 0.637500 0.187500 0.125000
1 0.595313 0.723437 0.187500 0.125000
1 0.479691 0.720313 0.187500 0.125000
1 0.428128 0.631250 0.187500 0.125000
2 0.539062 0.635938 0.187500 0.125000
2 0.378122 0.537500 0.187500 0.125000
2 0.657816 0.457812 0.187500 0.125000
2 0.865622 0.635938 0.187500 0.125000
2 0.924219 0.184375 0.151563 0.125000
2 0.879684 0.271875 0.187500 0.125000
2 0.946873 0.278125 0.106253 0.125000
2 0.918748 0.362500 0.162503 0.125000
1 0.660937 0.271875 0.187500 0.125000
2 0.771872 0.092188 0.187500 0.125000
2 0.834375 0.184375 0.187500 0.125000
2 0.498441 0.178125 0.187500 0.125000
2 0.339066 0.087500 0.187500 0.125000