1 0.873441 0.198438 0.187500 0.125000
4 0.209372 0.035937 0.187500 0.071875
4 0.069530 0.092188 0.139059 0.125000
4 0.154688 0.087500 0.187500 0.125000
4 0.212503 0.192188 0.187500 0.125000
4 0.093750 0.184375 0.187500 0.125000
3 0.328125 0.190625 0.187500 0.125000
3 0.767184 0.039844 0.187500 0.079687
3 0.499997 0.095312 0.187500 0.125000
3 0.607809 0.104687 0.187500 0.125000
1 0.665625 0.190625 0.187500 0.125000
1 0.771872 0.200000 0.187500 0.125000
3 0.499997 0.281250 0.187500 0.125000
3 0.550003 0.371875 0.187500 0.125000
3 0.493753 0.462500 0.187500 0.125000
3 0.437503 0.551562 0.187500 0.125000
3 0.489066 0.639062 0.187500 0.125000
3 0.653128 0.725000 0.187500 0.125000
0 0.818747 0.640625 0.187500 0.125000
1 0.944530 0.731250 0.110941 0.125000