4 0.507816 0.093750 0.187500 0.125000
4 0.610941 0.095312 0.187500 0.125000
4 0.765628 0.185938 0.187500 0.125000
4 0.665625 0.189063 0.187500 0.125000
4 0.562500 0.187500 0.187500 0.125000
4 0.454688 0.187500 0.187500 0.125000
4 0.348441 0.187500 0.187500 0.125000
4 0.398438 0.278125 0.187500 0.125000
4 0.501563 0.282813 0.187500 0.125000
4 0.343753 0.371875 0.187500 0.125000
4 0.290625 0.457812 0.187500 0.125000
4 0.182812 0.459375 0.187500 0.125000
6 0.403125 0.087500 0.187500 0.125000
6 0.337500 0.556250 0.187500 0.125000
6 0.229687 0.551562 0.187500 0.125000
6 0.117188 0.731250 0.187500 0.125000
6 0.228122 0.734375 0.187500 0.125000
6 0.175003 0.821875 0.187500 0.125000
6 0.081248 0.821875 0.162497 0.125000
6 0.115622 0.914062 0.187500 0.125000
6 0.053906 0.909375 0.107813 0.125000