3 0.731250 0.159375 0.187500 0.125000
3 0.851559 0.162500 0.187500 0.125000
3 0.934377 0.159375 0.131247 0.125000
3 0.804684 0.259375 0.187500 0.125000
3 0.860934 0.364063 0.187500 0.125000
3 0.803128 0.462500 0.187500 0.125000
3 0.909373 0.260937 0.181253 0.125000
3 0.559378 0.275000 0.187500 0.125000
6 0.665625 0.065625 0.187500 0.125000
6 0.787500 0.062500 0.187500 0.125000
6 0.901566 0.060156 0.187500 0.120313
6 0.942969 0.357812 0.114062 0.125000
6 0.916405 0.451562 0.167191 0.125000
6 0.871875 0.551562 0.187500 0.125000
6 0.742191 0.360938 0.187500 0.125000
6 0.682809 0.267188 0.187500 0.125000
6 0.614062 0.167187 0.187500 0.125000