3 0.514059 0.131250 0.187500 0.125000
6 0.573441 0.044531 0.187500 0.089063
6 0.457809 0.043750 0.187500 0.087500
6 0.909373 0.046094 0.181253 0.092188
6 0.856247 0.134375 0.187500 0.125000
6 0.229687 0.043750 0.187500 0.087500
6 0.115622 0.041406 0.187500 0.082812
6 0.050780 0.042188 0.101559 0.084375
6 0.076561 0.125000 0.153122 0.125000
2 0.173438 0.125000 0.187500 0.125000
2 0.343753 0.042188 0.187500 0.084375
2 0.289059 0.128125 0.187500 0.125000
2 0.396872 0.125000 0.187500 0.125000
2 0.120309 0.223438 0.187500 0.125000
2 0.232809 0.226562 0.187500 0.125000
2 0.173438 0.332813 0.187500 0.125000
2 0.078127 0.331250 0.156253 0.125000