0 0.941408 0.851562 0.117184 0.125000
3 0.767184 0.140625 0.187500 0.125000
3 0.820313 0.225000 0.187500 0.125000
3 0.381253 0.217187 0.187500 0.125000
3 0.818747 0.404687 0.187500 0.125000
6 0.762497 0.845313 0.187500 0.125000
6 0.712500 0.928125 0.187500 0.125000
6 0.387497 0.915625 0.187500 0.125000
6 0.331247 0.825000 0.187500 0.125000
6 0.273441 0.742188 0.187500 0.125000
6 0.209372 0.643750 0.187500 0.125000
6 0.159375 0.553125 0.187500 0.125000
3 0.814059 0.759375 0.187500 0.125000
4 0.764062 0.673438 0.187500 0.125000