3 0.464063 0.467187 0.187500 0.125000
3 0.512503 0.557813 0.187500 0.125000
3 0.553125 0.653125 0.187500 0.125000
3 0.409378 0.557813 0.187500 0.125000
3 0.765628 0.651563 0.187500 0.125000
3 0.865622 0.650000 0.187500 0.125000
3 0.938281 0.653125 0.123437 0.125000
4 0.364059 0.460938 0.187500 0.125000
4 0.312497 0.371875 0.187500 0.125000
4 0.204684 0.371875 0.187500 0.125000
2 0.343753 0.650000 0.187500 0.125000
2 0.179691 0.739062 0.187500 0.125000
2 0.121875 0.829688 0.187500 0.125000
2 0.085158 0.734375 0.170316 0.125000
6 0.067969 0.278125 0.135937 0.125000
6 0.137503 0.465625 0.187500 0.125000
2 0.061720 0.460938 0.123441 0.125000
6 0.250003 0.460938 0.187500 0.125000
6 0.189066 0.556250 0.187500 0.125000
6 0.298434 0.556250 0.187500 0.125000
6 0.131250 0.648438 0.187500 0.125000
6 0.234375 0.646875 0.187500 0.125000
6 0.282816 0.737500 0.187500 0.125000
6 0.387497 0.740625 0.187500 0.125000
6 0.496875 0.740625 0.187500 0.125000
6 0.545316 0.831250 0.187500 0.125000
4 0.592191 0.925000 0.187500 0.125000
1 0.489066 0.920312 0.187500 0.125000
2 0.442191 0.831250 0.187500 0.125000