6 0.092967 0.187500 0.185934 0.125000
6 0.209372 0.189063 0.187500 0.125000
6 0.250003 0.095312 0.187500 0.125000
6 0.306253 0.035937 0.187500 0.071875
6 0.428128 0.037500 0.187500 0.075000
4 0.365625 0.104687 0.187500 0.125000
4 0.482812 0.109375 0.187500 0.125000
4 0.317184 0.200000 0.187500 0.125000
4 0.428128 0.203125 0.187500 0.125000
4 0.542184 0.212500 0.187500 0.125000
4 0.651563 0.218750 0.187500 0.125000
4 0.759375 0.225000 0.187500 0.125000
4 0.871875 0.228125 0.187500 0.125000
4 0.941408 0.228125 0.117184 0.125000
4 0.916405 0.321875 0.167191 0.125000
4 0.815625 0.317188 0.187500 0.125000
4 0.879684 0.414062 0.187500 0.125000
4 0.764062 0.415625 0.187500 0.125000
4 0.703125 0.320312 0.187500 0.125000