1 0.495309 0.052344 0.187500 0.104688
1 0.440625 0.134375 0.187500 0.125000
1 0.659372 0.139063 0.187500 0.125000
1 0.718753 0.234375 0.187500 0.125000
1 0.510938 0.412500 0.187500 0.125000
1 0.521878 0.781250 0.187500 0.125000
1 0.189066 0.948438 0.187500 0.103125
3 0.129684 0.870313 0.187500 0.125000
3 0.184378 0.771875 0.187500 0.125000
3 0.129684 0.678125 0.187500 0.125000
3 0.052345 0.673438 0.104691 0.125000
3 0.242184 0.685937 0.187500 0.125000
3 0.190622 0.593750 0.187500 0.125000
3 0.407813 0.592187 0.187500 0.125000
3 0.082814 0.589063 0.165628 0.125000
3 0.051562 0.489062 0.103125 0.125000
3 0.077344 0.401562 0.154688 0.125000
3 0.106247 0.121875 0.187500 0.125000
3 0.162497 0.049219 0.187500 0.098437
3 0.267188 0.047656 0.187500 0.095312
3 0.381253 0.047656 0.187500 0.095312