4 0.775003 0.826562 0.187500 0.125000
4 0.885938 0.812500 0.187500 0.125000
4 0.945312 0.810937 0.109375 0.125000
4 0.821878 0.915625 0.187500 0.125000
4 0.917188 0.910937 0.165625 0.125000
4 0.554691 0.625000 0.187500 0.125000
4 0.440625 0.621875 0.187500 0.125000
3 0.390628 0.528125 0.187500 0.125000
3 0.601566 0.923438 0.187500 0.125000
4 0.048436 0.237500 0.096872 0.125000
4 0.551559 0.237500 0.187500 0.125000
4 0.392184 0.339062 0.187500 0.125000
3 0.442191 0.239063 0.187500 0.125000
3 0.334378 0.232812 0.187500 0.125000
4 0.048436 0.049219 0.096872 0.098437