2 0.952344 0.118750 0.095313 0.125000
2 0.885938 0.117188 0.187500 0.125000
2 0.771872 0.123438 0.187500 0.125000
2 0.721875 0.047656 0.187500 0.095312
2 0.612497 0.044531 0.187500 0.089063
2 0.550003 0.125000 0.187500 0.125000
2 0.600000 0.218750 0.187500 0.125000
2 0.712500 0.220313 0.187500 0.125000
2 0.649997 0.314063 0.187500 0.125000
2 0.762497 0.314063 0.187500 0.125000
2 0.698437 0.401562 0.187500 0.125000
2 0.818747 0.406250 0.187500 0.125000
2 0.753122 0.492188 0.187500 0.125000
2 0.864066 0.496875 0.187500 0.125000
2 0.939842 0.501563 0.120316 0.125000
2 0.807816 0.589063 0.187500 0.125000
2 0.910156 0.590625 0.179688 0.125000
2 0.939064 0.679688 0.121872 0.125000
2 0.859378 0.676562 0.187500 0.125000
2 0.914844 0.404687 0.170312 0.125000
0 0.118753 0.946094 0.187500 0.107812
2 0.454688 0.946875 0.187500 0.106250