1 0.066408 0.179688 0.132816 0.125000
1 0.231253 0.082812 0.187500 0.125000
1 0.471872 0.084375 0.187500 0.125000
1 0.415622 0.182812 0.187500 0.125000
1 0.534375 0.185938 0.187500 0.125000
1 0.349997 0.285938 0.187500 0.125000
1 0.475003 0.284375 0.187500 0.125000
1 0.596878 0.285938 0.187500 0.125000
1 0.656250 0.190625 0.187500 0.125000
1 0.781247 0.192188 0.187500 0.125000
1 0.717187 0.285938 0.187500 0.125000
1 0.659372 0.385937 0.187500 0.125000
1 0.600000 0.465625 0.187500 0.125000
1 0.781247 0.382812 0.187500 0.125000
1 0.837497 0.287500 0.187500 0.125000
1 0.896878 0.189063 0.187500 0.125000
1 0.835941 0.090625 0.187500 0.125000
1 0.929689 0.089062 0.140622 0.125000
1 0.929689 0.292187 0.140622 0.125000
1 0.901566 0.390625 0.187500 0.125000
1 0.848437 0.490625 0.187500 0.125000
1 0.933594 0.493750 0.132813 0.125000
1 0.862500 0.709375 0.187500 0.125000
1 0.935155 0.707812 0.129691 0.125000
1 0.906252 0.814063 0.187497 0.125000
1 0.856247 0.909375 0.187500 0.125000