4 0.376566 0.501563 0.187500 0.125000
4 0.665625 0.406250 0.187500 0.125000
4 0.781247 0.401562 0.187500 0.125000
4 0.254691 0.503125 0.187500 0.125000
4 0.088280 0.595313 0.176559 0.125000
4 0.054689 0.493750 0.109378 0.125000
4 0.085158 0.403125 0.170316 0.125000
4 0.314062 0.596875 0.187500 0.125000
4 0.545316 0.398438 0.187500 0.125000
4 0.490622 0.496875 0.187500 0.125000
4 0.435937 0.596875 0.187500 0.125000
4 0.553125 0.593750 0.187500 0.125000
4 0.604688 0.493750 0.187500 0.125000
4 0.140625 0.695312 0.187500 0.125000
4 0.059377 0.690625 0.118753 0.125000
4 0.085158 0.789062 0.170316 0.125000
4 0.196875 0.790625 0.187500 0.125000