4 0.312497 0.967187 0.187500 0.065625
4 0.592191 0.907813 0.187500 0.125000
4 0.529687 0.826562 0.187500 0.125000
4 0.696872 0.912500 0.187500 0.125000
4 0.754687 0.818750 0.187500 0.125000
4 0.703125 0.726562 0.187500 0.125000
4 0.584372 0.732812 0.187500 0.125000
3 0.645309 0.820312 0.187500 0.125000
3 0.646875 0.640625 0.187500 0.125000
3 0.812503 0.729688 0.187500 0.125000
3 0.479691 0.728125 0.187500 0.125000
3 0.540628 0.456250 0.187500 0.125000
4 0.590625 0.553125 0.187500 0.125000
4 0.487500 0.364063 0.187500 0.125000
6 0.432816 0.265625 0.187500 0.125000
3 0.542184 0.271875 0.187500 0.125000
3 0.595313 0.176563 0.187500 0.125000
3 0.649997 0.073437 0.187500 0.125000
3 0.762497 0.075000 0.187500 0.125000
3 0.871875 0.078125 0.187500 0.125000
3 0.210937 0.084375 0.187500 0.125000