1 0.779691 0.071875 0.187500 0.125000
1 0.825000 0.162500 0.187500 0.125000
1 0.887503 0.253125 0.187500 0.125000
1 0.922658 0.159375 0.154684 0.125000
1 0.889059 0.065625 0.187500 0.125000
0 0.948439 0.431250 0.103122 0.125000
0 0.445313 0.428125 0.187500 0.125000
0 0.553125 0.429688 0.187500 0.125000
0 0.676566 0.429688 0.187500 0.125000
0 0.721875 0.339062 0.187500 0.125000
0 0.773437 0.434375 0.187500 0.125000
0 0.826566 0.528125 0.187500 0.125000
0 0.878128 0.431250 0.187500 0.125000
1 0.918748 0.345313 0.162503 0.125000