2 0.046875 0.964844 0.093750 0.070312
2 0.072656 0.900000 0.145313 0.125000
2 0.160941 0.896875 0.187500 0.125000
2 0.265622 0.898438 0.187500 0.125000
2 0.375000 0.898438 0.187500 0.125000
2 0.479691 0.900000 0.187500 0.125000
2 0.218747 0.964063 0.187500 0.071875
2 0.323438 0.963281 0.187500 0.073438
2 0.426562 0.964063 0.187500 0.071875
2 0.321872 0.800000 0.187500 0.125000
2 0.429684 0.798438 0.187500 0.125000
2 0.379688 0.714063 0.187500 0.125000
1 0.157809 0.714063 0.187500 0.125000
1 0.321872 0.617188 0.187500 0.125000