6 0.806250 0.346875 0.187500 0.125000
6 0.618750 0.620313 0.187500 0.125000
6 0.944530 0.629687 0.110941 0.125000
6 0.571875 0.335938 0.187500 0.125000
6 0.801562 0.710938 0.187500 0.125000
6 0.942186 0.815625 0.115628 0.125000
6 0.862500 0.625000 0.187500 0.125000
6 0.914844 0.534375 0.170312 0.125000
6 0.689063 0.342187 0.187500 0.125000
6 0.751566 0.253125 0.187500 0.125000
6 0.870309 0.253125 0.187500 0.125000
6 0.626559 0.248437 0.187500 0.125000
6 0.625003 0.431250 0.187500 0.125000
6 0.571875 0.526563 0.187500 0.125000
6 0.687497 0.528125 0.187500 0.125000
6 0.803128 0.531250 0.187500 0.125000
6 0.745313 0.618750 0.187500 0.125000