4 0.063281 0.582812 0.126563 0.125000
4 0.157809 0.589063 0.187500 0.125000
4 0.270309 0.595313 0.187500 0.125000
4 0.339066 0.496875 0.187500 0.125000
4 0.220313 0.492188 0.187500 0.125000
4 0.282816 0.401562 0.187500 0.125000
3 0.153122 0.784375 0.187500 0.125000
3 0.092189 0.882812 0.184378 0.125000
3 0.150000 0.961719 0.187500 0.076562
3 0.701559 0.514062 0.187500 0.125000
3 0.823434 0.518750 0.187500 0.125000
3 0.881250 0.618750 0.187500 0.125000
3 0.759375 0.612500 0.187500 0.125000
3 0.921875 0.723437 0.156250 0.125000
3 0.947656 0.821875 0.104688 0.125000
3 0.918748 0.912500 0.162503 0.125000