3 0.375000 0.914062 0.187500 0.125000
3 0.328125 0.823437 0.187500 0.125000
3 0.437503 0.814062 0.187500 0.125000
3 0.535941 0.810937 0.187500 0.125000
3 0.609375 0.903125 0.187500 0.125000
3 0.648441 0.965625 0.187500 0.068750
6 0.660937 0.803125 0.187500 0.125000
6 0.765628 0.796875 0.187500 0.125000
6 0.712500 0.703125 0.187500 0.125000
6 0.609375 0.707812 0.187500 0.125000
6 0.654684 0.607812 0.187500 0.125000
6 0.757809 0.598437 0.187500 0.125000
6 0.707812 0.509375 0.187500 0.125000
6 0.809372 0.507812 0.187500 0.125000