0 0.670312 0.036719 0.187500 0.073438
0 0.799997 0.040625 0.187500 0.081250
0 0.618750 0.120312 0.187500 0.125000
0 0.493753 0.126562 0.187500 0.125000
0 0.562500 0.229687 0.187500 0.125000
0 0.679688 0.228125 0.187500 0.125000
0 0.737503 0.121875 0.187500 0.125000
0 0.503128 0.329688 0.187500 0.125000
0 0.571875 0.435937 0.187500 0.125000
0 0.685941 0.431250 0.187500 0.125000
0 0.629691 0.532813 0.187500 0.125000
0 0.750000 0.542188 0.187500 0.125000
0 0.574997 0.640625 0.187500 0.125000
0 0.689063 0.642188 0.187500 0.125000
0 0.512503 0.737500 0.187500 0.125000
0 0.640622 0.739062 0.187500 0.125000
0 0.585937 0.840625 0.187500 0.125000
0 0.704691 0.845312 0.187500 0.125000
0 0.762497 0.745313 0.187500 0.125000
0 0.812503 0.650000 0.187500 0.125000
1 0.868753 0.543750 0.187500 0.125000
1 0.922658 0.653125 0.154684 0.125000
1 0.918748 0.445312 0.162503 0.125000
1 0.943752 0.339062 0.112497 0.125000
1 0.914844 0.239063 0.170312 0.125000
1 0.868753 0.118750 0.187500 0.125000
1 0.948439 0.125000 0.103122 0.125000
3 0.614062 0.326562 0.187500 0.125000
3 0.439059 0.428125 0.187500 0.125000
3 0.378122 0.526563 0.187500 0.125000
3 0.310941 0.618750 0.187500 0.125000
3 0.187500 0.617188 0.187500 0.125000
3 0.253125 0.717187 0.187500 0.125000
3 0.503128 0.537500 0.187500 0.125000
3 0.446878 0.629687 0.187500 0.125000
3 0.379688 0.723437 0.187500 0.125000
3 0.331247 0.818750 0.187500 0.125000
3 0.457809 0.823437 0.187500 0.125000
3 0.273441 0.910937 0.187500 0.125000
3 0.398438 0.926562 0.187500 0.125000
1 0.926562 0.846875 0.146875 0.125000
4 0.307809 0.423438 0.187500 0.125000
4 0.103125 0.307812 0.187500 0.125000
4 0.065625 0.206250 0.131250 0.125000
4 0.086719 0.093750 0.173437 0.125000
4 0.228122 0.107813 0.187500 0.125000
4 0.162497 0.203125 0.187500 0.125000
4 0.069530 0.414062 0.139059 0.125000
4 0.118753 0.518750 0.187500 0.125000
4 0.075783 0.610938 0.151566 0.125000
4 0.118753 0.712500 0.187500 0.125000
4 0.078905 0.803125 0.157809 0.125000
4 0.057811 0.909375 0.115622 0.125000
4 0.145313 0.914062 0.187500 0.125000