4 0.058594 0.596875 0.117188 0.125000
4 0.131250 0.593750 0.187500 0.125000
4 0.250003 0.587500 0.187500 0.125000
4 0.356250 0.603125 0.187500 0.125000
4 0.473437 0.601562 0.187500 0.125000
4 0.578128 0.600000 0.187500 0.125000
4 0.681253 0.595313 0.187500 0.125000
4 0.748434 0.490625 0.187500 0.125000
4 0.634378 0.698438 0.187500 0.125000
6 0.907813 0.396875 0.184375 0.125000
6 0.796875 0.404687 0.187500 0.125000
6 0.684375 0.395313 0.187500 0.125000
6 0.634378 0.503125 0.187500 0.125000
6 0.942186 0.285938 0.115628 0.125000
6 0.864066 0.300000 0.187500 0.125000
6 0.748434 0.292187 0.187500 0.125000
6 0.629691 0.279687 0.187500 0.125000
6 0.520312 0.271875 0.187500 0.125000
6 0.570309 0.395313 0.187500 0.125000
6 0.529687 0.503125 0.187500 0.125000
6 0.456253 0.382812 0.187500 0.125000
6 0.796875 0.184375 0.187500 0.125000
6 0.684375 0.178125 0.187500 0.125000
6 0.574997 0.165625 0.187500 0.125000
6 0.464063 0.140625 0.187500 0.125000
6 0.742191 0.085938 0.187500 0.125000
6 0.854691 0.089062 0.187500 0.125000
6 0.910939 0.176563 0.178122 0.125000