1 0.070312 0.904687 0.140625 0.125000
2 0.162497 0.904687 0.187500 0.125000
2 0.934377 0.515625 0.131247 0.125000
2 0.907813 0.610938 0.184375 0.125000
2 0.850003 0.712500 0.187500 0.125000
2 0.937498 0.706250 0.125003 0.125000
2 0.910156 0.803125 0.179688 0.125000
2 0.860934 0.900000 0.187500 0.125000
0 0.939064 0.893750 0.121872 0.125000
0 0.731250 0.717187 0.187500 0.125000
0 0.785934 0.620313 0.187500 0.125000
0 0.846872 0.526563 0.187500 0.125000
0 0.504684 0.523438 0.187500 0.125000
0 0.507816 0.909375 0.187500 0.125000
2 0.445312 0.420312 0.187500 0.125000
2 0.729684 0.326562 0.187500 0.125000
2 0.679688 0.229687 0.187500 0.125000
2 0.615628 0.126562 0.187500 0.125000
2 0.734372 0.123438 0.187500 0.125000
2 0.848437 0.121875 0.187500 0.125000
2 0.392184 0.125000 0.187500 0.125000
2 0.445312 0.228125 0.187500 0.125000
2 0.562500 0.225000 0.187500 0.125000
2 0.339066 0.225000 0.187500 0.125000
2 0.225000 0.223438 0.187500 0.125000
2 0.279684 0.321875 0.187500 0.125000