1 0.912500 0.887500 0.175000 0.125000
1 0.854691 0.963281 0.187500 0.073438
1 0.943752 0.960938 0.112497 0.078125
1 0.610941 0.963281 0.187500 0.073438
1 0.673434 0.893750 0.187500 0.125000
1 0.553125 0.898438 0.187500 0.125000
1 0.424997 0.895312 0.187500 0.125000
1 0.364059 0.798438 0.187500 0.125000
1 0.551559 0.703125 0.187500 0.125000
1 0.301566 0.695312 0.187500 0.125000
1 0.243750 0.609375 0.187500 0.125000
1 0.175003 0.507812 0.187500 0.125000
1 0.071873 0.504687 0.143747 0.125000
1 0.114066 0.603125 0.187500 0.125000
2 0.114066 0.409375 0.187500 0.125000
1 0.115622 0.789062 0.187500 0.125000
1 0.075000 0.895312 0.150000 0.125000