4 0.615628 0.585938 0.187500 0.125000
4 0.493753 0.784375 0.187500 0.125000
4 0.728128 0.785937 0.187500 0.125000
4 0.543750 0.884375 0.187500 0.125000
4 0.481247 0.954688 0.187500 0.090625
6 0.431250 0.679688 0.187500 0.125000
6 0.315628 0.682813 0.187500 0.125000
6 0.201562 0.681250 0.187500 0.125000
6 0.085936 0.684375 0.171872 0.125000
6 0.134372 0.781250 0.187500 0.125000
6 0.187500 0.876563 0.187500 0.125000
6 0.243750 0.957031 0.187500 0.085938
6 0.082814 0.879687 0.165628 0.125000
6 0.053906 0.778125 0.107813 0.125000