1 0.931250 0.078125 0.137500 0.125000
1 0.900000 0.168750 0.187500 0.125000
1 0.936720 0.264062 0.126559 0.125000
1 0.720309 0.084375 0.187500 0.125000
1 0.600000 0.087500 0.187500 0.125000
1 0.610941 0.276562 0.187500 0.125000
1 0.848437 0.273438 0.187500 0.125000
3 0.303122 0.201562 0.187500 0.125000
2 0.364059 0.104687 0.187500 0.125000
6 0.493753 0.284375 0.187500 0.125000
6 0.373434 0.290625 0.187500 0.125000
6 0.435937 0.193750 0.187500 0.125000
6 0.671878 0.367188 0.187500 0.125000
6 0.799997 0.368750 0.187500 0.125000
6 0.051562 0.104687 0.103125 0.125000
6 0.081248 0.204688 0.162497 0.125000
6 0.134372 0.296875 0.187500 0.125000