4 0.871875 0.246875 0.187500 0.125000
4 0.946095 0.250000 0.107809 0.125000
4 0.654684 0.045312 0.187500 0.090625
0 0.270309 0.123438 0.187500 0.125000
1 0.754687 0.245312 0.187500 0.125000
1 0.704691 0.346875 0.187500 0.125000
1 0.871875 0.459375 0.187500 0.125000
1 0.914061 0.357812 0.171878 0.125000
1 0.654684 0.451562 0.187500 0.125000
1 0.482812 0.346875 0.187500 0.125000
1 0.104691 0.234375 0.187500 0.125000
1 0.096872 0.431250 0.187500 0.125000
1 0.100003 0.629687 0.187500 0.125000
1 0.910156 0.753125 0.179688 0.125000
1 0.914061 0.946094 0.171878 0.107812