0 0.770316 0.967187 0.187500 0.065625
0 0.884372 0.967187 0.187500 0.065625
0 0.874997 0.810937 0.187500 0.125000
0 0.710934 0.725000 0.187500 0.125000
3 0.919531 0.903125 0.160937 0.125000
3 0.945312 0.812500 0.109375 0.125000
3 0.948439 0.966406 0.103122 0.067187
3 0.764062 0.815625 0.187500 0.125000
3 0.820312 0.723437 0.187500 0.125000
3 0.657816 0.814062 0.187500 0.125000
3 0.600000 0.720313 0.187500 0.125000
3 0.707812 0.906250 0.187500 0.125000
3 0.603122 0.907813 0.187500 0.125000
3 0.496875 0.910937 0.187500 0.125000
4 0.381253 0.907813 0.187500 0.125000
4 0.271875 0.907813 0.187500 0.125000
3 0.067186 0.325000 0.134372 0.125000
3 0.103125 0.425000 0.187500 0.125000
3 0.160941 0.526563 0.187500 0.125000
3 0.156253 0.335938 0.187500 0.125000
1 0.944530 0.626563 0.110941 0.125000