6 0.055467 0.428125 0.110934 0.125000
3 0.126562 0.617188 0.187500 0.125000
3 0.181247 0.710938 0.187500 0.125000
3 0.082814 0.712500 0.165628 0.125000
3 0.057033 0.800000 0.114066 0.125000
3 0.084375 0.889062 0.168750 0.125000
2 0.080470 0.150000 0.160941 0.125000
2 0.178125 0.156250 0.187500 0.125000
2 0.290625 0.157812 0.187500 0.125000
2 0.232809 0.250000 0.187500 0.125000
2 0.290625 0.348438 0.187500 0.125000
2 0.343753 0.443750 0.187500 0.125000
2 0.400003 0.537500 0.187500 0.125000
2 0.503128 0.532813 0.187500 0.125000
2 0.453122 0.631250 0.187500 0.125000
3 0.293747 0.895312 0.187500 0.125000
3 0.346875 0.964063 0.187500 0.071875