6 0.485934 0.451562 0.187500 0.125000
6 0.434372 0.356250 0.187500 0.125000
6 0.329691 0.364063 0.187500 0.125000
6 0.221878 0.360938 0.187500 0.125000
6 0.110934 0.365625 0.187500 0.125000
6 0.054689 0.356250 0.109378 0.125000
6 0.079687 0.456250 0.159375 0.125000
6 0.170316 0.453125 0.187500 0.125000
6 0.274997 0.454688 0.187500 0.125000
6 0.381253 0.453125 0.187500 0.125000
6 0.546872 0.356250 0.187500 0.125000
6 0.165628 0.637500 0.187500 0.125000
6 0.120309 0.740625 0.187500 0.125000
6 0.081248 0.845312 0.162497 0.125000
3 0.053123 0.939063 0.106247 0.121875