0 0.226566 0.851562 0.187500 0.125000
0 0.334378 0.850000 0.187500 0.125000
0 0.429684 0.857812 0.187500 0.125000
0 0.592191 0.943750 0.187500 0.112500
0 0.693750 0.773438 0.187500 0.125000
0 0.904687 0.950000 0.187500 0.100000
0 0.596878 0.237500 0.187500 0.125000
0 0.754687 0.154688 0.187500 0.125000
0 0.932033 0.514062 0.135934 0.125000
3 0.055467 0.140625 0.110934 0.125000
3 0.082031 0.225000 0.164063 0.125000
3 0.081248 0.404687 0.162497 0.125000
6 0.053123 0.845313 0.106247 0.125000
3 0.078905 0.759375 0.157809 0.125000
4 0.053906 0.673438 0.107813 0.125000