6 0.598794 0.756336 0.802411 0.487328
5 0.503485 0.549218 0.012930 0.020416
5 0.489375 0.549347 0.012930 0.020416
5 0.475179 0.549605 0.012930 0.020415
5 0.467522 0.567673 0.012930 0.020416
5 0.481718 0.567415 0.012930 0.020416
5 0.495828 0.567286 0.012930 0.020416
5 0.475351 0.585869 0.012930 0.020416
5 0.461844 0.586257 0.012930 0.020416
5 0.447820 0.586386 0.012930 0.020416
5 0.454186 0.568189 0.012930 0.020416
5 0.440076 0.568318 0.012930 0.020416
5 0.426827 0.568576 0.012930 0.020416
5 0.460572 0.549476 0.012930 0.020416
5 0.420900 0.587031 0.012930 0.020416
5 0.434149 0.586773 0.012930 0.020416
5 0.419553 0.549852 0.012930 0.020416
5 0.432802 0.549594 0.012930 0.020416
5 0.446912 0.549465 0.012930 0.020416
5 0.379675 0.588166 0.012930 0.020416
5 0.393345 0.587778 0.012930 0.020416
5 0.407369 0.587650 0.012930 0.020416
5 0.399712 0.569582 0.012930 0.020416
5 0.392438 0.550858 0.012930 0.020416
5 0.378328 0.550987 0.012930 0.020416
5 0.365078 0.551245 0.012930 0.020416
5 0.385602 0.569711 0.012930 0.020416
5 0.406089 0.550200 0.012930 0.020416
5 0.413363 0.568924 0.012930 0.020415
5 0.372817 0.569505 0.012930 0.020416
5 0.384492 0.530587 0.012930 0.020416
5 0.398602 0.530458 0.012930 0.020416
5 0.413758 0.531666 0.012930 0.020416
5 0.427222 0.531318 0.012930 0.020416
5 0.440472 0.531059 0.012930 0.020416
5 0.325517 0.551189 0.012930 0.020416
5 0.332546 0.569342 0.012930 0.020416
5 0.340113 0.588109 0.012930 0.020416
5 0.352578 0.587935 0.012930 0.020416
5 0.366602 0.587806 0.012930 0.020415
5 0.358945 0.569738 0.012930 0.020416
5 0.351671 0.551014 0.012930 0.020416
5 0.339050 0.550931 0.012930 0.020416
5 0.346324 0.569655 0.012930 0.020416
5 0.318567 0.533425 0.012930 0.020416
5 0.332101 0.533167 0.012930 0.020416
5 0.346874 0.604793 0.012930 0.020416
5 0.360898 0.604664 0.012930 0.020416
5 0.373970 0.605024 0.012930 0.020416
5 0.387641 0.604637 0.012930 0.020416
5 0.285707 0.586449 0.012930 0.020415
5 0.299194 0.587041 0.012930 0.020416
5 0.313217 0.587167 0.012930 0.020416
5 0.326631 0.587272 0.012930 0.020416
5 0.244801 0.619986 0.012930 0.020416
5 0.243453 0.585930 0.012930 0.020416
5 0.265809 0.603460 0.012930 0.020416
5 0.258969 0.620805 0.012930 0.020416
5 0.251200 0.603235 0.012930 0.020416
5 0.257967 0.586014 0.012930 0.020416
5 0.236571 0.602496 0.012930 0.020416
5 0.264213 0.568979 0.012930 0.020416
5 0.272055 0.586425 0.012930 0.020416
5 0.278396 0.569248 0.012930 0.020416
5 0.270554 0.551801 0.012930 0.020416
5 0.238650 0.637584 0.012930 0.020416
5 0.232310 0.654761 0.012930 0.020416
5 0.226168 0.672578 0.012930 0.020416
5 0.219297 0.690425 0.012930 0.020416
5 0.213418 0.707489 0.012930 0.020416
5 0.246483 0.655066 0.012930 0.020416
5 0.239934 0.672713 0.012930 0.020416
5 0.233166 0.690061 0.012930 0.020416
5 0.227338 0.707751 0.012930 0.020416
5 0.220000 0.724033 0.012930 0.020416
5 0.260350 0.655536 0.012930 0.020416
5 0.254948 0.673026 0.012930 0.020416
5 0.248076 0.690061 0.012930 0.020416
5 0.241101 0.707751 0.012930 0.020416
5 0.233867 0.724502 0.012930 0.020416
5 0.279458 0.603472 0.012930 0.020416
5 0.273211 0.620507 0.012930 0.020416
5 0.266372 0.637852 0.012930 0.020416
5 0.262455 0.691480 0.012930 0.020416
5 0.255687 0.708046 0.012930 0.020416
5 0.248921 0.724642 0.012930 0.020416
5 0.241895 0.742331 0.012930 0.020416
5 0.293017 0.604393 0.012930 0.020416
5 0.306747 0.604519 0.012930 0.020416
5 0.320161 0.604623 0.012930 0.020416
5 0.291645 0.569542 0.012930 0.020416
5 0.305669 0.569668 0.012930 0.020416
5 0.285029 0.551336 0.012930 0.020416
5 0.299052 0.551077 0.012930 0.020416
5 0.311673 0.551161 0.012930 0.020416
5 0.535179 0.552829 0.012930 0.020416
5 0.519464 0.552958 0.012930 0.020416
5 0.567012 0.548023 0.012930 0.020416
5 0.552094 0.549347 0.012930 0.020416
5 0.560238 0.566552 0.012930 0.020416
5 0.546715 0.567877 0.012930 0.020416
5 0.994773 0.591228 0.010454 0.020416
5 0.954049 0.592052 0.012930 0.020416
5 0.968391 0.591539 0.012930 0.020416
5 0.982690 0.591254 0.012930 0.020416
5 0.824387 0.573929 0.012930 0.020416
5 0.677160 0.545986 0.012930 0.020416
5 0.648355 0.545824 0.012930 0.020416
5 0.634438 0.547372 0.012930 0.020416
5 0.620068 0.547182 0.012930 0.020416
5 0.662431 0.545607 0.012930 0.020416
5 0.705362 0.544709 0.012930 0.020416
5 0.691107 0.544756 0.012930 0.020416
5 0.670345 0.527106 0.012930 0.020416
5 0.656399 0.563995 0.012930 0.020416
5 0.670476 0.563636 0.012930 0.020416
5 0.684636 0.563589 0.012930 0.020416
5 0.731849 0.544392 0.012930 0.020416
5 0.725378 0.563226 0.012930 0.020416
5 0.711217 0.563273 0.012930 0.020416
5 0.892905 0.571684 0.012930 0.020416
5 0.879952 0.572169 0.012930 0.020416
5 0.867543 0.572785 0.012930 0.020416
5 0.872927 0.592143 0.012930 0.020415
5 0.887088 0.592097 0.012930 0.020416
