6 0.277288 0.696727 0.554577 0.606545
5 0.003517 0.435855 0.007034 0.023058
5 0.220158 0.449771 0.015105 0.023058
5 0.204486 0.449864 0.015105 0.023058
5 0.189064 0.451007 0.015105 0.023058
5 0.173394 0.450522 0.015105 0.023058
5 0.196648 0.511139 0.015105 0.023058
5 0.212236 0.511254 0.015106 0.023058
5 0.227423 0.510286 0.015105 0.023058
5 0.242627 0.509842 0.015106 0.023058
5 0.309666 0.447224 0.015105 0.023058
5 0.324180 0.486290 0.015105 0.023058
5 0.438802 0.499905 0.015105 0.023058
5 0.423598 0.500349 0.015105 0.023058
5 0.400197 0.482120 0.015105 0.023058
5 0.415401 0.481676 0.015105 0.023058
5 0.302224 0.425031 0.015106 0.023058
5 0.286551 0.425124 0.015105 0.023058
5 0.332277 0.465978 0.015106 0.023058
5 0.324436 0.446379 0.015105 0.023058
5 0.316449 0.426874 0.015105 0.023058
5 0.089131 0.434386 0.015106 0.023058
5 0.219523 0.491285 0.015106 0.023058
