6 0.284301 0.675320 0.568602 0.649360
5 0.072970 0.485035 0.015105 0.023058
5 0.065117 0.504667 0.015105 0.023058
5 0.094933 0.507465 0.015106 0.023058
5 0.087431 0.526676 0.015105 0.023058
5 0.102064 0.527849 0.015105 0.023058
5 0.125046 0.508002 0.015106 0.023058
5 0.140483 0.469525 0.015105 0.023058
5 0.192365 0.491984 0.015106 0.023058
5 0.110370 0.468292 0.015105 0.023058
5 0.391931 0.520788 0.015105 0.023058
5 0.384430 0.539998 0.015105 0.023058
5 0.399063 0.541172 0.015105 0.023058
5 0.428781 0.540913 0.015105 0.023058
5 0.414061 0.541038 0.015106 0.023058
5 0.398024 0.499064 0.015105 0.023058
5 0.421330 0.561966 0.015105 0.023058
5 0.495360 0.643263 0.015105 0.023058
5 0.487833 0.623472 0.015105 0.023058
5 0.480331 0.642682 0.015106 0.023058
