6 0.269414 0.755782 0.538829 0.488435
5 0.087061 0.580535 0.012930 0.020416
5 0.066569 0.561639 0.012930 0.020416
5 0.074044 0.543500 0.012930 0.020416
5 0.067157 0.598801 0.012930 0.020416
5 0.113986 0.580081 0.012930 0.020416
5 0.163501 0.545441 0.012930 0.020416
5 0.207218 0.547688 0.012930 0.020416
5 0.193123 0.547388 0.012930 0.020416
5 0.179190 0.547328 0.012930 0.020416
5 0.186329 0.530766 0.012930 0.020416
5 0.200239 0.529688 0.012930 0.020416
5 0.213875 0.529007 0.012930 0.020416
5 0.228366 0.528122 0.012930 0.020416
5 0.199942 0.565175 0.012930 0.020416
5 0.213641 0.565328 0.012930 0.020416
5 0.193321 0.581629 0.012930 0.020416
5 0.171383 0.563100 0.012930 0.020416
5 0.295773 0.563406 0.012930 0.020416
5 0.282113 0.562583 0.012930 0.020416
5 0.267745 0.563045 0.012930 0.020416
5 0.254230 0.564158 0.012930 0.020416
5 0.288208 0.580752 0.012930 0.020416
5 0.274287 0.580321 0.012930 0.020416
5 0.247013 0.581113 0.012930 0.020415
5 0.234232 0.546681 0.012930 0.020416
5 0.247834 0.545699 0.012930 0.020416
5 0.261506 0.544846 0.012930 0.020416
5 0.275852 0.544324 0.012930 0.020416
5 0.289938 0.543933 0.012930 0.020416
5 0.309458 0.563641 0.012930 0.020416
5 0.316782 0.546202 0.012930 0.020416
5 0.304010 0.544639 0.012930 0.020416
5 0.321240 0.597071 0.012930 0.020416
5 0.334916 0.595311 0.012930 0.020416
5 0.315800 0.580766 0.012930 0.020416
5 0.329749 0.547023 0.012930 0.020416
5 0.342638 0.548780 0.012930 0.020416
5 0.336623 0.529798 0.012930 0.020416
5 0.349825 0.529212 0.012930 0.020416
5 0.356543 0.547491 0.012930 0.020416
5 0.370447 0.546671 0.012930 0.020416
5 0.354277 0.612335 0.012930 0.020416
5 0.387276 0.591734 0.012930 0.020416
5 0.408068 0.574567 0.012930 0.020416
5 0.427501 0.593270 0.012930 0.020416
5 0.420783 0.574991 0.012930 0.020416
5 0.441025 0.592068 0.012930 0.020416
5 0.434683 0.574943 0.012930 0.020416
5 0.428376 0.556656 0.012930 0.020416
5 0.447737 0.609302 0.012930 0.020415
5 0.455379 0.627016 0.012930 0.020416
5 0.461721 0.644141 0.012930 0.020415
5 0.490205 0.680380 0.012930 0.020416
5 0.482446 0.661465 0.012930 0.020416
5 0.475401 0.644198 0.012930 0.020416
5 0.469285 0.625845 0.012930 0.020416
5 0.462048 0.608944 0.012930 0.020416
5 0.455070 0.591104 0.012930 0.020416
5 0.482823 0.698387 0.012930 0.020416
5 0.468577 0.661465 0.012930 0.020416
5 0.498109 0.697940 0.012930 0.020416
5 0.490314 0.645092 0.012930 0.020416
5 0.484198 0.626740 0.012930 0.020416
5 0.477334 0.608385 0.012930 0.020416
5 0.469536 0.591775 0.012930 0.020416
5 0.461974 0.573377 0.012930 0.020416
5 0.440797 0.627063 0.012930 0.020416
5 0.434128 0.645136 0.012930 0.020416
5 0.448035 0.643965 0.012930 0.020416
5 0.009276 0.548034 0.012930 0.020416
