6 0.612082 0.755782 0.775837 0.488435
5 0.658042 0.585645 0.015105 0.023058
5 0.665147 0.566020 0.015106 0.023058
5 0.644786 0.585255 0.015105 0.023058
5 0.616627 0.584865 0.015106 0.023058
5 0.630923 0.585125 0.015105 0.023058
5 0.650591 0.565240 0.015105 0.023058
5 0.637075 0.566540 0.015105 0.023058
5 0.622779 0.566280 0.015106 0.023058
5 0.671379 0.544906 0.015105 0.023058
5 0.657145 0.544126 0.015105 0.023058
5 0.643307 0.543975 0.015106 0.023058
5 0.629011 0.545166 0.015105 0.023058
5 0.699101 0.547162 0.015105 0.023058
5 0.685298 0.545738 0.015105 0.023058
5 0.706086 0.566826 0.015105 0.023058
5 0.713285 0.548936 0.015105 0.023058
5 0.727361 0.549258 0.015105 0.023058
5 0.589450 0.583773 0.012930 0.020416
5 0.602756 0.583773 0.012930 0.020416
5 0.594311 0.565182 0.012930 0.020416
5 0.608744 0.565004 0.015106 0.023058
5 0.576056 0.582778 0.012930 0.020416
5 0.583324 0.601662 0.012930 0.020416
5 0.597172 0.601490 0.012930 0.020416
5 0.637777 0.602657 0.012930 0.020416
5 0.624128 0.602571 0.012930 0.020416
5 0.610104 0.602263 0.012930 0.020416
5 0.530480 0.600141 0.012930 0.020416
5 0.543766 0.598434 0.012930 0.020416
5 0.556749 0.598286 0.012930 0.020416
5 0.550236 0.578565 0.012930 0.020416
5 0.496278 0.583353 0.012930 0.020416
5 0.510236 0.583563 0.012930 0.020416
5 0.523825 0.582406 0.012930 0.020416
5 0.503454 0.600659 0.012930 0.020416
5 0.489739 0.601264 0.012930 0.020416
5 0.482167 0.583492 0.012930 0.020416
5 0.468523 0.583462 0.012930 0.020416
5 0.475062 0.565551 0.012930 0.020416
5 0.489217 0.566147 0.012930 0.020416
5 0.503329 0.566008 0.012930 0.020416
5 0.496691 0.548274 0.012930 0.020416
5 0.482183 0.548207 0.012930 0.020416
5 0.461263 0.565415 0.012930 0.020416
5 0.512913 0.548104 0.015105 0.023058
5 0.417029 0.582008 0.012930 0.020416
5 0.430281 0.580976 0.012930 0.020416
5 0.443449 0.581780 0.012930 0.020416
5 0.456149 0.582344 0.012930 0.020416
5 0.449242 0.564790 0.012930 0.020416
5 0.424119 0.562917 0.012930 0.020416
5 0.410556 0.563253 0.012930 0.020415
5 0.436781 0.561391 0.012930 0.020416
5 0.423713 0.599889 0.012930 0.020416
5 0.410011 0.600362 0.012930 0.020416
5 0.396281 0.600665 0.012930 0.020416
5 0.368198 0.601191 0.012930 0.020416
5 0.353617 0.600318 0.012930 0.020416
5 0.339936 0.600858 0.012930 0.020416
5 0.326114 0.599563 0.012930 0.020416
5 0.312372 0.599491 0.012930 0.020416
5 0.382169 0.600975 0.012930 0.020416
5 0.403389 0.581724 0.012930 0.020416
5 0.389005 0.582272 0.012930 0.020416
5 0.374567 0.582459 0.012930 0.020416
5 0.360431 0.582552 0.012930 0.020416
5 0.331761 0.582219 0.012930 0.020416
5 0.318429 0.582150 0.012930 0.020416
5 0.304769 0.581097 0.012930 0.020416
5 0.346014 0.581802 0.012930 0.020416
5 0.297739 0.562459 0.012930 0.020416
5 0.311399 0.563512 0.012930 0.020416
5 0.324731 0.563581 0.012930 0.020416
5 0.338984 0.563163 0.012930 0.020416
5 0.353238 0.563668 0.012930 0.020416
5 0.366964 0.563575 0.012930 0.020416
5 0.381975 0.563633 0.012930 0.020416
5 0.396359 0.563085 0.012930 0.020416
5 0.360922 0.544539 0.012930 0.020416
5 0.374648 0.544446 0.012930 0.020416
5 0.389659 0.544504 0.012930 0.020416
5 0.404043 0.543956 0.012930 0.020416
5 0.418241 0.544124 0.012930 0.020416
5 0.403896 0.617587 0.012930 0.020416
5 0.390166 0.617890 0.012930 0.020416
5 0.376055 0.618199 0.012930 0.020416
5 0.362083 0.618415 0.012930 0.020416
5 0.347502 0.617542 0.012930 0.020416
5 0.333821 0.618082 0.012930 0.020416
5 0.319999 0.616787 0.012930 0.020416
5 0.306258 0.616715 0.012930 0.020416
5 0.292398 0.615661 0.012930 0.020416
5 0.298512 0.598436 0.012930 0.020416
5 0.277132 0.615962 0.012930 0.020416
5 0.284250 0.598135 0.012930 0.020416
5 0.289875 0.580358 0.012930 0.020416
5 0.282674 0.563062 0.012930 0.020416
5 0.269085 0.597081 0.012930 0.020416
5 0.261966 0.614908 0.012930 0.020416
5 0.275713 0.579455 0.012930 0.020416
5 0.288198 0.543778 0.012930 0.020416
5 0.270804 0.633438 0.012930 0.020416
5 0.255639 0.632383 0.012930 0.020416
5 0.285367 0.634341 0.012930 0.020416
5 0.299930 0.634191 0.012930 0.020416
5 0.313672 0.634262 0.012930 0.020416
5 0.327494 0.635558 0.012930 0.020416
5 0.341175 0.635018 0.012930 0.020416
5 0.355756 0.635891 0.012930 0.020416
5 0.293302 0.651968 0.012930 0.020416
5 0.278739 0.652118 0.012930 0.020416
5 0.264176 0.651214 0.012930 0.020416
5 0.249010 0.650160 0.012930 0.020416
5 0.249872 0.686150 0.012930 0.020416
5 0.264022 0.686816 0.012930 0.020416
5 0.278741 0.687874 0.012930 0.020416
5 0.293583 0.688929 0.012930 0.020416
5 0.271867 0.705450 0.012930 0.020416
5 0.257148 0.704546 0.012930 0.020416
5 0.249917 0.721563 0.012930 0.020416
5 0.264636 0.722622 0.012930 0.020416
5 0.257762 0.740198 0.012930 0.020416
5 0.409660 0.636540 0.012930 0.020416
5 0.396373 0.635679 0.012930 0.020416
5 0.456814 0.617923 0.012930 0.020416
5 0.463037 0.601161 0.012930 0.020416
5 0.449906 0.600369 0.012930 0.020416
5 0.761105 0.565902 0.012930 0.020416
5 0.746919 0.566922 0.012930 0.020416
5 0.712516 0.584974 0.012930 0.020416
5 0.726315 0.584534 0.012930 0.020416
5 0.753552 0.584301 0.012930 0.020416
5 0.739753 0.584742 0.012930 0.020416
5 0.733279 0.567356 0.012930 0.020416
5 0.740397 0.548901 0.012930 0.020416
5 0.733898 0.531723 0.012930 0.020416
5 0.887061 0.580535 0.012930 0.020416
5 0.866569 0.561639 0.012930 0.020416
5 0.874044 0.543500 0.012930 0.020416
5 0.867157 0.598801 0.012930 0.020416
5 0.795354 0.546901 0.012930 0.020416
5 0.913986 0.580081 0.012930 0.020416
5 0.963501 0.545441 0.012930 0.020416
5 0.993123 0.547388 0.012930 0.020416
5 0.979190 0.547328 0.012930 0.020416
5 0.986329 0.530766 0.012930 0.020416
5 0.996887 0.529688 0.006226 0.020416
5 0.996738 0.565175 0.006523 0.020416
5 0.993321 0.581629 0.012930 0.020416
5 0.971383 0.563100 0.012930 0.020416
5 0.809276 0.548034 0.012930 0.020416
