6 0.237918 0.763349 0.475837 0.473302
5 0.030242 0.599985 0.012930 0.020416
5 0.043468 0.599890 0.012930 0.020416
5 0.057074 0.601225 0.012930 0.020416
5 0.050398 0.581292 0.012930 0.020416
5 0.037300 0.580625 0.012930 0.020416
5 0.023884 0.580529 0.012930 0.020416
5 0.017017 0.599795 0.012930 0.020416
5 0.010278 0.579671 0.012930 0.020416
5 0.004970 0.599127 0.009939 0.020416
5 0.077611 0.582246 0.012930 0.020416
5 0.070681 0.600844 0.012930 0.020416
5 0.064132 0.581674 0.012930 0.020416
5 0.043913 0.563266 0.012930 0.020416
5 0.001438 0.580186 0.002876 0.020416
5 0.004817 0.562281 0.009635 0.020416
5 0.016922 0.561818 0.012930 0.020416
5 0.010570 0.542871 0.012930 0.020416
5 0.001386 0.543443 0.002771 0.020416
5 0.024078 0.544185 0.012930 0.020416
5 0.038535 0.543966 0.012930 0.020416
5 0.065039 0.545609 0.012930 0.020416
5 0.193286 0.600417 0.012930 0.020416
5 0.179679 0.600798 0.012930 0.020416
5 0.152847 0.599558 0.012930 0.020416
5 0.139622 0.599368 0.012930 0.020415
5 0.097915 0.600555 0.012930 0.020416
5 0.111577 0.599840 0.012930 0.020416
5 0.125446 0.599175 0.012930 0.020416
5 0.166072 0.599463 0.012930 0.020416
5 0.132758 0.581151 0.012930 0.020416
5 0.145983 0.580708 0.012930 0.020416
5 0.159947 0.580612 0.012930 0.020416
5 0.119109 0.581434 0.012930 0.020416
5 0.105240 0.581465 0.012930 0.020416
5 0.126502 0.562266 0.012930 0.020416
5 0.153798 0.561223 0.012930 0.020416
5 0.167762 0.561128 0.012930 0.020416
5 0.139834 0.561349 0.012930 0.020416
5 0.120376 0.542623 0.012930 0.020416
5 0.133708 0.541707 0.012930 0.020416
5 0.147673 0.541581 0.012930 0.020416
5 0.161637 0.541485 0.012930 0.020416
5 0.107492 0.543415 0.012930 0.020416
5 0.099678 0.563533 0.012930 0.020416
5 0.178640 0.636531 0.012930 0.020416
5 0.172514 0.617680 0.012930 0.020416
5 0.158550 0.617776 0.012930 0.020415
5 0.165414 0.636626 0.012930 0.020416
5 0.287150 0.600237 0.012930 0.020416
5 0.273543 0.600618 0.012930 0.020416
5 0.246231 0.600459 0.012930 0.020416
5 0.259456 0.600363 0.012930 0.020416
5 0.239377 0.619682 0.012930 0.020416
5 0.225411 0.618443 0.012930 0.020416
5 0.212284 0.618368 0.012930 0.020416
5 0.199059 0.618463 0.012930 0.020416
5 0.213091 0.580792 0.012930 0.020416
5 0.219584 0.599919 0.012930 0.020416
5 0.226774 0.580972 0.012930 0.020416
5 0.288018 0.561813 0.012930 0.020416
5 0.273818 0.563232 0.012930 0.020416
5 0.260508 0.562935 0.012930 0.020416
5 0.247382 0.562289 0.012930 0.020416
5 0.233366 0.562098 0.012930 0.020416
5 0.220079 0.561609 0.012930 0.020416
5 0.201250 0.544014 0.012930 0.020416
5 0.194163 0.562295 0.012930 0.020416
5 0.226996 0.543229 0.012930 0.020416
5 0.240284 0.543718 0.012930 0.020416
5 0.254299 0.543908 0.012930 0.020415
5 0.267426 0.544554 0.012930 0.020416
5 0.280736 0.544852 0.012930 0.020416
5 0.294935 0.543433 0.012930 0.020416
5 0.321917 0.581614 0.012930 0.020416
5 0.307929 0.581133 0.012930 0.020415
5 0.294197 0.581785 0.012930 0.020416
5 0.280542 0.580823 0.012930 0.020416
5 0.266844 0.581424 0.012930 0.020416
5 0.253556 0.580935 0.012930 0.020416
5 0.335806 0.581778 0.012930 0.020416
5 0.372780 0.561940 0.012930 0.020415
5 0.358829 0.562921 0.012930 0.020416
5 0.342769 0.562286 0.012930 0.020416
5 0.329070 0.562887 0.012930 0.020416
5 0.315783 0.562399 0.012930 0.020416
5 0.356585 0.600151 0.012930 0.020416
5 0.342696 0.599987 0.012930 0.020416
5 0.328708 0.599505 0.012930 0.020416
5 0.313663 0.599666 0.012930 0.020416
5 0.350833 0.580440 0.012930 0.020416
5 0.364204 0.581151 0.012930 0.020416
5 0.400211 0.601043 0.012930 0.020416
5 0.391077 0.619244 0.012930 0.020416
5 0.376375 0.619476 0.012930 0.020416
5 0.362162 0.618745 0.012930 0.020416
5 0.378587 0.581507 0.012930 0.020416
5 0.394040 0.580438 0.012930 0.020416
5 0.432415 0.693277 0.012930 0.020416
5 0.425530 0.675040 0.012930 0.020416
5 0.419184 0.656933 0.012930 0.020416
5 0.412646 0.638211 0.012930 0.020416
5 0.403017 0.694378 0.012930 0.020416
5 0.417995 0.693308 0.012930 0.020416
5 0.396242 0.675834 0.012930 0.020416
5 0.327483 0.637181 0.012930 0.020416
5 0.341471 0.637662 0.012930 0.020416
5 0.272285 0.638655 0.012930 0.020416
5 0.258516 0.638009 0.012930 0.020416
5 0.352300 0.543572 0.012930 0.020416
5 0.453832 0.710775 0.012930 0.020416
5 0.439412 0.710806 0.012930 0.020416
5 0.447817 0.692320 0.012930 0.020416
5 0.104695 0.618780 0.012930 0.020416
5 0.097162 0.637186 0.012930 0.020416
5 0.125208 0.636714 0.012930 0.020416
5 0.131860 0.617836 0.012930 0.020416
