6 0.314936 0.641179 0.629872 0.717643
5 0.221194 0.349384 0.016504 0.025751
5 0.204148 0.348903 0.016330 0.025751
5 0.212688 0.326085 0.016437 0.025751
5 0.195687 0.325465 0.016437 0.025751
5 0.160456 0.325605 0.016437 0.025751
5 0.178016 0.325107 0.016437 0.025751
5 0.187081 0.347287 0.016504 0.025751
5 0.169289 0.347366 0.016330 0.025751
5 0.169217 0.303655 0.016437 0.025751
5 0.187150 0.303157 0.016437 0.025751
5 0.204262 0.303375 0.016437 0.025751
5 0.221170 0.303856 0.016437 0.025751
5 0.229206 0.371324 0.016504 0.025751
5 0.212350 0.371832 0.016330 0.025751
5 0.195283 0.371334 0.016504 0.025751
5 0.178237 0.370574 0.016330 0.025751
5 0.160807 0.371273 0.016330 0.025751
5 0.090550 0.327922 0.016437 0.025751
5 0.107760 0.326793 0.016437 0.025751
5 0.124871 0.326310 0.016437 0.025751
5 0.142993 0.325879 0.016437 0.025751
5 0.134440 0.349118 0.016437 0.025751
5 0.100118 0.350979 0.016437 0.025751
5 0.083119 0.351477 0.016437 0.025751
5 0.143557 0.371858 0.016437 0.025751
5 0.126483 0.372894 0.016437 0.025751
5 0.109291 0.373377 0.016437 0.025751
5 0.092163 0.374506 0.016437 0.025751
5 0.100740 0.396975 0.016437 0.025751
5 0.134309 0.303146 0.016437 0.025751
5 0.099075 0.304060 0.016437 0.025751
5 0.026542 0.327440 0.016437 0.025751
5 0.042706 0.330291 0.016437 0.025751
5 0.058128 0.329205 0.016437 0.025751
5 0.074401 0.328412 0.016437 0.025751
5 0.009736 0.326957 0.016437 0.025751
5 0.004347 0.350725 0.008693 0.025751
5 0.017089 0.350151 0.016437 0.025751
5 0.033958 0.352422 0.016437 0.025751
5 0.020165 0.303891 0.016437 0.025751
5 0.005161 0.303279 0.010323 0.025751
5 0.374944 0.345634 0.016437 0.025751
5 0.340909 0.346022 0.016437 0.025751
5 0.323349 0.346520 0.016437 0.025751
5 0.306251 0.346794 0.016437 0.025751
5 0.357670 0.345287 0.016437 0.025751
5 0.297502 0.369350 0.016437 0.025751
5 0.314600 0.369076 0.016437 0.025751
5 0.332160 0.368578 0.016437 0.025751
5 0.349671 0.324072 0.016437 0.025751
5 0.367177 0.323756 0.016437 0.025751
5 0.384264 0.324103 0.016437 0.025751
5 0.392124 0.344824 0.016437 0.025751
5 0.383363 0.366773 0.016437 0.025751
5 0.374614 0.389329 0.016437 0.025751
5 0.493829 0.342441 0.016437 0.025751
5 0.476648 0.343250 0.016437 0.025751
5 0.460012 0.343450 0.016437 0.025751
5 0.442614 0.344049 0.016437 0.025751
5 0.425692 0.344684 0.016437 0.025751
5 0.408594 0.344958 0.016437 0.025751
5 0.452175 0.321852 0.016437 0.025751
5 0.502122 0.320158 0.016437 0.025751
5 0.426384 0.301073 0.016437 0.025751
5 0.484989 0.364450 0.016437 0.025751
5 0.467808 0.365259 0.016437 0.025751
5 0.451172 0.365459 0.016437 0.025751
5 0.433774 0.366058 0.016437 0.025751
5 0.416852 0.366693 0.016437 0.025751
5 0.399936 0.366147 0.016437 0.025751
5 0.492644 0.384955 0.016437 0.025751
5 0.475464 0.386175 0.016437 0.025751
5 0.458623 0.386734 0.016437 0.025751
5 0.441429 0.387383 0.016437 0.025751
5 0.424507 0.387608 0.016437 0.025751
5 0.501536 0.363443 0.016437 0.025751
5 0.518684 0.362936 0.016437 0.025751
5 0.509947 0.385867 0.016437 0.025751
5 0.501068 0.407341 0.016437 0.025751
5 0.483434 0.407803 0.016437 0.025751
5 0.449395 0.408879 0.016437 0.025751
5 0.554361 0.449061 0.016437 0.025751
5 0.535433 0.449272 0.016437 0.025751
5 0.518492 0.450427 0.016437 0.025751
5 0.449860 0.453115 0.016437 0.025751
5 0.466782 0.452480 0.016437 0.025751
5 0.484181 0.451881 0.016437 0.025751
5 0.544479 0.426530 0.016437 0.025751
5 0.509696 0.428489 0.016437 0.025751
5 0.526638 0.427334 0.016437 0.025751
5 0.545513 0.382568 0.016437 0.025751
5 0.536279 0.404772 0.016437 0.025751
5 0.458482 0.474784 0.016437 0.025751
5 0.544650 0.470783 0.016437 0.025751
5 0.526955 0.471386 0.016437 0.025751
5 0.509599 0.472408 0.016437 0.025751
5 0.492405 0.473366 0.016437 0.025751
5 0.475483 0.473746 0.016437 0.025751
5 0.552578 0.493330 0.016437 0.025751
5 0.534882 0.493161 0.016437 0.025751
5 0.517320 0.493410 0.016437 0.025751
5 0.500127 0.494369 0.016437 0.025751
5 0.483205 0.495057 0.016437 0.025751
5 0.466204 0.495787 0.016437 0.025751
5 0.581519 0.469234 0.016437 0.025751
5 0.562458 0.514401 0.016437 0.025751
5 0.543297 0.516116 0.016437 0.025751
5 0.525735 0.516366 0.016437 0.025751
5 0.474342 0.517273 0.016437 0.025751
5 0.289300 0.347748 0.016437 0.025751
5 0.255157 0.348463 0.016437 0.025751
5 0.237503 0.392783 0.016504 0.025751
5 0.229873 0.327118 0.016504 0.025751
