6 0.576526 0.675320 0.846949 0.649360
5 0.461879 0.478127 0.015105 0.023058
5 0.477920 0.477894 0.015105 0.023058
5 0.469821 0.456402 0.015105 0.023058
5 0.454248 0.456402 0.015105 0.023058
5 0.484461 0.456636 0.015105 0.023058
5 0.492559 0.477427 0.015105 0.023058
5 0.507665 0.477660 0.015105 0.023058
5 0.499878 0.455468 0.015105 0.023058
5 0.493026 0.434443 0.015105 0.023058
5 0.484928 0.499152 0.015105 0.023058
5 0.499567 0.498685 0.015105 0.023058
5 0.514673 0.498918 0.015105 0.023058
5 0.462502 0.520643 0.015105 0.023058
5 0.454715 0.499853 0.015105 0.023058
5 0.439764 0.499152 0.015105 0.023058
5 0.432600 0.519242 0.015105 0.023058
5 0.587595 0.500400 0.015105 0.023058
5 0.573038 0.498986 0.015105 0.023058
5 0.558279 0.498918 0.015105 0.023058
5 0.543173 0.499152 0.015105 0.023058
5 0.536321 0.477660 0.015105 0.023058
5 0.551271 0.476959 0.015105 0.023058
5 0.521681 0.477427 0.015105 0.023058
5 0.529157 0.499385 0.015105 0.023058
5 0.521993 0.519242 0.015105 0.023058
5 0.507665 0.519943 0.015105 0.023058
5 0.492559 0.519709 0.015105 0.023058
5 0.477920 0.520176 0.015105 0.023058
5 0.514673 0.412718 0.015105 0.023058
4 0.345193 0.499996 0.082405 0.064976
4 0.281883 0.546133 0.029604 0.039985
4 0.207923 0.513911 0.086825 0.105719
5 0.530151 0.539683 0.015105 0.023058
5 0.545138 0.539382 0.015105 0.023058
5 0.596197 0.521029 0.015105 0.023058
5 0.603167 0.500578 0.015105 0.023058
5 0.610299 0.479360 0.015105 0.023058
4 0.555244 0.422525 0.107524 0.094965
4 0.622291 0.404763 0.030189 0.042803
4 0.636784 0.489883 0.038464 0.048102
4 0.696091 0.464841 0.056356 0.139899
4 0.746063 0.485175 0.030020 0.097441
4 0.776698 0.429072 0.015256 0.027682
4 0.800895 0.509615 0.023029 0.045742
4 0.899036 0.476115 0.140508 0.116810
4 0.984638 0.473632 0.030724 0.117503
5 0.380436 0.540794 0.015105 0.023058
5 0.396120 0.540925 0.015105 0.023058
5 0.411026 0.540658 0.015105 0.023058
5 0.426132 0.540891 0.015105 0.023058
5 0.440460 0.540190 0.015105 0.023058
5 0.403178 0.519509 0.015105 0.023058
5 0.387608 0.519977 0.015105 0.023058
5 0.372589 0.519646 0.015105 0.023058
5 0.424602 0.497955 0.015105 0.023058
5 0.402389 0.477006 0.015105 0.023058
5 0.417153 0.476807 0.015105 0.023058
5 0.409025 0.412510 0.015105 0.023058
5 0.423934 0.414505 0.015105 0.023058
5 0.438573 0.414739 0.015105 0.023058
5 0.431657 0.434690 0.015105 0.023058
5 0.417018 0.434456 0.015105 0.023058
5 0.401976 0.434656 0.015105 0.023058
5 0.351216 0.540102 0.015105 0.023058
5 0.365978 0.540003 0.015105 0.023058
5 0.305233 0.538948 0.015105 0.023058
5 0.276013 0.497195 0.015105 0.023058
5 0.254483 0.475972 0.015105 0.023058
5 0.261250 0.496733 0.015105 0.023058
5 0.343859 0.560845 0.015105 0.023058
5 0.359101 0.560926 0.015105 0.023058
5 0.373919 0.561177 0.015105 0.023058
5 0.388883 0.561308 0.015105 0.023058
5 0.403908 0.561401 0.015105 0.023058
5 0.418895 0.560914 0.015105 0.023058
5 0.433823 0.560753 0.015105 0.023058
5 0.298008 0.559044 0.015105 0.023058
5 0.313129 0.560205 0.015105 0.023058
5 0.328788 0.560277 0.015105 0.023058
5 0.306816 0.580031 0.015105 0.023058
5 0.292090 0.578870 0.015105 0.023058
5 0.321586 0.580251 0.015105 0.023058
5 0.336855 0.580671 0.015105 0.023058
5 0.352096 0.580603 0.015105 0.023058
5 0.366718 0.580558 0.015105 0.023058
5 0.261701 0.578870 0.015105 0.023058
5 0.276994 0.578841 0.015105 0.023058
5 0.268979 0.558364 0.015105 0.023058
5 0.253444 0.517543 0.015105 0.023058
5 0.260665 0.536488 0.015105 0.023058
5 0.267772 0.517003 0.015105 0.023058
5 0.285627 0.598431 0.015105 0.023058
5 0.300353 0.599592 0.015105 0.023058
5 0.293483 0.618577 0.015105 0.023058
5 0.308253 0.618797 0.015105 0.023058
5 0.323279 0.619217 0.015105 0.023058
5 0.337793 0.619513 0.015105 0.023058
5 0.256270 0.638396 0.015105 0.023058
5 0.247808 0.619885 0.015105 0.023058
5 0.263140 0.619410 0.015105 0.023058
5 0.248888 0.658587 0.015105 0.023058
5 0.500283 0.540134 0.015105 0.023058
5 0.470538 0.540368 0.015105 0.023058
5 0.654474 0.434612 0.015105 0.023058
5 0.638901 0.435612 0.015105 0.023058
5 0.623952 0.435769 0.015105 0.023058
5 0.609194 0.435701 0.015105 0.023058
5 0.645969 0.412249 0.015105 0.023058
5 0.661410 0.411053 0.015105 0.023058
5 0.651074 0.388101 0.015105 0.023058
5 0.662196 0.457190 0.015105 0.023058
5 0.647802 0.457208 0.015105 0.023058
5 0.632459 0.457365 0.015105 0.023058
5 0.617047 0.458279 0.015105 0.023058
5 0.670834 0.480357 0.015105 0.023058
5 0.655393 0.480178 0.015105 0.023058
5 0.639789 0.479157 0.015105 0.023058
5 0.678687 0.502542 0.015105 0.023058
5 0.663115 0.502167 0.015105 0.023058
5 0.677902 0.457975 0.015105 0.023058
5 0.739161 0.453938 0.015105 0.023058
5 0.723968 0.455460 0.015105 0.023058
5 0.708548 0.456439 0.015105 0.023058
5 0.762230 0.430485 0.015105 0.023058
5 0.746652 0.431046 0.015105 0.023058
5 0.754284 0.408763 0.015105 0.023058
5 0.768125 0.453362 0.015105 0.023058
5 0.723270 0.410108 0.015105 0.023058
5 0.729934 0.388578 0.015105 0.023058
5 0.723654 0.501805 0.015105 0.023058
5 0.731785 0.477567 0.015105 0.023058
5 0.790681 0.477968 0.015105 0.023058
5 0.775615 0.478721 0.015105 0.023058
5 0.760452 0.477393 0.015105 0.023058
5 0.828872 0.455861 0.015105 0.023058
5 0.813550 0.456421 0.015105 0.023058
5 0.798643 0.456247 0.015105 0.023058
5 0.821752 0.434314 0.015105 0.023058
5 0.806333 0.433563 0.015105 0.023058
5 0.785059 0.407995 0.015105 0.023058
5 0.783393 0.452594 0.015105 0.023058
5 0.806205 0.479700 0.015105 0.023058
5 0.821624 0.478144 0.015105 0.023058
5 0.768054 0.500828 0.015105 0.023058
5 0.782991 0.500267 0.015105 0.023058
5 0.813766 0.500654 0.015105 0.023058
5 0.828416 0.500251 0.015105 0.023058
5 0.791678 0.432538 0.015105 0.023058
5 0.954453 0.433080 0.015105 0.023058
5 0.961670 0.455939 0.015105 0.023058
5 0.969250 0.478402 0.015105 0.023058
5 0.954424 0.478031 0.015105 0.023058
5 0.946764 0.455764 0.015105 0.023058
5 0.939304 0.433390 0.015105 0.023058
5 0.946547 0.411587 0.015105 0.023058
5 0.996139 0.430421 0.007721 0.023058
5 0.992032 0.408897 0.015105 0.023058
5 0.969779 0.433080 0.015105 0.023058
5 0.775987 0.519600 0.015105 0.023058
5 0.768297 0.539276 0.015105 0.023058
5 0.835479 0.520244 0.015105 0.023058
5 0.873827 0.453559 0.015105 0.023058
5 0.880703 0.478178 0.015105 0.023058
5 0.932157 0.455176 0.015105 0.023058
5 0.477943 0.559574 0.015105 0.023058
5 0.396665 0.580394 0.015105 0.023058
5 0.411480 0.580486 0.015105 0.023058
5 0.426466 0.580315 0.015105 0.023058
5 0.441078 0.579839 0.015105 0.023058
