6 0.294681 0.626776 0.589362 0.746449
5 0.036235 0.334508 0.015824 0.024796
5 0.019022 0.334259 0.015824 0.024795
5 0.005006 0.334334 0.010012 0.024796
5 0.010235 0.358061 0.015824 0.024796
5 0.044510 0.311473 0.015824 0.024796
5 0.010205 0.311812 0.015824 0.024796
5 0.027297 0.311225 0.015824 0.024796
5 0.111211 0.357005 0.015824 0.024796
5 0.061214 0.357420 0.015824 0.024796
5 0.094766 0.356923 0.015824 0.024796
5 0.078100 0.357254 0.015824 0.024796
5 0.085729 0.380025 0.015824 0.024796
5 0.077209 0.403648 0.015824 0.024795
5 0.060323 0.403814 0.015824 0.024796
5 0.069127 0.380833 0.015824 0.024795
5 0.052240 0.380999 0.015824 0.024796
5 0.069360 0.333077 0.015824 0.024796
5 0.085864 0.334057 0.015824 0.024796
5 0.010888 0.405334 0.015824 0.024796
5 0.027774 0.405169 0.015824 0.024796
5 0.018970 0.428149 0.015824 0.024796
5 0.102498 0.380641 0.015824 0.024796
5 0.160774 0.355567 0.015824 0.024796
5 0.144191 0.355651 0.015824 0.024796
5 0.127715 0.355817 0.015824 0.024796
5 0.135957 0.378367 0.015824 0.024796
5 0.152559 0.377559 0.015824 0.024796
5 0.169329 0.378175 0.015824 0.024796
5 0.086285 0.286520 0.015824 0.024796
5 0.152164 0.332594 0.015824 0.024796
5 0.135689 0.332759 0.015824 0.024796
5 0.285891 0.375232 0.015824 0.024796
5 0.269015 0.375645 0.015824 0.024795
5 0.252539 0.375811 0.015824 0.024796
5 0.236035 0.376999 0.015824 0.024795
5 0.218202 0.376698 0.015824 0.024796
5 0.201097 0.377139 0.015824 0.024796
5 0.185015 0.376099 0.015824 0.024796
5 0.193344 0.354068 0.015824 0.024795
5 0.210085 0.354232 0.015824 0.024796
5 0.227189 0.353791 0.015824 0.024795
5 0.244219 0.353544 0.015824 0.024795
5 0.261527 0.352904 0.015824 0.024795
5 0.278002 0.352738 0.015824 0.024796
5 0.294878 0.352325 0.015824 0.024796
5 0.253425 0.331514 0.015824 0.024796
5 0.219292 0.332201 0.015824 0.024795
5 0.236396 0.331761 0.015824 0.024796
5 0.336931 0.329585 0.015824 0.024796
5 0.320055 0.329999 0.015824 0.024796
5 0.302853 0.330632 0.015824 0.024796
5 0.286272 0.330805 0.015824 0.024796
5 0.311852 0.308349 0.015824 0.024796
5 0.294858 0.308359 0.015824 0.024796
5 0.278276 0.308532 0.015824 0.024796
5 0.335486 0.374003 0.015824 0.024796
5 0.318787 0.374001 0.015824 0.024795
5 0.302394 0.374855 0.015824 0.024796
5 0.310857 0.351986 0.015824 0.024796
5 0.327551 0.351596 0.015824 0.024796
5 0.361126 0.350516 0.015824 0.024796
5 0.352361 0.373626 0.015824 0.024869
5 0.344473 0.351849 0.015824 0.024796
5 0.343935 0.396097 0.015824 0.024869
5 0.327193 0.395872 0.015824 0.024796
5 0.293567 0.397125 0.015824 0.024796
5 0.277464 0.398706 0.015824 0.024796
5 0.260588 0.399119 0.015824 0.024796
5 0.420575 0.371420 0.015824 0.024869
5 0.403164 0.371997 0.015824 0.024796
5 0.386466 0.371995 0.015824 0.024796
5 0.369404 0.373050 0.015824 0.024796
5 0.437963 0.371018 0.015824 0.024869
5 0.428600 0.393489 0.015824 0.024869
5 0.411190 0.394066 0.015824 0.024796
5 0.394491 0.394064 0.015824 0.024796
5 0.377430 0.395119 0.015824 0.024796
5 0.368412 0.417364 0.015824 0.024869
5 0.351536 0.417740 0.015824 0.024796
5 0.334837 0.417739 0.015824 0.024796
5 0.318445 0.418592 0.015824 0.024796
5 0.301941 0.418969 0.015824 0.024795
5 0.444250 0.437627 0.015824 0.024869
5 0.436358 0.415357 0.015824 0.024869
5 0.419482 0.415533 0.015824 0.024796
5 0.427247 0.437082 0.015824 0.024796
5 0.471246 0.414890 0.015824 0.024869
5 0.176873 0.400337 0.015824 0.024796
5 0.210060 0.400936 0.015824 0.024796
5 0.201542 0.424234 0.015824 0.024795
5 0.285105 0.421065 0.015824 0.024796
5 0.268229 0.422230 0.015824 0.024796
5 0.453391 0.458490 0.015824 0.024796
5 0.461540 0.480104 0.015824 0.024796
5 0.452466 0.500957 0.015824 0.024796
5 0.435941 0.501215 0.015824 0.024796
5 0.427317 0.480110 0.015824 0.024796
5 0.418759 0.459243 0.015824 0.024796
5 0.435648 0.458774 0.015824 0.024796
5 0.444271 0.479070 0.015824 0.024796
5 0.393549 0.438793 0.015824 0.024869
5 0.418681 0.501939 0.015824 0.024796
5 0.410037 0.481620 0.015824 0.024796
5 0.401431 0.460100 0.015824 0.024796
5 0.376813 0.438533 0.015824 0.024869
5 0.486627 0.500334 0.015824 0.024796
5 0.293383 0.441643 0.015824 0.024796
5 0.326279 0.440413 0.015824 0.024796
5 0.342978 0.440414 0.015824 0.024796
5 0.301385 0.463484 0.015824 0.024796
5 0.317889 0.463107 0.015824 0.024796
5 0.334281 0.462253 0.015824 0.024795
5 0.512807 0.561023 0.015824 0.024796
5 0.477533 0.562078 0.015824 0.024796
5 0.460886 0.562700 0.015824 0.024796
5 0.444523 0.564116 0.015824 0.024796
5 0.004757 0.290910 0.009515 0.024796
5 0.368233 0.459891 0.015824 0.024796
5 0.376236 0.482930 0.015824 0.024796
5 0.359244 0.482585 0.015824 0.024796
5 0.444331 0.522132 0.015824 0.024796
5 0.410251 0.523999 0.015824 0.024796
5 0.285779 0.287015 0.014678 0.022491
5 0.302497 0.287343 0.014678 0.022491
5 0.269646 0.286686 0.014678 0.022491
