6 0.574787 0.648015 0.850426 0.703970
5 0.357012 0.379862 0.014487 0.022923
5 0.365137 0.401639 0.014487 0.022923
5 0.349429 0.400176 0.014487 0.022923
5 0.395687 0.361986 0.014487 0.022923
5 0.386912 0.341997 0.014487 0.022923
5 0.427537 0.361173 0.014487 0.022923
5 0.371529 0.341834 0.014487 0.022923
5 0.317362 0.397901 0.014487 0.022923
5 0.301762 0.440804 0.014487 0.022923
5 0.269480 0.439140 0.014487 0.022923
5 0.252970 0.438216 0.014487 0.022923
5 0.236706 0.437662 0.014487 0.022923
5 0.244838 0.459472 0.014487 0.022923
5 0.252354 0.397183 0.014487 0.022923
5 0.301146 0.398846 0.014487 0.022923
5 0.236952 0.479619 0.014487 0.022923
5 0.245454 0.499766 0.014487 0.022923
5 0.213665 0.536918 0.014487 0.022923
5 0.221797 0.518249 0.014487 0.022923
5 0.197893 0.534515 0.014487 0.022923
5 0.205779 0.515847 0.014487 0.022923
5 0.189145 0.513444 0.014487 0.022923
5 0.197277 0.494591 0.014487 0.022923
5 0.221920 0.557434 0.014487 0.022923
5 0.349259 0.356779 0.014487 0.022923
5 0.520179 0.330057 0.014487 0.022923
5 0.536297 0.330477 0.014487 0.022923
5 0.528028 0.351081 0.014487 0.022923
5 0.625857 0.330267 0.014487 0.022923
5 0.642579 0.330122 0.014487 0.022923
5 0.666163 0.354627 0.014487 0.022923
5 0.704688 0.334058 0.014487 0.022923
5 0.689337 0.335134 0.013901 0.019864
5 0.673913 0.336885 0.013901 0.016211
5 0.712763 0.354282 0.014487 0.022923
5 0.720438 0.332957 0.014487 0.022923
5 0.728314 0.353681 0.014487 0.022923
5 0.711895 0.314510 0.013901 0.019864
5 0.728240 0.314458 0.013901 0.016211
5 0.751473 0.334158 0.014487 0.022923
5 0.751006 0.375808 0.014487 0.022923
5 0.773297 0.354783 0.014487 0.022923
5 0.788114 0.356985 0.014487 0.022923
5 0.795754 0.378122 0.014487 0.022923
5 0.810439 0.377675 0.014487 0.022923
5 0.794960 0.335402 0.014487 0.022923
5 0.834253 0.355646 0.014487 0.022923
5 0.849335 0.356687 0.014487 0.022923
5 0.841695 0.377973 0.014487 0.022923
5 0.826613 0.377675 0.014487 0.022923
5 0.857373 0.378568 0.014487 0.022923
5 0.786683 0.316244 0.013901 0.019864
5 0.802982 0.315724 0.013901 0.019864
5 0.834885 0.316417 0.013901 0.019864
5 0.819164 0.315377 0.013901 0.019864
5 0.842304 0.335306 0.014487 0.022923
5 0.864919 0.358113 0.014487 0.022923
5 0.880407 0.356830 0.014487 0.022923
5 0.896181 0.356830 0.014487 0.022923
5 0.887154 0.377356 0.014487 0.022923
5 0.902927 0.377214 0.014487 0.022923
5 0.878982 0.398595 0.014487 0.022923
5 0.863779 0.398595 0.014487 0.022923
5 0.941303 0.356694 0.014487 0.022923
5 0.925620 0.357511 0.014487 0.022923
5 0.911221 0.356342 0.014487 0.022923
5 0.905647 0.335856 0.014487 0.022923
5 0.873198 0.336710 0.013901 0.019864
5 0.857284 0.336668 0.014487 0.022923
5 0.865572 0.316962 0.013901 0.019864
5 0.948657 0.337082 0.014487 0.022923
5 0.940130 0.399349 0.014487 0.022923
5 0.924789 0.398887 0.014487 0.022923
5 0.909654 0.399233 0.014487 0.022923
5 0.932121 0.419844 0.014487 0.022923
5 0.916780 0.419382 0.014487 0.022923
5 0.901646 0.419728 0.014487 0.022923
5 0.947762 0.419278 0.014487 0.022923
5 0.956148 0.399207 0.014487 0.022923
5 0.964628 0.376875 0.014487 0.022923
5 0.948705 0.378430 0.014487 0.022923
5 0.933363 0.378251 0.014487 0.022923
5 0.957415 0.356835 0.014487 0.022923
5 0.997140 0.357226 0.005720 0.022923
5 0.979382 0.377536 0.014487 0.022923
5 0.997735 0.399056 0.004530 0.022923
5 0.986641 0.399384 0.014487 0.022923
5 0.228735 0.458041 0.014487 0.022923
5 0.220849 0.478187 0.014487 0.022923
5 0.394973 0.323485 0.014487 0.022923
5 0.411375 0.321928 0.014487 0.022923
5 0.464869 0.343398 0.014487 0.022923
5 0.528548 0.310246 0.013901 0.019864
5 0.595823 0.333699 0.013901 0.019864
5 0.581475 0.331467 0.013901 0.019864
5 0.894381 0.398324 0.014487 0.022923
5 0.765545 0.375992 0.014487 0.022923
4 0.411721 0.345986 0.034983 0.057524
4 0.811668 0.345481 0.029825 0.048441
