6 0.286639 0.670337 0.573278 0.659326
5 0.010020 0.449967 0.013851 0.020899
5 0.017803 0.429058 0.013851 0.020899
5 0.004914 0.427316 0.009829 0.020899
5 0.017213 0.472822 0.013851 0.020899
5 0.004452 0.471726 0.008904 0.020899
5 0.048160 0.474384 0.013851 0.020899
5 0.032925 0.473287 0.013851 0.020899
5 0.041043 0.451733 0.013851 0.020899
5 0.055943 0.453475 0.013851 0.020899
5 0.064781 0.432986 0.013851 0.020899
5 0.049077 0.431395 0.013851 0.020899
5 0.057349 0.410539 0.013851 0.020899
5 0.088082 0.454831 0.013851 0.020899
5 0.079244 0.475319 0.013851 0.020899
5 0.133884 0.456664 0.013851 0.020899
5 0.118997 0.456264 0.013851 0.020899
5 0.103285 0.455798 0.013851 0.020899
5 0.127367 0.434694 0.013851 0.020899
5 0.119594 0.413057 0.013851 0.020899
5 0.112476 0.390407 0.013851 0.020899
5 0.142467 0.434310 0.013851 0.020899
5 0.141428 0.477730 0.013851 0.020899
5 0.126193 0.476634 0.013851 0.020899
5 0.094159 0.517025 0.013851 0.020899
5 0.102197 0.497229 0.013851 0.020899
5 0.086644 0.496533 0.013851 0.020899
5 0.187623 0.478252 0.013851 0.020899
5 0.172040 0.478375 0.013851 0.020899
5 0.202944 0.477556 0.013851 0.020899
5 0.196427 0.455586 0.013851 0.020899
5 0.204784 0.431560 0.013851 0.020899
5 0.160446 0.392213 0.013851 0.020899
5 0.271353 0.500352 0.013851 0.020899
5 0.255700 0.499186 0.013851 0.020899
5 0.240583 0.498976 0.013851 0.020899
5 0.225551 0.498519 0.013851 0.020899
5 0.264456 0.478385 0.013851 0.020899
5 0.248803 0.477219 0.013851 0.020899
5 0.233687 0.477009 0.013851 0.020899
5 0.218654 0.476553 0.013851 0.020899
5 0.279446 0.431853 0.013851 0.020899
5 0.286769 0.455991 0.013851 0.020899
5 0.294431 0.433768 0.013851 0.020899
5 0.302520 0.457140 0.013851 0.020899
5 0.286338 0.499969 0.013851 0.020899
5 0.279441 0.478002 0.013851 0.020899
5 0.262953 0.521253 0.013851 0.020899
5 0.461911 0.564531 0.013851 0.020899
5 0.446486 0.564694 0.013851 0.020899
5 0.430247 0.564297 0.013851 0.020899
5 0.415863 0.565845 0.013851 0.020899
5 0.439035 0.544744 0.013851 0.020899
5 0.439822 0.503618 0.013851 0.020899
5 0.454468 0.585675 0.013851 0.020899
5 0.438230 0.585278 0.013851 0.020899
5 0.423846 0.586826 0.013851 0.020899
5 0.055751 0.495194 0.013851 0.020899
5 0.088867 0.412228 0.013851 0.020899
5 0.024902 0.494737 0.013851 0.020899
5 0.461289 0.605534 0.013851 0.020899
5 0.423389 0.545145 0.013851 0.020899
5 0.347735 0.459790 0.013851 0.020899
5 0.340838 0.437824 0.013851 0.020899
5 0.356079 0.438402 0.013851 0.020899
5 0.355296 0.481513 0.013851 0.020899
