6 0.579722 0.717780 0.840556 0.564439
5 0.328852 0.535926 0.013168 0.021446
5 0.321210 0.554661 0.013168 0.021446
5 0.306577 0.554102 0.013168 0.021446
5 0.291944 0.553123 0.013168 0.021446
5 0.297536 0.532570 0.013168 0.021446
5 0.276472 0.552005 0.013168 0.021446
5 0.270592 0.573425 0.014082 0.022062
5 0.277991 0.593187 0.014082 0.022062
5 0.285300 0.573696 0.014082 0.022062
5 0.246771 0.551903 0.014082 0.022062
5 0.238920 0.573154 0.014082 0.022062
5 0.247222 0.592240 0.014082 0.022062
5 0.255072 0.572748 0.014082 0.022062
5 0.262922 0.592917 0.014082 0.022062
5 0.270321 0.612950 0.014082 0.022062
5 0.336101 0.556370 0.014082 0.022062
5 0.328611 0.575861 0.014082 0.022062
5 0.343319 0.577080 0.014082 0.022062
5 0.328702 0.616875 0.014082 0.022062
5 0.301950 0.467600 0.013168 0.021446
5 0.285933 0.464409 0.013168 0.021446
5 0.406933 0.467788 0.013168 0.021446
5 0.350625 0.557325 0.013168 0.021446
5 0.357382 0.578348 0.013168 0.021446
5 0.386537 0.579850 0.013168 0.021446
5 0.365140 0.558826 0.013168 0.021446
5 0.379655 0.559765 0.013168 0.021446
5 0.321094 0.595992 0.013168 0.021446
5 0.285433 0.614763 0.013168 0.021446
5 0.255527 0.650428 0.013168 0.021446
5 0.240887 0.650615 0.013168 0.021446
5 0.400789 0.580678 0.013168 0.021446
5 0.416326 0.538367 0.013168 0.021446
5 0.401430 0.538801 0.013168 0.021446
5 0.387372 0.539931 0.013168 0.021446
5 0.437803 0.561524 0.013168 0.021446
5 0.429884 0.582415 0.013168 0.021446
5 0.444748 0.542045 0.013168 0.021446
5 0.452197 0.561373 0.013168 0.021446
5 0.487242 0.542955 0.013168 0.021446
5 0.516208 0.584977 0.013168 0.021446
5 0.516651 0.543702 0.013168 0.021446
5 0.545050 0.585375 0.013168 0.021446
5 0.574527 0.585545 0.013168 0.021446
5 0.596151 0.565058 0.013168 0.021446
5 0.590119 0.544912 0.013168 0.021446
5 0.624831 0.564546 0.013168 0.021446
5 0.740911 0.567424 0.013168 0.021446
5 0.698119 0.568566 0.013168 0.021446
5 0.704689 0.588012 0.013168 0.021446
5 0.732991 0.588253 0.013168 0.021446
5 0.740865 0.611428 0.013168 0.021446
5 0.719342 0.630441 0.013168 0.021446
5 0.654654 0.566068 0.013168 0.021446
5 0.755759 0.568431 0.013168 0.021446
5 0.771193 0.569689 0.013168 0.021446
5 0.937909 0.589973 0.013168 0.021446
5 0.924134 0.589834 0.013168 0.021446
5 0.910116 0.590570 0.013168 0.021446
5 0.930774 0.568443 0.013168 0.021446
5 0.901571 0.613593 0.013168 0.021446
5 0.915837 0.611862 0.013168 0.021446
5 0.930525 0.610880 0.013168 0.021446
5 0.871705 0.611851 0.013168 0.021446
5 0.885889 0.612609 0.013168 0.021446
5 0.997904 0.568278 0.004191 0.021446
5 0.988030 0.569355 0.013168 0.021446
5 0.973933 0.570566 0.013168 0.021446
5 0.994089 0.548329 0.011822 0.021446
5 0.981141 0.589669 0.013168 0.021446
5 0.952157 0.590263 0.013168 0.021446
5 0.230812 0.553231 0.014082 0.022062
5 0.320701 0.514485 0.013168 0.021446
5 0.313215 0.533746 0.013168 0.021446
5 0.336775 0.516548 0.013168 0.021446
5 0.343133 0.537430 0.013168 0.021446
5 0.358375 0.537818 0.013168 0.021446
