6 0.570944 0.654593 0.858112 0.690814
5 0.250324 0.451494 0.012596 0.017157
5 0.257768 0.429344 0.012741 0.017086
5 0.272557 0.427777 0.011779 0.016584
5 0.264492 0.407356 0.012146 0.015234
5 0.279670 0.406070 0.011615 0.016349
5 0.217159 0.565159 0.013748 0.017266
5 0.223223 0.543371 0.013505 0.018651
5 0.240046 0.541494 0.014047 0.017315
5 0.234025 0.563928 0.012996 0.017185
5 0.250283 0.562481 0.013215 0.017166
5 0.227741 0.585765 0.012713 0.017154
5 0.237748 0.605123 0.012825 0.015895
5 0.221282 0.606579 0.012781 0.017715
5 0.204315 0.607519 0.013251 0.018016
5 0.193991 0.585765 0.013046 0.017519
5 0.211348 0.586136 0.013977 0.018954
5 0.200445 0.564472 0.013232 0.018277
5 0.184626 0.564988 0.013104 0.016515
5 0.169285 0.565668 0.011293 0.016979
5 0.156795 0.545942 0.015906 0.019692
5 0.152980 0.519676 0.012382 0.017670
5 0.172565 0.500379 0.009585 0.016622
5 0.181937 0.522850 0.010967 0.018229
5 0.196567 0.521001 0.012500 0.016110
5 0.207295 0.542749 0.013595 0.015897
5 0.190519 0.543537 0.011987 0.014318
5 0.175603 0.544751 0.011993 0.015166
5 0.172053 0.607273 0.011913 0.015417
5 0.180461 0.626622 0.013283 0.016728
5 0.197224 0.626489 0.013461 0.016991
5 0.214197 0.626742 0.013707 0.015393
5 0.207236 0.646302 0.012835 0.015921
5 0.191081 0.647244 0.012410 0.015852
5 0.216588 0.664832 0.013224 0.016802
5 0.232569 0.664569 0.012541 0.016238
5 0.209831 0.684152 0.013401 0.014896
5 0.231046 0.624538 0.011952 0.015194
5 0.253559 0.604150 0.012746 0.015490
5 0.260342 0.584254 0.012273 0.017095
5 0.266302 0.562569 0.011990 0.017188
5 0.282702 0.562185 0.012412 0.016861
5 0.278325 0.622831 0.011949 0.015592
5 0.286924 0.642604 0.011727 0.016051
5 0.279283 0.518480 0.012945 0.018802
5 0.272803 0.540935 0.014025 0.017536
5 0.289343 0.541866 0.013191 0.017128
5 0.255723 0.539448 0.011810 0.016143
5 0.228979 0.520036 0.013082 0.017862
5 0.246362 0.519893 0.012746 0.017055
5 0.261804 0.518480 0.011929 0.016245
5 0.218474 0.498028 0.011054 0.014231
5 0.212296 0.520956 0.012014 0.016020
5 0.187279 0.499737 0.011826 0.016231
5 0.171954 0.457623 0.010890 0.017992
5 0.209605 0.432346 0.011547 0.015717
5 0.225513 0.431768 0.012468 0.016143
5 0.241911 0.430343 0.011919 0.016451
5 0.234353 0.453293 0.012246 0.016013
5 0.225385 0.476679 0.011510 0.014342
5 0.242599 0.476747 0.012241 0.017114
5 0.260011 0.475088 0.011608 0.016430
5 0.275223 0.473613 0.011495 0.016108
5 0.290947 0.472185 0.012052 0.016416
5 0.281419 0.448771 0.011952 0.014870
5 0.265641 0.451634 0.011987 0.015329
5 0.269396 0.497389 0.012478 0.018381
5 0.252896 0.497107 0.011774 0.016764
5 0.235909 0.497744 0.013254 0.018037
5 0.194388 0.477273 0.010947 0.016061
5 0.209485 0.476565 0.011304 0.016750
5 0.218756 0.455365 0.012645 0.018052
5 0.285339 0.495829 0.011719 0.016837
5 0.295286 0.518028 0.011952 0.017536
5 0.301597 0.495424 0.011938 0.016555
5 0.310565 0.517311 0.012674 0.017152
5 0.326040 0.516742 0.012031 0.018651
5 0.320390 0.540684 0.012666 0.019141
5 0.335191 0.539834 0.013131 0.019022
5 0.329493 0.562147 0.011916 0.017313
5 0.341853 0.517370 0.012415 0.018852
5 0.332574 0.494531 0.013515 0.021615
5 0.316634 0.494957 0.012175 0.019306
5 0.306634 0.472038 0.012533 0.018227
5 0.322710 0.471179 0.012390 0.017034
5 0.338158 0.471046 0.012045 0.017299
5 0.348070 0.495239 0.013073 0.020196
5 0.364429 0.494875 0.013335 0.020196
5 0.354658 0.471470 0.012749 0.019723
5 0.370854 0.469844 0.012849 0.017524
5 0.373322 0.516430 0.012519 0.018549
5 0.272959 0.388085 0.011177 0.015658
5 0.258224 0.389493 0.011548 0.013208
5 0.243056 0.390152 0.013258 0.017045
5 0.295795 0.406565 0.012623 0.015758
5 0.304070 0.425885 0.012563 0.014943
5 0.312519 0.406020 0.012637 0.015395
5 0.304575 0.387036 0.012279 0.014084
5 0.288163 0.426380 0.011398 0.014318
5 0.297279 0.447649 0.012080 0.015421
5 0.312809 0.446558 0.010844 0.013603
5 0.328804 0.447772 0.011591 0.014451
5 0.345513 0.448731 0.012606 0.016896
5 0.336222 0.426167 0.012033 0.015471
5 0.320267 0.427521 0.012420 0.017126
5 0.344171 0.404856 0.012137 0.014448
5 0.328109 0.406070 0.010554 0.015294
5 0.320308 0.387611 0.011367 0.013293
5 0.351488 0.384912 0.012052 0.013601
5 0.359916 0.402457 0.011684 0.015971
5 0.352088 0.424609 0.011823 0.016042
5 0.361561 0.447952 0.012516 0.019548
5 0.367906 0.424202 0.011949 0.018674
5 0.375365 0.403137 0.011338 0.016797
5 0.390611 0.402945 0.012126 0.016454
5 0.398494 0.382474 0.011152 0.015204
5 0.414489 0.381603 0.011656 0.015855
5 0.406962 0.402296 0.012401 0.017751
5 0.377999 0.447382 0.012746 0.018409
5 0.392969 0.447865 0.011419 0.020717
5 0.383887 0.424515 0.011883 0.017957
5 0.410414 0.495012 0.011932 0.016259
5 0.390786 0.558842 0.010937 0.018075
5 0.428215 0.535975 0.011730 0.017621
5 0.404164 0.515019 0.012068 0.016252
5 0.423957 0.403610 0.015216 0.016948
5 0.444932 0.381911 0.013374 0.015490
5 0.461181 0.381754 0.012642 0.017192
5 0.477268 0.379183 0.012929 0.016077
5 0.517331 0.397673 0.013507 0.018319
5 0.509653 0.377415 0.011241 0.016063
5 0.560305 0.396196 0.012184 0.015365
5 0.566372 0.374377 0.012571 0.015530
5 0.547285 0.375381 0.014342 0.018042
5 0.528717 0.376312 0.013455 0.016880
5 0.540685 0.420343 0.011545 0.017843
5 0.615145 0.371660 0.012779 0.017647
5 0.646731 0.369593 0.011510 0.015526
5 0.702528 0.387763 0.011668 0.018132
5 0.694733 0.410227 0.012189 0.018759
5 0.709493 0.409079 0.011883 0.017926
5 0.718396 0.431233 0.012858 0.018478
5 0.725772 0.407947 0.013177 0.016714
5 0.732211 0.387273 0.012295 0.018665
5 0.741985 0.407216 0.013382 0.018774
5 0.725152 0.366046 0.012503 0.017649
5 0.763622 0.382640 0.012999 0.020978
5 0.779717 0.379361 0.012110 0.021624
5 0.788215 0.403258 0.013201 0.020429
5 0.799776 0.423018 0.011640 0.017772
5 0.803947 0.401335 0.012109 0.019408
5 0.750142 0.428158 0.014255 0.017865
5 0.733649 0.429058 0.013157 0.018153
5 0.754719 0.448208 0.013677 0.015672
5 0.748319 0.473767 0.010945 0.018459
5 0.727434 0.496584 0.012835 0.016297
5 0.758658 0.495372 0.014146 0.018023
5 0.751392 0.516117 0.013608 0.016177
5 0.744459 0.536326 0.013733 0.016894
5 0.827186 0.469666 0.009582 0.018430
5 0.867932 0.487353 0.013180 0.019569
5 0.830614 0.354453 0.013082 0.017469
5 0.846553 0.355691 0.012737 0.017427
5 0.862105 0.356030 0.012236 0.017098
5 0.878404 0.356193 0.012330 0.016420
5 0.870963 0.377431 0.012838 0.017765
5 0.855153 0.377557 0.013157 0.017860
5 0.839803 0.377519 0.012326 0.018286
5 0.824961 0.379112 0.011173 0.019964
5 0.833903 0.399600 0.011605 0.014117
5 0.848281 0.400014 0.011831 0.017462
5 0.864148 0.398381 0.013019 0.016207
5 0.879740 0.396738 0.011979 0.014972
5 0.873073 0.418265 0.011402 0.014692
5 0.903711 0.415123 0.012028 0.014020
5 0.911313 0.394957 0.012360 0.015402
5 0.902596 0.373369 0.011709 0.017540
5 0.918204 0.374046 0.012718 0.016882
5 0.934400 0.373670 0.012554 0.017637
5 0.927850 0.393980 0.012206 0.015966
5 0.950131 0.372225 0.012798 0.016764
5 0.941330 0.352486 0.012315 0.015552
5 0.966386 0.371373 0.012749 0.017074
5 0.973671 0.349316 0.012552 0.014242
5 0.989437 0.349451 0.011859 0.015017
5 0.981951 0.369671 0.011992 0.017696
5 0.996033 0.369295 0.007935 0.018452
5 0.996955 0.412448 0.006089 0.016652
5 0.997893 0.541326 0.004215 0.016248
5 0.986951 0.542652 0.011252 0.017770
5 0.816812 0.633700 0.012031 0.016920
5 0.801471 0.633804 0.012169 0.015788
