6 0.561739 0.633874 0.876521 0.732252
4 0.630111 0.380160 0.739778 0.229200
5 0.449805 0.470529 0.015136 0.022377
5 0.465680 0.470015 0.015136 0.022377
5 0.496918 0.469155 0.015136 0.022377
5 0.480985 0.469843 0.015136 0.022377
5 0.512700 0.470722 0.015136 0.022377
5 0.553539 0.453064 0.015136 0.022377
5 0.537214 0.451769 0.015136 0.022377
5 0.521190 0.451778 0.015136 0.022377
5 0.417987 0.469534 0.015136 0.022377
5 0.362140 0.447162 0.015136 0.022377
5 0.298669 0.444925 0.015136 0.022377
5 0.520751 0.492352 0.015136 0.022377
5 0.504969 0.490785 0.015136 0.022377
5 0.489036 0.491473 0.015136 0.022377
5 0.457856 0.492159 0.015136 0.022377
5 0.449741 0.512382 0.015136 0.022377
5 0.674412 0.476271 0.015136 0.022377
5 0.658630 0.474704 0.015136 0.022377
5 0.651436 0.452818 0.015136 0.022377
5 0.666447 0.454641 0.015136 0.022377
5 0.643041 0.474447 0.015136 0.022377
5 0.618970 0.494363 0.015136 0.022377
5 0.634817 0.494235 0.015136 0.022377
5 0.650599 0.495801 0.015136 0.022377
5 0.569845 0.493997 0.015136 0.022377
5 0.586180 0.493869 0.015136 0.022377
5 0.561556 0.473335 0.015136 0.022377
4 0.546186 0.471870 0.013700 0.023340
5 0.658951 0.433820 0.015136 0.022377
5 0.690697 0.476391 0.015136 0.022377
5 0.706102 0.477203 0.015136 0.022377
5 0.721883 0.478769 0.015136 0.022377
5 0.730026 0.457394 0.015136 0.022377
5 0.713690 0.456937 0.015136 0.022377
5 0.698840 0.455015 0.015136 0.022377
5 0.682555 0.454895 0.015136 0.022377
5 0.737244 0.478769 0.015136 0.022377
5 0.745017 0.499035 0.015136 0.022377
5 0.682370 0.497647 0.015136 0.022377
5 0.698655 0.497767 0.015136 0.022377
5 0.729841 0.500145 0.015136 0.022377
5 0.802267 0.479178 0.015136 0.022377
5 0.785952 0.479178 0.015136 0.022377
5 0.769625 0.479657 0.015136 0.022377
5 0.946091 0.482024 0.015136 0.022377
5 0.929859 0.482677 0.015136 0.022377
5 0.914404 0.480621 0.015136 0.022377
5 0.898999 0.481604 0.015136 0.022377
5 0.883150 0.481484 0.015136 0.022377
5 0.866715 0.481060 0.015136 0.022377
5 0.850364 0.480477 0.015136 0.022377
5 0.875424 0.461081 0.015136 0.022377
5 0.954470 0.462926 0.015136 0.022377
5 0.922457 0.460217 0.015136 0.022377
5 0.906726 0.459568 0.015136 0.022377
5 0.938674 0.461784 0.015136 0.022377
5 0.972192 0.420968 0.015136 0.022377
5 0.962759 0.441120 0.015136 0.022377
5 0.971044 0.463483 0.015136 0.022377
5 0.962541 0.484436 0.015136 0.022377
5 0.953141 0.504287 0.015136 0.022377
5 0.937433 0.503545 0.015136 0.022377
5 0.998389 0.463472 0.003223 0.022377
5 0.994353 0.442148 0.011293 0.022377
5 0.330446 0.487523 0.015136 0.022377
5 0.945153 0.523557 0.015136 0.022377
5 0.929446 0.522815 0.015136 0.022377
5 0.986130 0.505250 0.015136 0.022377
5 0.977865 0.524533 0.015136 0.022377
5 0.985560 0.544968 0.015136 0.022377
5 0.989012 0.419962 0.015136 0.022377
5 0.307167 0.466031 0.015136 0.022377
4 0.274168 0.423581 0.014767 0.025912
