6 0.279137 0.703185 0.558275 0.593631
5 0.430134 0.494853 0.013753 0.021015
5 0.422795 0.476532 0.013753 0.021015
5 0.437392 0.513217 0.013753 0.021015
5 0.422767 0.513867 0.013753 0.021015
5 0.407709 0.476814 0.013753 0.021015
5 0.363726 0.476814 0.013753 0.021015
5 0.399692 0.496153 0.013753 0.021015
5 0.392867 0.477302 0.013753 0.021015
5 0.474687 0.529511 0.013753 0.021015
5 0.459058 0.530281 0.013753 0.021015
5 0.444108 0.531581 0.013753 0.021015
5 0.123571 0.459212 0.013753 0.021015
5 0.114129 0.438143 0.013753 0.021015
5 0.116611 0.480092 0.013753 0.021015
5 0.049466 0.460179 0.013753 0.021015
5 0.020210 0.459212 0.013753 0.021015
