6 0.569681 0.651042 0.860638 0.697917
5 0.411621 0.468018 0.014648 0.021973
5 0.420410 0.446045 0.014648 0.021973
5 0.426270 0.426270 0.014648 0.017578
5 0.404297 0.448242 0.011719 0.017578
5 0.411621 0.428467 0.014648 0.021973
5 0.440918 0.424072 0.014648 0.021973
5 0.458496 0.424072 0.014648 0.021973
5 0.471680 0.424072 0.011719 0.021973
5 0.489258 0.424072 0.011719 0.021973
5 0.550781 0.419678 0.011719 0.021973
5 0.625488 0.415283 0.014648 0.021973
5 0.610840 0.415283 0.014648 0.021973
5 0.657715 0.415283 0.014648 0.021973
5 0.663574 0.393311 0.014648 0.021973
5 0.672363 0.415283 0.014648 0.021973
5 0.763184 0.404297 0.014648 0.026367
5 0.722168 0.494385 0.014648 0.021973
5 0.742676 0.472412 0.014648 0.021973
5 0.750000 0.448242 0.011719 0.017578
5 0.757324 0.428467 0.014648 0.021973
5 0.771973 0.424072 0.014648 0.021973
5 0.777832 0.402100 0.014648 0.021973
5 0.771973 0.380127 0.014648 0.021973
5 0.754395 0.382324 0.014648 0.017578
5 0.733887 0.406494 0.014648 0.021973
5 0.802734 0.426270 0.011719 0.026367
5 0.810059 0.402100 0.014648 0.021973
5 0.880371 0.380127 0.014648 0.021973
5 0.826172 0.448242 0.011719 0.026367
5 0.811523 0.446045 0.011719 0.021973
5 0.818848 0.424072 0.014648 0.021973
5 0.788086 0.424072 0.011719 0.021973
5 0.801270 0.380127 0.014648 0.021973
5 0.824707 0.402100 0.014648 0.021973
5 0.832031 0.382324 0.011719 0.017578
5 0.950684 0.397705 0.014648 0.021973
5 0.936035 0.399902 0.014648 0.017578
5 0.941895 0.377930 0.014648 0.017578
5 0.887695 0.402100 0.011719 0.021973
5 0.895020 0.380127 0.014648 0.021973
5 0.886230 0.358154 0.014648 0.021973
5 0.421875 0.492188 0.011719 0.017578
5 0.427734 0.468018 0.011719 0.021973
5 0.355957 0.410889 0.014648 0.021973
5 0.364746 0.430664 0.014648 0.017578
5 0.370605 0.408691 0.014648 0.017578
5 0.363281 0.388916 0.011719 0.021973
5 0.402832 0.406494 0.014648 0.021973
5 0.410156 0.386719 0.011719 0.017578
5 0.464355 0.402100 0.014648 0.021973
5 0.473145 0.465820 0.014648 0.017578
5 0.490723 0.465820 0.014648 0.017578
5 0.550781 0.461426 0.011719 0.017578
5 0.565430 0.461426 0.011719 0.017578
5 0.612305 0.459229 0.011719 0.021973
5 0.626953 0.459229 0.011719 0.021973
5 0.616699 0.395508 0.014648 0.017578
5 0.689941 0.457031 0.014648 0.017578
5 0.673828 0.457031 0.011719 0.017578
5 0.681152 0.435059 0.014648 0.026367
5 0.695801 0.432861 0.014648 0.021973
5 0.687012 0.410889 0.014648 0.021973
5 0.719238 0.408691 0.014648 0.017578
5 0.733887 0.450439 0.014648 0.021973
5 0.742676 0.428467 0.014648 0.021973
5 0.757324 0.470215 0.014648 0.026367
5 0.766113 0.450439 0.014648 0.021973
5 0.773438 0.470215 0.011719 0.017578
5 0.804199 0.470215 0.014648 0.017578
5 0.815918 0.382324 0.014648 0.017578
5 0.823242 0.362549 0.017578 0.021973
5 0.936035 0.355957 0.014648 0.017578
5 0.950684 0.353760 0.014648 0.021973
5 0.950684 0.441650 0.014648 0.021973
5 0.958008 0.419678 0.011719 0.021973
5 0.941895 0.421875 0.014648 0.017578
5 0.989102 0.418612 0.013922 0.025629
5 0.958537 0.377090 0.013191 0.018490
5 0.966755 0.396877 0.012326 0.019138
5 0.974432 0.375791 0.012110 0.019138
5 0.982109 0.396877 0.012326 0.018490
5 0.966430 0.354058 0.012543 0.019138
5 0.910745 0.379197 0.014056 0.021409
5 0.918638 0.402228 0.013408 0.018165
5 0.903284 0.403201 0.013840 0.020111
5 0.902743 0.358437 0.010597 0.022057
5 0.973674 0.419096 0.012759 0.021409
5 0.848357 0.383414 0.014705 0.021409
5 0.864899 0.381631 0.012759 0.023030
5 0.854195 0.361196 0.012543 0.018490
5 0.840680 0.404498 0.014921 0.018814
5 0.856574 0.405310 0.014272 0.019787
5 0.872252 0.403849 0.013191 0.022057
5 0.786293 0.379197 0.013840 0.018814
5 0.748340 0.405149 0.013191 0.019463
5 0.710712 0.429801 0.012759 0.020111
5 0.726065 0.428504 0.013191 0.020760
5 0.665300 0.436612 0.014489 0.018814
5 0.647891 0.392822 0.013408 0.018814
5 0.639890 0.373684 0.012543 0.019463
5 0.656433 0.371089 0.011894 0.018814
5 0.631997 0.394768 0.013191 0.018165
5 0.640215 0.415691 0.013624 0.019138
5 0.587557 0.435315 0.012543 0.021409
5 0.565175 0.417474 0.012759 0.018165
5 0.573608 0.438397 0.012326 0.017841
5 0.581610 0.459318 0.012759 0.018165
5 0.543457 0.483398 0.014648 0.017578
5 0.602764 0.437538 0.012322 0.019491
5 0.618557 0.437034 0.011649 0.017810
5 0.580808 0.415024 0.012322 0.015459
5 0.594923 0.414183 0.012322 0.015123
5 0.527375 0.400405 0.013442 0.017810
5 0.510685 0.400573 0.013218 0.018819
5 0.495339 0.402086 0.013442 0.019827
5 0.501948 0.380410 0.012770 0.018146
5 0.518974 0.379065 0.010977 0.016802
5 0.543505 0.399564 0.011649 0.015459
5 0.535104 0.422247 0.011425 0.015795
5 0.342773 0.452637 0.011719 0.017578
5 0.357422 0.450439 0.011719 0.021973
5 0.360352 0.492188 0.011719 0.017578
5 0.366211 0.470215 0.011719 0.017578
5 0.373535 0.450439 0.014648 0.021973
5 0.288574 0.472412 0.014648 0.021973
5 0.297363 0.452637 0.014648 0.017578
5 0.281250 0.452637 0.011719 0.017578
5 0.265137 0.452637 0.014648 0.017578
5 0.225543 0.436167 0.014444 0.017048
5 0.377930 0.388916 0.011719 0.021973
5 0.436523 0.489990 0.011719 0.021973
5 0.467285 0.487793 0.014648 0.017578
5 0.442383 0.468018 0.011719 0.021973
5 0.681152 0.393311 0.014648 0.021973
5 0.659180 0.459229 0.011719 0.021973
5 0.619629 0.481201 0.014648 0.021973
5 0.795410 0.402100 0.014648 0.021973
5 0.739746 0.386719 0.014648 0.017578
5 0.895020 0.465820 0.014648 0.017578
5 0.881836 0.465820 0.011719 0.017578
5 0.284180 0.494385 0.011719 0.021973
5 0.298828 0.494385 0.011719 0.021973
5 0.341309 0.553711 0.014648 0.017578
5 0.370605 0.551514 0.014648 0.021973
5 0.221191 0.536133 0.014648 0.017578
5 0.950684 0.481201 0.014648 0.021973
