6 0.296417 0.638494 0.592835 0.723011
4 0.288763 0.457505 0.577525 0.305634
5 0.461277 0.636444 0.012306 0.015516
5 0.493291 0.635777 0.013198 0.016854
5 0.467341 0.654770 0.013019 0.015784
5 0.482768 0.655173 0.013554 0.015516
5 0.472959 0.673899 0.013198 0.015516
5 0.442907 0.672562 0.012663 0.014981
5 0.479380 0.693963 0.012841 0.016586
5 0.486782 0.713359 0.012663 0.016319
5 0.502655 0.714295 0.011949 0.017121
5 0.518884 0.713627 0.012663 0.015249
5 0.527713 0.694498 0.013198 0.017121
5 0.521293 0.674834 0.012128 0.016854
5 0.516477 0.753755 0.013198 0.016319
5 0.525395 0.734093 0.013554 0.016586
5 0.523789 0.773286 0.013554 0.016319
5 0.556695 0.775024 0.013733 0.016586
5 0.489100 0.674032 0.013019 0.015249
5 0.420257 0.652363 0.012306 0.014714
5 0.436130 0.653700 0.012306 0.014714
5 0.451824 0.654103 0.012306 0.014981
5 0.457978 0.673497 0.012128 0.014714
5 0.495164 0.694231 0.013733 0.015516
5 0.405631 0.651828 0.012663 0.014714
5 0.368179 0.631764 0.012306 0.015784
5 0.423378 0.616248 0.012841 0.015249
5 0.439519 0.617318 0.012306 0.014714
5 0.445851 0.636044 0.013911 0.014714
5 0.393147 0.616113 0.012663 0.016051
5 0.377363 0.615043 0.012484 0.014981
5 0.361580 0.613305 0.012663 0.014179
5 0.337502 0.628954 0.011949 0.016051
5 0.330636 0.609157 0.012484 0.015516
5 0.314852 0.607285 0.012306 0.015516
5 0.323501 0.588958 0.013198 0.017924
5 0.326622 0.550971 0.012663 0.016319
5 0.374599 0.650758 0.012663 0.015784
5 0.399389 0.634171 0.012663 0.015784
5 0.283908 0.605412 0.011414 0.017121
5 0.277309 0.585348 0.011414 0.017121
5 0.296392 0.547090 0.013198 0.018191
5 0.311463 0.548563 0.012663 0.016319
5 0.265627 0.544015 0.013019 0.018459
5 0.229064 0.521009 0.013019 0.017389
5 0.212835 0.521276 0.012306 0.017389
5 0.196158 0.520339 0.012128 0.014446
5 0.202936 0.541340 0.012841 0.019529
5 0.234414 0.542275 0.013376 0.017121
5 0.247345 0.584010 0.011771 0.016051
5 0.209713 0.562341 0.012484 0.016586
5 0.216491 0.582138 0.012128 0.016586
5 0.194197 0.562074 0.011771 0.017121
5 0.166106 0.518733 0.012306 0.018726
5 0.141673 0.538130 0.012306 0.016319
5 0.126155 0.537192 0.012306 0.017121
5 0.129902 0.496797 0.010879 0.016051
5 0.111443 0.535990 0.012484 0.016854
5 0.114118 0.496929 0.011414 0.015784
5 0.097977 0.495459 0.012306 0.015516
5 0.104665 0.515791 0.013198 0.017121
5 0.089059 0.514453 0.012306 0.017121
5 0.095390 0.534785 0.012484 0.016051
5 0.102435 0.556186 0.012663 0.017656
5 0.064179 0.533047 0.012128 0.017389
5 0.049020 0.533047 0.011771 0.017924
5 0.051248 0.491446 0.011949 0.016051
5 0.066498 0.492917 0.012841 0.016319
5 0.035821 0.491044 0.012484 0.016854
5 0.027172 0.511510 0.013019 0.016586
5 0.018076 0.531039 0.012306 0.017121
5 0.033771 0.531977 0.013019 0.017389
5 0.057402 0.512981 0.012484 0.017389
5 0.004445 0.530237 0.008890 0.017656
5 0.354801 0.594176 0.012306 0.014981
5 0.371032 0.595781 0.012306 0.016051
5 0.553128 0.674969 0.012306 0.018191
5 0.537165 0.674834 0.012841 0.016319
5 0.188133 0.541205 0.012128 0.018191
5 0.181356 0.520339 0.011771 0.016586
5 0.172438 0.540402 0.013198 0.016586
5 0.179482 0.560334 0.012663 0.015784
5 0.218810 0.542275 0.013198 0.018191
5 0.249754 0.543613 0.013019 0.017121
5 0.120270 0.516861 0.012663 0.018191
5 0.135341 0.516996 0.012128 0.017389
5 0.150947 0.518868 0.012306 0.015249
5 0.001413 0.510173 0.002826 0.016051
5 0.005782 0.489706 0.011565 0.017389
