6 0.275663 0.720289 0.551326 0.559422
5 0.015420 0.565341 0.013731 0.020833
5 0.059059 0.567353 0.014520 0.020597
5 0.044018 0.566744 0.012996 0.018904
5 0.029920 0.567167 0.013100 0.018703
5 0.109716 0.586756 0.013258 0.022017
5 0.137710 0.585464 0.012784 0.020360
5 0.152494 0.583688 0.014205 0.021070
5 0.144556 0.605252 0.011995 0.021544
5 0.081787 0.586884 0.013889 0.020360
5 0.172932 0.604640 0.012784 0.020360
5 0.158931 0.605252 0.012942 0.019650
5 0.187367 0.605114 0.012942 0.019886
5 0.166520 0.583472 0.011995 0.019176
5 0.224017 0.587240 0.013942 0.019176
5 0.216727 0.606772 0.012311 0.019886
5 0.230671 0.607450 0.014271 0.018054
5 0.353567 0.584399 0.013889 0.021070
5 0.360354 0.606297 0.015152 0.020833
5 0.337547 0.627841 0.014047 0.021307
5 0.366509 0.627253 0.015152 0.019650
5 0.359249 0.647491 0.014205 0.020833
5 0.409120 0.626898 0.013573 0.021780
5 0.424052 0.625362 0.013454 0.022958
5 0.439110 0.624408 0.014520 0.020123
5 0.454419 0.623106 0.013889 0.018466
5 0.447868 0.601562 0.012468 0.016572
5 0.432560 0.602865 0.013731 0.019650
5 0.417856 0.606629 0.014112 0.021644
5 0.396414 0.583215 0.012153 0.018229
5 0.410622 0.583097 0.014362 0.018939
5 0.382528 0.585464 0.013100 0.020360
5 0.374636 0.605232 0.013731 0.021544
5 0.476357 0.646188 0.013573 0.018703
5 0.460890 0.644922 0.014836 0.021168
5 0.452128 0.666194 0.014994 0.019886
5 0.467446 0.665231 0.013396 0.020401
5 0.474458 0.685135 0.015152 0.021780
5 0.490403 0.685133 0.014520 0.020833
5 0.444160 0.686790 0.012942 0.018939
5 0.459154 0.685133 0.013889 0.018939
5 0.466886 0.704310 0.013258 0.018939
5 0.422622 0.666448 0.012468 0.019503
5 0.417093 0.646662 0.014047 0.019176
5 0.431455 0.645005 0.015309 0.022491
5 0.479435 0.604995 0.013415 0.019650
5 0.494974 0.606419 0.013573 0.022017
5 0.502161 0.627607 0.014994 0.019886
5 0.485906 0.625829 0.012784 0.016809
5 0.470281 0.624763 0.012784 0.018939
5 0.455051 0.582150 0.012942 0.018466
5 0.469645 0.508050 0.015941 0.018466
5 0.454104 0.512192 0.014836 0.019650
5 0.425852 0.513494 0.014520 0.020833
5 0.479908 0.527936 0.014678 0.021780
5 0.462701 0.530899 0.015309 0.022017
5 0.496715 0.564871 0.015152 0.022254
5 0.508472 0.647132 0.015625 0.021544
5 0.515497 0.665600 0.015152 0.019650
5 0.499242 0.665128 0.015783 0.019650
5 0.483458 0.665601 0.014836 0.018703
5 0.506502 0.684657 0.015467 0.021307
5 0.481566 0.703598 0.015467 0.020360
5 0.498532 0.703480 0.015941 0.021070
5 0.515023 0.703131 0.016414 0.020833
5 0.523074 0.721236 0.014520 0.023438
5 0.506503 0.721828 0.014205 0.020360
5 0.490338 0.721706 0.014077 0.019659
5 0.474542 0.723011 0.014994 0.019886
5 0.482354 0.742187 0.014205 0.018939
5 0.465781 0.742780 0.015152 0.019650
5 0.449604 0.743609 0.014362 0.019886
5 0.441714 0.763494 0.014047 0.018466
5 0.463258 0.781723 0.015467 0.020833
5 0.473037 0.761468 0.015698 0.021168
5 0.488902 0.761111 0.014994 0.022833
5 0.446133 0.645597 0.014362 0.019413
5 0.435953 0.705729 0.014520 0.019886
5 0.451342 0.704427 0.015941 0.020123
5 0.504123 0.761480 0.014493 0.020103
5 0.495533 0.780777 0.013731 0.022254
5 0.501768 0.801136 0.013889 0.018939
