6 0.278425 0.638494 0.556850 0.723011
4 0.315057 0.587595 0.403409 0.249053
4 0.063305 0.461648 0.126610 0.064394
5 0.512184 0.560369 0.012942 0.019886
5 0.458838 0.502131 0.015152 0.022727
5 0.466967 0.480232 0.014678 0.022491
5 0.482039 0.480232 0.012942 0.021070
5 0.457023 0.461884 0.015309 0.022254
5 0.431613 0.455966 0.018150 0.023201
5 0.414252 0.456439 0.013415 0.024621
5 0.438084 0.437973 0.014362 0.019886
5 0.398232 0.494200 0.015467 0.026752
5 0.386474 0.557528 0.014362 0.020833
5 0.384265 0.451231 0.014362 0.019413
5 0.350016 0.429569 0.014994 0.019176
5 0.338021 0.448035 0.013731 0.019650
5 0.299274 0.463068 0.015467 0.023201
5 0.293671 0.442590 0.015625 0.021070
5 0.300616 0.423177 0.013731 0.018229
5 0.308112 0.443419 0.013573 0.018939
5 0.269523 0.460109 0.012468 0.022491
5 0.284359 0.422467 0.014994 0.018229
5 0.255398 0.458807 0.012942 0.018466
5 0.240246 0.457031 0.015783 0.023438
5 0.232197 0.476563 0.014520 0.020833
5 0.276783 0.441170 0.014678 0.021070
5 0.305587 0.484257 0.015467 0.023438
5 0.216414 0.474787 0.013573 0.021070
5 0.210180 0.454190 0.014362 0.020597
5 0.216888 0.434304 0.015152 0.021070
5 0.186821 0.471709 0.014678 0.022017
5 0.192345 0.493726 0.015309 0.023911
5 0.164015 0.451113 0.015152 0.021070
5 0.196054 0.453007 0.015152 0.020123
5 0.202131 0.434186 0.013415 0.021780
5 0.149337 0.448627 0.014520 0.020833
5 0.141130 0.468277 0.014836 0.023674
5 0.126215 0.465791 0.013731 0.023911
5 0.110511 0.465791 0.014836 0.026752
5 0.142156 0.428149 0.013731 0.021070
5 0.179406 0.451816 0.013877 0.019493
5 0.186742 0.434067 0.014836 0.022017
5 0.087232 0.486979 0.013415 0.023201
5 0.036648 0.416548 0.013889 0.016335
5 0.021812 0.413944 0.013889 0.020597
5 0.006881 0.413352 0.013763 0.018939
5 0.134186 0.446615 0.014205 0.023911
5 0.290988 0.482599 0.013731 0.021544
5 0.274732 0.522727 0.014047 0.024148
5 0.353093 0.452296 0.014520 0.018229
5 0.323422 0.446378 0.015152 0.020597
5 0.427746 0.497988 0.014836 0.023911
5 0.379451 0.638139 0.015467 0.022964
5 0.374874 0.617306 0.013573 0.019650
5 0.367771 0.597064 0.015152 0.022727
5 0.411884 0.643821 0.013731 0.024384
5 0.233324 0.584012 0.012953 0.021486
5 0.209018 0.601955 0.013105 0.023086
5 0.083049 0.423177 0.015783 0.019650
