6 0.535497 0.600025 0.929006 0.799949
5 0.763808 0.330478 0.016136 0.025372
5 0.780882 0.329966 0.016136 0.025372
5 0.755015 0.352760 0.016136 0.025372
5 0.771748 0.352504 0.016136 0.025372
5 0.788822 0.353528 0.016136 0.025372
5 0.805554 0.353272 0.016136 0.025372
5 0.797188 0.375938 0.016136 0.025372
5 0.780455 0.375810 0.016136 0.025372
5 0.763467 0.375169 0.016136 0.025372
5 0.746734 0.375425 0.016136 0.025372
5 0.730343 0.374657 0.016136 0.025372
5 0.738624 0.351991 0.016136 0.025372
5 0.663066 0.326762 0.016136 0.025372
5 0.671814 0.349578 0.016136 0.025372
5 0.688399 0.350534 0.016136 0.025372
5 0.705400 0.351559 0.016136 0.025372
5 0.721912 0.351523 0.016136 0.025372
5 0.663412 0.371370 0.016136 0.025372
5 0.680412 0.372394 0.016136 0.025372
5 0.646679 0.370634 0.016136 0.025372
5 0.621300 0.347117 0.016136 0.025372
5 0.638301 0.348141 0.016136 0.025372
5 0.629702 0.325325 0.016136 0.025372
5 0.605051 0.391288 0.016136 0.025372
5 0.621784 0.391473 0.016136 0.025372
5 0.638711 0.392166 0.016136 0.025372
5 0.655297 0.393233 0.016136 0.025372
5 0.671861 0.393922 0.016136 0.025372
5 0.688400 0.394911 0.016136 0.025372
5 0.705206 0.395757 0.016136 0.025372
5 0.721765 0.396781 0.016136 0.025372
5 0.738204 0.397628 0.016136 0.025372
5 0.755256 0.397699 0.016136 0.025372
5 0.771731 0.397442 0.016136 0.025372
5 0.788720 0.398083 0.016136 0.025372
5 0.805497 0.398166 0.016136 0.025372
5 0.597014 0.368792 0.016136 0.025372
5 0.613746 0.368976 0.016136 0.025372
5 0.588148 0.346420 0.016136 0.025372
5 0.813874 0.377196 0.016136 0.025372
5 0.822183 0.399425 0.016136 0.025372
5 0.855275 0.399984 0.016136 0.025372
5 0.847384 0.377442 0.016136 0.025372
5 0.839134 0.354040 0.016136 0.025372
5 0.822192 0.353983 0.016136 0.025372
5 0.830489 0.376706 0.016136 0.025372
5 0.838589 0.398725 0.016136 0.025372
5 0.863107 0.422684 0.016136 0.025372
5 0.846421 0.421425 0.016136 0.025372
5 0.830015 0.422125 0.016136 0.025372
5 0.813329 0.420866 0.016136 0.025372
5 0.796552 0.420635 0.016136 0.025372
5 0.779564 0.420142 0.016136 0.025372
5 0.763088 0.420399 0.016136 0.025372
5 0.746431 0.419736 0.016136 0.025372
5 0.729893 0.419481 0.016136 0.025372
5 0.830722 0.331329 0.016136 0.025372
5 0.813781 0.331271 0.016136 0.025372
5 0.797143 0.330561 0.016136 0.025372
5 0.921846 0.402116 0.016136 0.025372
5 0.905161 0.401429 0.016136 0.025372
5 0.888754 0.401985 0.016136 0.025372
5 0.872069 0.400870 0.016136 0.025372
5 0.863880 0.378101 0.016136 0.025372
5 0.880566 0.379359 0.016136 0.025372
5 0.897181 0.378869 0.016136 0.025372
5 0.905664 0.356353 0.016136 0.025372
5 0.872660 0.355843 0.016136 0.025372
5 0.855718 0.355785 0.016136 0.025372
5 0.847787 0.331992 0.016136 0.025372
5 0.864248 0.333131 0.016136 0.025372
5 0.805850 0.308200 0.016136 0.025372
5 0.814021 0.286930 0.016136 0.025372
5 0.830962 0.286988 0.016136 0.025372
5 0.888762 0.356023 0.016136 0.025372
5 0.897174 0.333131 0.016136 0.025372
5 0.914076 0.333461 0.016136 0.025372
5 0.947335 0.335698 0.016136 0.025372
5 0.857501 0.264897 0.016136 0.025372
5 0.980679 0.382515 0.016136 0.025372
5 0.963790 0.381906 0.016136 0.025372
5 0.947104 0.380785 0.016136 0.025372
5 0.930608 0.380127 0.016136 0.025372
5 0.972302 0.359938 0.016136 0.025372
5 0.989192 0.360546 0.016136 0.025372
5 0.955616 0.358817 0.016136 0.025372
5 0.939120 0.358158 0.016136 0.025372
5 0.994657 0.337695 0.010685 0.025372
5 0.980697 0.336574 0.016136 0.025372
5 0.964201 0.335916 0.016136 0.025372
5 0.954972 0.403154 0.016136 0.025372
5 0.971753 0.404561 0.016136 0.025372
5 0.988337 0.405284 0.016136 0.025372
5 0.896643 0.423953 0.016136 0.025372
5 0.913049 0.423826 0.016136 0.025372
5 0.930020 0.424370 0.016136 0.025372
5 0.946621 0.424450 0.016136 0.025372
5 0.979803 0.426230 0.016136 0.025372
5 0.994189 0.426523 0.011622 0.025372
5 0.963169 0.425745 0.016136 0.025372
5 0.904721 0.445952 0.016136 0.025372
5 0.921003 0.446198 0.016136 0.025372
5 0.937975 0.446742 0.016136 0.025372
5 0.954576 0.446822 0.016136 0.025372
5 0.971124 0.448117 0.016136 0.025372
5 0.987758 0.448602 0.016136 0.025372
5 0.997975 0.449239 0.004049 0.025372
5 0.998410 0.404983 0.003181 0.025372
5 0.854496 0.444741 0.016136 0.025372
5 0.870778 0.444987 0.016136 0.025372
5 0.887750 0.445530 0.016136 0.025372
5 0.862571 0.466543 0.016136 0.025372
5 0.878853 0.466789 0.016136 0.025372
5 0.895824 0.467332 0.016136 0.025372
5 0.912796 0.467754 0.016136 0.025372
5 0.929078 0.468000 0.016136 0.025372
5 0.962651 0.468624 0.016136 0.025372
5 0.979199 0.469919 0.016136 0.025372
5 0.993882 0.470404 0.012235 0.025372
5 0.946050 0.468544 0.016136 0.025372
5 0.986871 0.492590 0.016136 0.025372
5 0.993347 0.514999 0.013307 0.025372
5 0.997490 0.492891 0.005020 0.025372
5 0.530006 0.366443 0.016136 0.025372
5 0.563665 0.367321 0.016136 0.025372
5 0.580251 0.368388 0.016136 0.025372
5 0.546738 0.366627 0.016136 0.025372
5 0.513187 0.365678 0.016136 0.025372
5 0.521724 0.388230 0.016136 0.025372
5 0.538542 0.388994 0.016136 0.025372
5 0.555275 0.389179 0.016136 0.025372
5 0.571947 0.390064 0.016136 0.025372
5 0.571842 0.346027 0.016136 0.025372
5 0.555256 0.345343 0.016136 0.025372
5 0.563433 0.324049 0.016136 0.025372
5 0.546742 0.322902 0.016136 0.025372
5 0.530305 0.323093 0.016136 0.025372
5 0.521596 0.344655 0.016136 0.025372
5 0.504778 0.343891 0.016136 0.025372
5 0.455500 0.342867 0.016136 0.025372
5 0.471569 0.342969 0.016136 0.025372
5 0.487875 0.343362 0.016136 0.025372
5 0.479978 0.365330 0.016136 0.025372
5 0.463392 0.364263 0.016136 0.025372
5 0.446740 0.364536 0.016136 0.025372
5 0.430792 0.320164 0.016136 0.025372
5 0.438144 0.385996 0.016136 0.025372
5 0.421811 0.384990 0.016136 0.025372
5 0.430572 0.363321 0.016136 0.025372
5 0.396329 0.405573 0.016136 0.025372
5 0.379996 0.404568 0.016136 0.025372
5 0.388757 0.382899 0.016136 0.025372
5 0.429792 0.406812 0.016136 0.025372
5 0.446540 0.407569 0.016136 0.025372
5 0.496837 0.409432 0.016136 0.025372
5 0.513569 0.409617 0.016136 0.025372
5 0.488300 0.386881 0.016136 0.025372
5 0.480019 0.408668 0.016136 0.025372
5 0.505033 0.387065 0.016136 0.025372
5 0.454664 0.429817 0.016136 0.025372
5 0.463182 0.407674 0.016136 0.025372
5 0.471837 0.430404 0.016136 0.025372
5 0.505369 0.431646 0.016136 0.025372
5 0.538878 0.433576 0.016136 0.025372
5 0.555611 0.433760 0.016136 0.025372
5 0.572283 0.434645 0.016136 0.025372
5 0.522060 0.432811 0.016136 0.025372
5 0.488636 0.431462 0.016136 0.025372
5 0.589006 0.434513 0.016136 0.025372
5 0.580469 0.411961 0.016136 0.025372
5 0.563397 0.411776 0.016136 0.025372
5 0.629897 0.414123 0.016136 0.025372
5 0.613165 0.413938 0.016136 0.025372
5 0.646825 0.414817 0.016136 0.025372
5 0.663410 0.415884 0.016136 0.025372
5 0.655297 0.438027 0.016136 0.025372
5 0.638711 0.436960 0.016136 0.025372
5 0.621784 0.436267 0.016136 0.025372
5 0.605051 0.436082 0.016136 0.025372
5 0.387984 0.426455 0.016136 0.025372
5 0.405158 0.427042 0.016136 0.025372
5 0.421957 0.428100 0.016136 0.025372
5 0.438689 0.428285 0.016136 0.025372
5 0.371575 0.426182 0.016136 0.025372
5 0.363389 0.403997 0.016136 0.025372
5 0.379913 0.448504 0.016136 0.025372
5 0.396521 0.449223 0.016136 0.025372
5 0.413199 0.449661 0.016136 0.025372
5 0.337869 0.424672 0.016136 0.025372
5 0.329797 0.446721 0.016136 0.025372
5 0.346405 0.447440 0.016136 0.025372
5 0.296114 0.445749 0.016136 0.025372
5 0.304648 0.424117 0.016136 0.025372
5 0.321392 0.468096 0.016136 0.025372
5 0.337999 0.468815 0.016136 0.025372
5 0.354431 0.469253 0.016136 0.025372
5 0.346240 0.491318 0.016136 0.025372
5 0.362918 0.491756 0.016136 0.025372
5 0.253985 0.465499 0.016136 0.025372
5 0.270592 0.466218 0.016136 0.025372
5 0.287023 0.466656 0.016136 0.025372
5 0.262487 0.488332 0.016136 0.025372
5 0.278896 0.488605 0.016136 0.025372
5 0.296070 0.489192 0.016136 0.025372
5 0.312869 0.490250 0.016136 0.025372
5 0.329601 0.490435 0.016136 0.025372
5 0.321155 0.512513 0.016136 0.025372
5 0.304357 0.511455 0.016136 0.025372
5 0.337888 0.512698 0.016136 0.025372
5 0.354526 0.513581 0.016136 0.025372
5 0.371205 0.514019 0.016136 0.025372
5 0.295451 0.533161 0.016136 0.025372
5 0.328983 0.534404 0.016136 0.025372
5 0.312731 0.533498 0.016136 0.025372
5 0.362580 0.535953 0.016136 0.025372
5 0.379259 0.536391 0.016136 0.025372
5 0.429811 0.450423 0.016136 0.025372
5 0.446544 0.450608 0.016136 0.025372
5 0.462893 0.451766 0.016136 0.025372
5 0.371232 0.470207 0.016136 0.025372
5 0.387839 0.470926 0.016136 0.025372
5 0.404518 0.471364 0.016136 0.025372
5 0.437863 0.472311 0.016136 0.025372
5 0.454586 0.473469 0.016136 0.025372
5 0.421130 0.472126 0.016136 0.025372
5 0.488622 0.475185 0.016136 0.025372
5 0.480143 0.452861 0.016136 0.025372
5 0.471649 0.473840 0.016136 0.025372
5 0.496630 0.453569 0.016136 0.025372
5 0.513362 0.453754 0.016136 0.025372
5 0.446356 0.494981 0.016136 0.025372
5 0.463079 0.496138 0.016136 0.025372
5 0.480142 0.496509 0.016136 0.025372
5 0.497116 0.497854 0.016136 0.025372
5 0.496616 0.541320 0.016136 0.025372
5 0.446231 0.539196 0.016136 0.025372
5 0.479518 0.540724 0.016136 0.025372
5 0.462955 0.540354 0.016136 0.025372
5 0.488622 0.519212 0.016136 0.025372
5 0.471524 0.517867 0.016136 0.025372
5 0.454586 0.517309 0.016136 0.025372
5 0.437863 0.516152 0.016136 0.025372
5 0.421314 0.515806 0.016136 0.025372
5 0.412744 0.537543 0.016136 0.025372
5 0.396270 0.536948 0.016136 0.025372
5 0.287400 0.555332 0.016136 0.025372
5 0.320932 0.556575 0.016136 0.025372
5 0.304199 0.555128 0.016136 0.025372
5 0.278869 0.576601 0.016136 0.025372
5 0.295667 0.576398 0.016136 0.025372
5 0.312400 0.577844 0.016136 0.025372
5 0.270943 0.554772 0.016136 0.025372
5 0.254210 0.553326 0.016136 0.025372
5 0.246424 0.531359 0.016136 0.025372
5 0.362409 0.579945 0.016136 0.025372
5 0.345677 0.578499 0.016136 0.025372
5 0.328878 0.578703 0.016136 0.025372
5 0.337410 0.556383 0.016136 0.025372
5 0.379640 0.579945 0.016136 0.025372
5 0.354640 0.557433 0.016136 0.025372
5 0.437600 0.560722 0.016136 0.025372
5 0.454163 0.561092 0.016136 0.025372
5 0.420876 0.559564 0.016136 0.025372
5 0.688217 0.438689 0.016136 0.025372
5 0.705023 0.439535 0.016136 0.025372
5 0.738021 0.441406 0.016136 0.025372
5 0.754801 0.441477 0.016136 0.025372
5 0.771004 0.441630 0.016136 0.025372
5 0.787856 0.442270 0.016136 0.025372
5 0.721583 0.440560 0.016136 0.025372
5 0.821099 0.442745 0.016136 0.025372
5 0.804322 0.442514 0.016136 0.025372
5 0.705930 0.306498 0.016136 0.025372
5 0.729080 0.462439 0.016136 0.025372
5 0.745519 0.463285 0.016136 0.025372
5 0.762298 0.463356 0.016136 0.025372
5 0.546666 0.455308 0.016136 0.025372
5 0.529847 0.454544 0.016136 0.025372
5 0.580071 0.456378 0.016136 0.025372
5 0.596794 0.456245 0.016136 0.025372
5 0.612839 0.457814 0.016136 0.025372
5 0.563398 0.455493 0.016136 0.025372
5 0.629571 0.457999 0.016136 0.025372
5 0.646499 0.458693 0.016136 0.025372
5 0.663084 0.459760 0.016136 0.025372
5 0.696255 0.460711 0.016136 0.025372
5 0.679816 0.460416 0.016136 0.025372
5 0.713133 0.418282 0.016136 0.025372
5 0.696327 0.417436 0.016136 0.025372
5 0.672883 0.392439 0.016136 0.025372
