6 0.278583 0.686908 0.557165 0.626184
5 0.006374 0.471151 0.012749 0.017914
5 0.013251 0.451915 0.013325 0.017914
5 0.002665 0.451539 0.005331 0.017914
5 0.006123 0.431551 0.012245 0.017914
5 0.021046 0.470585 0.013325 0.017914
5 0.002855 0.490573 0.005709 0.017914
5 0.021400 0.509884 0.013325 0.017914
5 0.006884 0.510239 0.013325 0.017914
5 0.003174 0.529181 0.006349 0.017914
5 0.035870 0.510076 0.013325 0.017914
5 0.049956 0.509500 0.013325 0.017914
5 0.043041 0.490485 0.013325 0.017914
5 0.035486 0.470317 0.013325 0.017914
5 0.021144 0.470317 0.013325 0.017914
5 0.028187 0.450341 0.013325 0.017914
5 0.020376 0.431134 0.013325 0.017914
5 0.049572 0.430173 0.013325 0.017914
5 0.057000 0.450149 0.013325 0.017914
5 0.042658 0.450533 0.013325 0.017914
5 0.049957 0.469934 0.013325 0.017914
5 0.043043 0.489718 0.013325 0.017914
5 0.057640 0.490102 0.013325 0.017914
5 0.071982 0.489527 0.013325 0.017914
5 0.086324 0.489527 0.013325 0.017914
5 0.078897 0.469167 0.013325 0.017914
5 0.071597 0.450152 0.013325 0.017914
5 0.078384 0.429983 0.013325 0.017914
5 0.085811 0.448999 0.013325 0.017914
5 0.093366 0.469358 0.013325 0.017914
5 0.093750 0.509119 0.013325 0.017914
5 0.071981 0.529096 0.013325 0.017914
5 0.057639 0.529096 0.013325 0.017914
5 0.043169 0.528904 0.013325 0.017914
5 0.028955 0.529096 0.013325 0.017914
5 0.021656 0.547344 0.013325 0.017914
5 0.050467 0.547536 0.013325 0.017914
5 0.100794 0.489335 0.013325 0.017914
5 0.108221 0.508158 0.013325 0.017914
5 0.100794 0.527943 0.013325 0.017914
5 0.122435 0.508350 0.013325 0.017914
5 0.115136 0.488565 0.013325 0.017914
5 0.129861 0.488757 0.013325 0.017914
5 0.122562 0.468973 0.013325 0.017914
5 0.108220 0.468973 0.013325 0.017914
5 0.100537 0.448996 0.013325 0.017914
5 0.100537 0.448996 0.013325 0.017914
5 0.092598 0.429403 0.013325 0.017914
5 0.106812 0.429020 0.013325 0.017914
5 0.121282 0.428636 0.013325 0.017914
5 0.129478 0.448229 0.013325 0.017914
5 0.122691 0.468781 0.013325 0.017914
5 0.137000 0.468484 0.014205 0.019176
5 0.151102 0.468558 0.014047 0.020360
5 0.143874 0.488710 0.013415 0.020123
5 0.158314 0.488694 0.011837 0.021307
5 0.172064 0.488400 0.012626 0.017045
5 0.165465 0.468232 0.014520 0.019413
5 0.179418 0.468589 0.013325 0.017914
5 0.193376 0.468397 0.013325 0.017914
5 0.200931 0.487990 0.013325 0.017914
5 0.193632 0.507583 0.013325 0.017914
5 0.215016 0.488376 0.013325 0.017914
5 0.229613 0.487992 0.013325 0.017914
5 0.237169 0.507969 0.013325 0.017914
5 0.237041 0.507969 0.013325 0.017914
5 0.215271 0.448232 0.013325 0.017914
5 0.200802 0.448232 0.013325 0.017914
5 0.186332 0.447848 0.013325 0.017914
5 0.158160 0.448617 0.013325 0.017914
5 0.143690 0.448809 0.013325 0.017914
5 0.135879 0.428641 0.013325 0.017914
5 0.150221 0.428258 0.013325 0.019451
5 0.164946 0.428641 0.013325 0.019451
5 0.179160 0.428258 0.013325 0.019451
5 0.193374 0.428066 0.013325 0.019451
5 0.171477 0.408665 0.013325 0.019451
5 0.200417 0.407895 0.013325 0.019451
5 0.207972 0.428255 0.013325 0.019451
5 0.215144 0.447848 0.013325 0.019451
5 0.222443 0.427872 0.013325 0.019451
5 0.222186 0.468016 0.013325 0.019451
5 0.236656 0.467633 0.013325 0.019451
5 0.251253 0.467633 0.013325 0.019451
5 0.265723 0.468016 0.013325 0.019451
5 0.258551 0.448232 0.013325 0.019451
5 0.273021 0.448615 0.013325 0.019451
5 0.294405 0.467630 0.013325 0.019451
5 0.300936 0.487415 0.013325 0.019451
5 0.287105 0.488184 0.013325 0.019451
5 0.280063 0.507199 0.013325 0.019451
5 0.265849 0.507775 0.013325 0.019451
5 0.287233 0.526598 0.013325 0.019451
5 0.323201 0.506510 0.013325 0.019451
5 0.308660 0.507083 0.013325 0.019451
5 0.330980 0.486615 0.013325 0.019451
5 0.345265 0.486420 0.013325 0.019451
5 0.359678 0.486420 0.013325 0.019451
5 0.316057 0.487188 0.013325 0.019451
5 0.309170 0.468056 0.013325 0.019451
5 0.301900 0.448542 0.013325 0.019451
5 0.316567 0.448542 0.013325 0.019451
5 0.309042 0.428262 0.013325 0.019451
5 0.323581 0.427879 0.013325 0.019451
5 0.315418 0.407983 0.013325 0.019451
5 0.286466 0.407791 0.013325 0.019451
5 0.337866 0.426539 0.013325 0.019451
5 0.330915 0.447202 0.012943 0.019451
5 0.345328 0.446437 0.012943 0.019451
5 0.338187 0.466333 0.012943 0.019451
5 0.323774 0.467098 0.012943 0.019451
5 0.352726 0.466716 0.012943 0.019451
5 0.359613 0.447585 0.012943 0.019451
5 0.381678 0.465952 0.012943 0.019451
5 0.374025 0.485275 0.012943 0.019451
5 0.388819 0.484891 0.012943 0.019451
5 0.374407 0.447010 0.012943 0.019451
5 0.367009 0.427304 0.012943 0.019451
5 0.417262 0.444330 0.012943 0.019451
5 0.388819 0.445478 0.012943 0.019451
5 0.431419 0.444522 0.012943 0.019451
5 0.403232 0.445095 0.012943 0.019451
5 0.374152 0.407216 0.012943 0.019451
5 0.396217 0.465374 0.012943 0.019451
5 0.410374 0.464418 0.012943 0.019451
5 0.424787 0.464034 0.012943 0.019451
5 0.403232 0.484313 0.012943 0.019451
5 0.366883 0.505549 0.012943 0.019451
5 0.381294 0.505170 0.012943 0.019451
5 0.395707 0.504022 0.012943 0.019451
5 0.410120 0.503639 0.012943 0.019451
5 0.402978 0.523153 0.012943 0.019451
5 0.388439 0.523726 0.012943 0.019451
5 0.417519 0.523343 0.012943 0.019451
5 0.424661 0.541518 0.012943 0.019451
5 0.438946 0.503063 0.012943 0.019451
5 0.445961 0.483357 0.012943 0.019451
5 0.452977 0.463461 0.012943 0.019451
5 0.459992 0.444330 0.012943 0.019451
5 0.431422 0.405303 0.012943 0.019451
5 0.445451 0.404538 0.012943 0.019451
5 0.388823 0.405687 0.012943 0.019451
5 0.402724 0.405687 0.012943 0.019451
5 0.467388 0.463080 0.012943 0.019451
5 0.474658 0.482019 0.012943 0.019451
5 0.482437 0.462505 0.012943 0.019451
5 0.460245 0.482784 0.012943 0.019451
5 0.460627 0.520855 0.012943 0.019451
5 0.467642 0.539794 0.012943 0.019451
5 0.483074 0.539411 0.012943 0.019451
5 0.475549 0.558063 0.012943 0.019259
5 0.460371 0.557966 0.012943 0.019451
5 0.446087 0.559785 0.012943 0.019259
5 0.438946 0.541418 0.012943 0.019259
5 0.439328 0.578724 0.012943 0.019259
5 0.453357 0.577768 0.012943 0.019259
5 0.468152 0.577195 0.012943 0.019259
5 0.499272 0.575665 0.012943 0.019259
5 0.491237 0.594605 0.013453 0.019259
5 0.475614 0.595945 0.013581 0.019259
5 0.506798 0.594413 0.013453 0.019259
5 0.514451 0.575282 0.013453 0.019259
5 0.498763 0.612779 0.013453 0.019259
5 0.467898 0.614500 0.013453 0.019259
5 0.446215 0.596709 0.013453 0.019259
5 0.506926 0.631529 0.013453 0.019259
5 0.515216 0.612015 0.013453 0.019259
5 0.445920 0.443615 0.012943 0.019451
5 0.467743 0.501750 0.012943 0.019451
5 0.498212 0.499872 0.013302 0.018556
5 0.506083 0.519190 0.013302 0.018556
