6 0.305256 0.679924 0.610511 0.640152
5 0.027024 0.495180 0.014894 0.022736
5 0.001602 0.497577 0.003204 0.022736
5 0.011341 0.494281 0.014894 0.022736
5 0.034083 0.473216 0.014894 0.022736
5 0.049766 0.472251 0.014894 0.022736
5 0.041912 0.451406 0.014894 0.022736
5 0.058068 0.448237 0.014894 0.022736
5 0.066170 0.468523 0.014894 0.022736
5 0.063660 0.423072 0.014894 0.022736
5 0.054929 0.389827 0.014894 0.022736
5 0.072811 0.443976 0.014894 0.022736
5 0.081290 0.466139 0.014894 0.022736
5 0.057573 0.493911 0.014894 0.022736
5 0.073810 0.493079 0.014894 0.022736
5 0.090021 0.491450 0.014894 0.022736
5 0.034487 0.516577 0.014894 0.022736
5 0.050387 0.515620 0.014894 0.022736
5 0.137192 0.491450 0.014894 0.022736
5 0.121690 0.489621 0.014894 0.022736
5 0.105986 0.491384 0.014894 0.022736
5 0.090114 0.533944 0.014894 0.022736
5 0.105818 0.533777 0.014894 0.022736
5 0.129655 0.510469 0.014894 0.022736
5 0.098006 0.511600 0.014894 0.022736
5 0.113710 0.511433 0.014894 0.022736
5 0.097474 0.469704 0.014894 0.022736
5 0.097740 0.421957 0.014894 0.022736
5 0.137906 0.445631 0.014894 0.022736
5 0.122212 0.444567 0.014894 0.022736
5 0.087809 0.442306 0.014894 0.022736
5 0.114143 0.466246 0.014894 0.022736
5 0.176988 0.510669 0.014894 0.022736
5 0.160638 0.510240 0.014894 0.022736
5 0.153001 0.490766 0.014894 0.022736
5 0.168673 0.488777 0.014894 0.022736
5 0.145025 0.511259 0.014894 0.022736
5 0.137716 0.533507 0.014894 0.022736
5 0.153765 0.532896 0.014894 0.022736
5 0.232766 0.485515 0.014894 0.022736
5 0.216954 0.487104 0.014894 0.022736
5 0.200534 0.487853 0.014894 0.022736
5 0.184895 0.487333 0.014894 0.022736
5 0.193414 0.509527 0.014894 0.022736
5 0.209322 0.508837 0.014894 0.022736
5 0.225025 0.507550 0.014894 0.022736
5 0.240658 0.508114 0.014894 0.022736
5 0.192194 0.465928 0.014894 0.022736
5 0.207986 0.463161 0.014894 0.022736
5 0.224068 0.462514 0.014894 0.022736
5 0.240209 0.462110 0.014894 0.022736
5 0.248370 0.486726 0.014894 0.022736
5 0.256799 0.507710 0.014894 0.022736
5 0.201754 0.531722 0.014894 0.022736
5 0.233365 0.529745 0.014894 0.022736
5 0.312662 0.482374 0.014894 0.022736
5 0.296710 0.483078 0.014894 0.022736
5 0.280433 0.485711 0.014894 0.022736
5 0.264013 0.486461 0.014894 0.022736
5 0.273181 0.508046 0.014894 0.022736
5 0.288789 0.506775 0.014894 0.022736
5 0.305066 0.504142 0.014894 0.022736
5 0.320553 0.504656 0.014894 0.022736
5 0.288441 0.459948 0.014894 0.022736
5 0.304253 0.456967 0.014894 0.022736
5 0.320553 0.458004 0.014894 0.022736
5 0.285801 0.408922 0.014894 0.022736
5 0.345799 0.397433 0.014894 0.022736
5 0.295317 0.387337 0.014894 0.022736
5 0.264807 0.528077 0.014894 0.022736
5 0.296796 0.527141 0.014894 0.022736
5 0.328561 0.525023 0.014894 0.022736
5 0.312957 0.526075 0.014894 0.022736
5 0.360590 0.479937 0.014894 0.022736
5 0.344291 0.480119 0.014894 0.022736
5 0.328362 0.482404 0.014894 0.022736
5 0.336370 0.504686 0.014894 0.022736
5 0.344725 0.524704 0.014894 0.022736
5 0.377302 0.523456 0.014894 0.022736
5 0.369178 0.502741 0.014894 0.022736
5 0.352646 0.503619 0.014894 0.022736
5 0.360886 0.523638 0.014894 0.022736
5 0.352965 0.544897 0.014894 0.022736
5 0.369125 0.543831 0.014894 0.022736
5 0.385541 0.543649 0.014894 0.022736
5 0.376721 0.480111 0.014894 0.022736
5 0.384961 0.502393 0.014894 0.022736
5 0.393200 0.523630 0.014894 0.022736
5 0.401672 0.544519 0.014894 0.022736
5 0.289333 0.548246 0.014894 0.022736
5 0.305494 0.547180 0.014894 0.022736
5 0.321097 0.546128 0.014894 0.022736
5 0.465881 0.496976 0.014894 0.022736
5 0.449563 0.499932 0.014894 0.022736
5 0.433433 0.500610 0.014894 0.022736
5 0.417023 0.499871 0.014894 0.022736
5 0.401473 0.501646 0.014894 0.022736
5 0.457722 0.474505 0.014894 0.022736
5 0.441137 0.476659 0.014894 0.022736
5 0.425006 0.477337 0.014894 0.022736
5 0.369098 0.454866 0.014894 0.022736
5 0.400610 0.452035 0.014894 0.022736
5 0.384827 0.453386 0.014894 0.022736
5 0.392585 0.431972 0.014894 0.022736
5 0.391381 0.380812 0.014894 0.022736
5 0.375197 0.382015 0.014894 0.022736
5 0.424766 0.523028 0.014894 0.022736
5 0.433238 0.543917 0.014894 0.022736
5 0.417107 0.543047 0.014894 0.022736
5 0.408867 0.522854 0.014894 0.022736
5 0.297733 0.568471 0.014894 0.022736
5 0.329497 0.566352 0.014894 0.022736
5 0.345661 0.566034 0.014894 0.022736
5 0.361688 0.564968 0.014894 0.022736
5 0.377569 0.564184 0.014894 0.022736
5 0.394137 0.564960 0.014894 0.022736
5 0.409804 0.564184 0.014894 0.022736
5 0.426505 0.563756 0.014894 0.022736
5 0.313893 0.567405 0.014894 0.022736
5 0.353954 0.586097 0.014894 0.022736
5 0.369713 0.584429 0.014894 0.022736
5 0.385862 0.584247 0.014894 0.022736
5 0.402162 0.584421 0.014894 0.022736
5 0.417829 0.583645 0.014894 0.022736
5 0.434530 0.583217 0.014894 0.022736
5 0.305758 0.588133 0.014894 0.022736
5 0.489754 0.517458 0.014894 0.022736
5 0.498226 0.536722 0.014894 0.022736
5 0.457105 0.520475 0.014894 0.022736
5 0.465577 0.539739 0.014894 0.022736
5 0.449446 0.541886 0.014894 0.022736
5 0.457761 0.561435 0.014894 0.022736
5 0.450168 0.582484 0.014894 0.022736
5 0.442143 0.563023 0.014894 0.022736
5 0.514736 0.578464 0.014894 0.022736
5 0.506160 0.559043 0.014894 0.022736
5 0.481219 0.539862 0.014894 0.022736
5 0.473916 0.560998 0.014894 0.022736
5 0.489534 0.559410 0.014894 0.022736
5 0.465962 0.581667 0.014894 0.022736
5 0.497737 0.579502 0.014894 0.022736
5 0.481851 0.581060 0.014894 0.022736
5 0.393753 0.604339 0.014894 0.022736
5 0.410261 0.603578 0.014894 0.022736
5 0.426551 0.603737 0.014894 0.022736
5 0.442318 0.603776 0.014894 0.022736
5 0.458163 0.602420 0.014894 0.022736
5 0.474580 0.601915 0.014894 0.022736
5 0.489950 0.600217 0.014894 0.022736
5 0.506667 0.599438 0.014894 0.022736
5 0.522835 0.597621 0.014894 0.022736
5 0.498061 0.492849 0.014894 0.022736
5 0.506013 0.515073 0.014894 0.022736
5 0.514155 0.536615 0.014894 0.022736
5 0.522523 0.556814 0.014894 0.022736
5 0.531245 0.576906 0.014894 0.022736
5 0.481863 0.495185 0.014894 0.022736
5 0.464938 0.452198 0.014894 0.022736
5 0.449155 0.454378 0.014894 0.022736
5 0.473868 0.473692 0.014894 0.022736
5 0.556363 0.509466 0.014894 0.022736
5 0.522705 0.513667 0.014894 0.022736
5 0.547906 0.532720 0.014894 0.022736
5 0.564416 0.531163 0.014894 0.022736
5 0.539732 0.511494 0.014894 0.022736
5 0.531176 0.535564 0.014894 0.022736
5 0.548025 0.488021 0.014894 0.022736
5 0.564655 0.485992 0.014894 0.022736
5 0.572680 0.508864 0.014894 0.022736
5 0.581536 0.529558 0.014894 0.022736
5 0.539736 0.555427 0.014894 0.022736
5 0.573527 0.594411 0.014894 0.022736
5 0.556824 0.595426 0.014894 0.022736
5 0.581953 0.614674 0.014894 0.022736
5 0.565920 0.616291 0.014894 0.022736
5 0.548935 0.616669 0.014894 0.022736
5 0.531559 0.617564 0.014894 0.022736
5 0.572875 0.552290 0.014894 0.022736
5 0.564851 0.574336 0.014894 0.022736
5 0.581167 0.573156 0.014894 0.022736
5 0.408903 0.431771 0.014894 0.022736
5 0.565324 0.439446 0.014894 0.022736
5 0.573349 0.462318 0.014894 0.022736
5 0.580734 0.486824 0.014894 0.022736
5 0.523801 0.638028 0.014894 0.022736
5 0.539572 0.637735 0.014894 0.022736
5 0.515107 0.659295 0.014894 0.022736
5 0.531547 0.658801 0.014894 0.022736
5 0.490764 0.641238 0.014894 0.022736
5 0.482146 0.620991 0.014894 0.022736
4 0.238905 0.412997 0.088542 0.075521
4 0.328946 0.436435 0.064710 0.062737
4 0.491193 0.444010 0.150884 0.119081
