6 0.301389 0.625355 0.602778 0.749290
5 0.037674 0.385653 0.014678 0.022727
5 0.022285 0.389323 0.013573 0.021544
5 0.006739 0.337121 0.013100 0.024148
5 0.030177 0.361624 0.013258 0.023911
5 0.083602 0.338187 0.013731 0.022017
5 0.071765 0.288944 0.015309 0.021544
5 0.060953 0.310488 0.015467 0.022017
5 0.044697 0.312263 0.014520 0.020360
5 0.053851 0.290246 0.016098 0.020360
5 0.036727 0.291785 0.014678 0.021070
5 0.060717 0.361151 0.014994 0.024384
5 0.113037 0.339370 0.014205 0.024858
5 0.143103 0.334991 0.012153 0.020360
5 0.135922 0.311316 0.014205 0.022254
5 0.107355 0.289418 0.014836 0.021544
5 0.158649 0.288116 0.013889 0.022254
5 0.204261 0.332386 0.011995 0.024148
5 0.195896 0.309659 0.014836 0.022727
5 0.233775 0.329782 0.013258 0.024148
5 0.258318 0.303859 0.016572 0.023438
5 0.225884 0.304451 0.014520 0.023201
5 0.278441 0.329782 0.014520 0.021307
5 0.271812 0.307884 0.013889 0.019650
5 0.294855 0.328598 0.015152 0.022727
5 0.287989 0.351207 0.014047 0.022964
5 0.267393 0.281960 0.014520 0.021780
5 0.379687 0.345881 0.014362 0.021780
5 0.386474 0.369910 0.016572 0.024384
5 0.370297 0.371567 0.012311 0.021070
5 0.363116 0.392637 0.014678 0.022017
5 0.402573 0.411103 0.014362 0.022964
5 0.433507 0.408854 0.014678 0.023201
5 0.449527 0.407079 0.014836 0.021544
5 0.432718 0.366359 0.014678 0.022017
5 0.466730 0.447325 0.017992 0.020123
5 0.455445 0.427083 0.015625 0.023201
5 0.472885 0.384233 0.013258 0.021307
