6 0.275900 0.705019 0.551799 0.589962
5 0.003026 0.512060 0.006053 0.018580
5 0.015688 0.511778 0.011241 0.016963
5 0.007268 0.491070 0.010885 0.016579
5 0.002966 0.471170 0.005931 0.016761
5 0.046749 0.510417 0.013258 0.019886
5 0.054640 0.488991 0.012942 0.019650
5 0.129530 0.486269 0.015941 0.019886
5 0.115404 0.486742 0.013258 0.019413
5 0.099700 0.487689 0.013731 0.020833
5 0.084312 0.488873 0.013258 0.018466
5 0.070344 0.490649 0.013415 0.019176
5 0.030256 0.470999 0.014362 0.016809
5 0.046512 0.470052 0.014678 0.021070
5 0.061506 0.468395 0.014362 0.020123
5 0.076499 0.468277 0.014678 0.021307
5 0.052983 0.447562 0.013100 0.020123
5 0.068292 0.446141 0.011521 0.019176
5 0.083681 0.445431 0.012626 0.016335
5 0.030808 0.510772 0.013258 0.019650
5 0.061427 0.509825 0.012942 0.018229
5 0.077131 0.509588 0.013415 0.019650
5 0.091098 0.508404 0.011995 0.019176
5 0.107434 0.508759 0.014047 0.017992
5 0.122585 0.506747 0.014047 0.018229
5 0.145944 0.485085 0.011206 0.017519
5 0.121796 0.465791 0.014047 0.019650
5 0.105540 0.466856 0.013731 0.020360
5 0.091020 0.466738 0.012784 0.019650
5 0.099384 0.445312 0.014047 0.020833
5 0.114299 0.444366 0.013889 0.018466
5 0.129530 0.444839 0.014994 0.016572
5 0.160148 0.484967 0.012784 0.017756
5 0.168750 0.463660 0.012311 0.019176
5 0.175537 0.484848 0.014836 0.019886
5 0.191556 0.482481 0.011837 0.016098
5 0.183980 0.462240 0.013100 0.018703
5 0.069871 0.530777 0.013415 0.017045
5 0.083996 0.531013 0.013889 0.017045
5 0.100174 0.530185 0.014047 0.017282
5 0.116272 0.529238 0.014678 0.016335
5 0.130398 0.530066 0.015467 0.017519
5 0.146259 0.528409 0.013415 0.017045
5 0.161544 0.525040 0.010795 0.016655
5 0.153712 0.505353 0.009511 0.015687
5 0.168744 0.503868 0.011166 0.014295
5 0.183906 0.503241 0.010627 0.014093
5 0.192434 0.523696 0.009795 0.016072
5 0.184945 0.545426 0.010246 0.015866
5 0.169135 0.545367 0.011596 0.014169
5 0.177057 0.565327 0.009553 0.015684
5 0.169628 0.585845 0.010126 0.014631
5 0.100393 0.607715 0.009845 0.015234
5 0.100271 0.570128 0.009602 0.013714
5 0.092682 0.549479 0.008802 0.015028
5 0.107424 0.547791 0.011280 0.015862
5 0.122640 0.547732 0.010147 0.014164
5 0.207569 0.522955 0.010805 0.016669
5 0.222629 0.522195 0.012077 0.016563
5 0.236955 0.521409 0.011567 0.017810
5 0.252431 0.518698 0.011791 0.018033
5 0.267912 0.517938 0.012652 0.017926
5 0.275486 0.539190 0.012438 0.016690
5 0.290859 0.537824 0.011378 0.015672
5 0.246012 0.541151 0.010556 0.017320
5 0.260193 0.540031 0.011637 0.016960
5 0.230085 0.542491 0.010371 0.015291
5 0.215410 0.543338 0.010496 0.016520
5 0.200363 0.544695 0.010500 0.016409
5 0.215085 0.500102 0.009845 0.017528
5 0.229531 0.498026 0.010830 0.017135
5 0.244790 0.496941 0.010619 0.016380
5 0.259681 0.497140 0.010928 0.016307
5 0.266992 0.475429 0.010811 0.015213
5 0.274845 0.449711 0.008960 0.016927
5 0.258832 0.452126 0.011111 0.014699
5 0.243169 0.453101 0.010829 0.012422
5 0.200273 0.501884 0.009380 0.015919
5 0.207161 0.479351 0.009675 0.012242
5 0.221853 0.477299 0.011465 0.014721
5 0.298302 0.557093 0.010409 0.014867
5 0.307394 0.578217 0.010409 0.017138
5 0.292661 0.578625 0.009787 0.013722
5 0.284501 0.559576 0.010085 0.016072
5 0.352973 0.576442 0.010325 0.016695
5 0.346386 0.597183 0.014047 0.021544
5 0.360578 0.555736 0.012265 0.015090
5 0.368408 0.534723 0.010230 0.017976
5 0.353015 0.536577 0.015309 0.022491
5 0.337306 0.535440 0.009951 0.015836
5 0.329119 0.514763 0.010587 0.017348
5 0.321324 0.493035 0.009968 0.017786
5 0.336338 0.493312 0.011417 0.014766
5 0.344924 0.514948 0.010216 0.018741
5 0.359560 0.514136 0.011248 0.015076
5 0.369047 0.493018 0.010830 0.015708
5 0.352699 0.493963 0.015309 0.022964
5 0.383310 0.490182 0.012137 0.018203
5 0.391629 0.511439 0.010063 0.018357
5 0.376051 0.512557 0.010210 0.017531
5 0.383467 0.533175 0.010412 0.018958
5 0.376574 0.554498 0.010574 0.017209
5 0.384789 0.575322 0.009651 0.017519
5 0.391621 0.553909 0.012429 0.019093
5 0.407003 0.552607 0.009852 0.018527
5 0.345395 0.470878 0.011157 0.018381
5 0.330301 0.469998 0.010571 0.016617
5 0.315098 0.470241 0.010442 0.019657
5 0.298919 0.469979 0.011087 0.014538
5 0.306622 0.493546 0.011184 0.016766
5 0.406610 0.510703 0.011106 0.018416
5 0.422899 0.509605 0.010003 0.016733
5 0.429916 0.530253 0.010769 0.016690
5 0.414569 0.531567 0.010693 0.018295
5 0.400259 0.532822 0.010653 0.018253
5 0.422560 0.552038 0.010683 0.017900
5 0.438273 0.550919 0.009792 0.018726
5 0.430453 0.572138 0.009460 0.014723
5 0.423415 0.593274 0.009675 0.016170
5 0.407479 0.593942 0.011484 0.018011
5 0.399711 0.574148 0.010576 0.016700
5 0.391687 0.594647 0.010180 0.014834
5 0.462006 0.528104 0.011664 0.018004
5 0.454159 0.507701 0.011619 0.016496
5 0.446619 0.487093 0.010491 0.016108
5 0.437543 0.465904 0.011731 0.018641
5 0.430101 0.489171 0.011817 0.016181
5 0.413622 0.490251 0.011182 0.015786
5 0.399419 0.489131 0.009992 0.016612
5 0.421130 0.465945 0.011907 0.018210
5 0.487448 0.464190 0.011515 0.015722
5 0.470428 0.463475 0.011498 0.013274
5 0.462287 0.444349 0.010866 0.013802
5 0.454968 0.463210 0.011880 0.017332
5 0.462131 0.484711 0.009533 0.015935
5 0.470604 0.505249 0.011850 0.018227
5 0.478647 0.526593 0.011266 0.018556
5 0.486867 0.548191 0.011034 0.018374
5 0.469317 0.549046 0.013016 0.017019
5 0.453583 0.550260 0.011831 0.017410
5 0.445795 0.571075 0.011905 0.016681
5 0.461908 0.569773 0.010448 0.016115
5 0.469970 0.588253 0.011943 0.015821
5 0.453576 0.589860 0.011138 0.016484
5 0.438235 0.591196 0.011755 0.015580
5 0.487344 0.626361 0.012666 0.017528
5 0.511266 0.606056 0.010156 0.017237
5 0.519954 0.626361 0.010865 0.017528
5 0.503531 0.545889 0.015123 0.025490
