6 0.305502 0.609914 0.611004 0.780172
4 0.279239 0.325143 0.491720 0.175757
5 0.318369 0.420104 0.015136 0.022377
5 0.309878 0.398755 0.015136 0.022377
5 0.301625 0.420821 0.015136 0.022377
5 0.285240 0.421539 0.015136 0.022377
5 0.277347 0.442529 0.015136 0.022377
5 0.293732 0.441811 0.015136 0.022377
5 0.310476 0.441093 0.015136 0.022377
5 0.301625 0.377586 0.015136 0.022377
5 0.309878 0.357135 0.015136 0.022377
5 0.317532 0.376869 0.015136 0.022377
5 0.325784 0.398038 0.015136 0.022377
4 0.338209 0.387038 0.025217 0.046920
4 0.326290 0.439849 0.015985 0.027698
4 0.465793 0.392381 0.037640 0.035484
5 0.367609 0.418083 0.015136 0.022377
5 0.350865 0.418617 0.015136 0.022377
5 0.334480 0.419334 0.015136 0.022377
5 0.358950 0.397671 0.015136 0.022377
5 0.375693 0.396954 0.015136 0.022377
5 0.424566 0.437926 0.015136 0.022377
5 0.407945 0.438643 0.015136 0.022377
5 0.392417 0.439361 0.015136 0.022377
5 0.375816 0.439212 0.015136 0.022377
5 0.359072 0.439929 0.015136 0.022377
5 0.342687 0.440647 0.015136 0.022377
5 0.464892 0.416332 0.015136 0.022377
5 0.432339 0.416555 0.015136 0.022377
5 0.416243 0.417316 0.015136 0.022377
5 0.400105 0.417882 0.015136 0.022377
5 0.383720 0.418599 0.015136 0.022377
5 0.448978 0.416596 0.015136 0.022377
5 0.424021 0.395799 0.015136 0.022377
5 0.407884 0.396365 0.015136 0.022377
5 0.391499 0.397083 0.015136 0.022377
5 0.440117 0.395039 0.015136 0.022377
5 0.416142 0.374586 0.015136 0.022377
5 0.400004 0.375152 0.015136 0.022377
5 0.383417 0.375415 0.015136 0.022377
5 0.358163 0.354353 0.015136 0.022377
5 0.342102 0.355414 0.015136 0.022377
5 0.325838 0.355565 0.015136 0.022377
5 0.366750 0.374960 0.015136 0.022377
5 0.441915 0.437013 0.015136 0.022377
5 0.533336 0.413035 0.015136 0.022377
5 0.515810 0.414397 0.015136 0.022377
5 0.498438 0.414357 0.015136 0.022377
5 0.482342 0.415117 0.015136 0.022377
5 0.507378 0.392593 0.015136 0.022377
5 0.525190 0.391094 0.015136 0.022377
5 0.490696 0.392913 0.015136 0.022377
5 0.500343 0.370609 0.015136 0.022377
5 0.483661 0.370929 0.015136 0.022377
5 0.533250 0.368890 0.015136 0.022377
5 0.524522 0.435397 0.015136 0.022377
5 0.507043 0.435245 0.015136 0.022377
5 0.490277 0.435577 0.015136 0.022377
5 0.456731 0.437552 0.015136 0.022377
5 0.473528 0.436500 0.015136 0.022377
5 0.542429 0.434409 0.015136 0.022377
5 0.550332 0.412617 0.015136 0.022377
5 0.568304 0.409482 0.015136 0.022377
5 0.541628 0.390676 0.015136 0.022377
5 0.517787 0.328141 0.015136 0.022377
5 0.518483 0.284048 0.015136 0.022377
5 0.550230 0.455724 0.015136 0.022377
5 0.532323 0.456712 0.015136 0.022377
5 0.499102 0.456769 0.015136 0.022377
5 0.482336 0.457101 0.015136 0.022377
5 0.465587 0.458024 0.015136 0.022377
5 0.448790 0.459076 0.015136 0.022377
5 0.432720 0.459791 0.015136 0.022377
5 0.416625 0.459450 0.015136 0.022377
5 0.400004 0.460167 0.015136 0.022377
5 0.384476 0.460885 0.015136 0.022377
5 0.367875 0.460736 0.015136 0.022377
5 0.351131 0.461453 0.015136 0.022377
5 0.334746 0.462171 0.015136 0.022377
5 0.551345 0.498771 0.015136 0.022377
5 0.559248 0.476980 0.015136 0.022377
5 0.542252 0.477397 0.015136 0.022377
5 0.524522 0.477609 0.015136 0.022377
5 0.506904 0.478919 0.015136 0.022377
5 0.490137 0.479252 0.015136 0.022377
5 0.516238 0.499816 0.015136 0.022377
5 0.499471 0.500984 0.015136 0.022377
5 0.473924 0.479423 0.015136 0.022377
5 0.458089 0.480175 0.015136 0.022377
5 0.441406 0.481227 0.015136 0.022377
5 0.424994 0.481257 0.015136 0.022377
5 0.409242 0.481600 0.015136 0.022377
5 0.392620 0.482318 0.015136 0.022377
5 0.466044 0.500838 0.015136 0.022377
5 0.483170 0.501180 0.015136 0.022377
5 0.450323 0.501590 0.015136 0.022377
5 0.433868 0.502299 0.015136 0.022377
5 0.401475 0.503015 0.015136 0.022377
5 0.385082 0.503390 0.015136 0.022377
5 0.417342 0.502500 0.015136 0.022377
5 0.319253 0.462525 0.015136 0.022377
5 0.302509 0.463243 0.015136 0.022377
5 0.286124 0.463961 0.015136 0.022377
5 0.359791 0.482600 0.015136 0.022377
5 0.343047 0.483317 0.015136 0.022377
5 0.326662 0.484035 0.015136 0.022377
5 0.311169 0.484390 0.015136 0.022377
5 0.294425 0.485107 0.015136 0.022377
5 0.278040 0.485825 0.015136 0.022377
5 0.368658 0.504013 0.015136 0.022377
5 0.352122 0.504575 0.015136 0.022377
5 0.335114 0.504980 0.015136 0.022377
5 0.319621 0.505335 0.015136 0.022377
5 0.302877 0.506053 0.015136 0.022377
5 0.286492 0.506770 0.015136 0.022377
5 0.376832 0.525268 0.015136 0.022377
5 0.392712 0.525134 0.015136 0.022377
5 0.408888 0.524270 0.015136 0.022377
5 0.425624 0.523428 0.015136 0.022377
5 0.441607 0.522901 0.015136 0.022377
5 0.458061 0.522518 0.015136 0.022377
5 0.474653 0.522582 0.015136 0.022377
5 0.491236 0.521619 0.015136 0.022377
5 0.507754 0.521260 0.015136 0.022377
5 0.524738 0.519602 0.015136 0.022377
5 0.384885 0.546324 0.015136 0.022377
5 0.400765 0.546191 0.015136 0.022377
5 0.433459 0.544322 0.015136 0.022377
5 0.449986 0.543957 0.015136 0.022377
5 0.466114 0.543574 0.015136 0.022377
5 0.483141 0.542986 0.015136 0.022377
5 0.499179 0.542349 0.015136 0.022377
5 0.516351 0.542153 0.015136 0.022377
5 0.533117 0.541148 0.015136 0.022377
5 0.179656 0.445650 0.015136 0.022377
5 0.196041 0.444932 0.015136 0.022377
5 0.212785 0.444214 0.015136 0.022377
5 0.228278 0.443860 0.015136 0.022377
5 0.244663 0.443142 0.015136 0.022377
5 0.261189 0.442425 0.015136 0.022377
5 0.269055 0.421703 0.015136 0.022377
5 0.252856 0.421931 0.015136 0.022377
5 0.236362 0.421996 0.015136 0.022377
5 0.220869 0.422350 0.015136 0.022377
5 0.204125 0.423068 0.015136 0.022377
5 0.187740 0.423786 0.015136 0.022377
5 0.269459 0.464461 0.015136 0.022377
5 0.236548 0.465896 0.015136 0.022377
5 0.219749 0.465597 0.015136 0.022377
5 0.252933 0.465178 0.015136 0.022377
5 0.188332 0.467075 0.015136 0.022377
5 0.195740 0.488585 0.015136 0.022377
5 0.171588 0.467140 0.015136 0.022377
5 0.260908 0.400711 0.015136 0.022377
5 0.228921 0.401131 0.015136 0.022377
5 0.212178 0.401848 0.015136 0.022377
5 0.244414 0.400776 0.015136 0.022377
5 0.284631 0.379165 0.015136 0.022377
5 0.268137 0.379230 0.015136 0.022377
5 0.252644 0.379584 0.015136 0.022377
5 0.179796 0.402239 0.015136 0.022377
5 0.171712 0.424103 0.015136 0.022377
5 0.163644 0.445594 0.015136 0.022377
5 0.171479 0.381281 0.015136 0.022377
5 0.163426 0.402501 0.015136 0.022377
5 0.155342 0.424365 0.015136 0.022377
5 0.147633 0.446508 0.015136 0.022377
5 0.147321 0.403317 0.015136 0.022377
5 0.155374 0.382097 0.015136 0.022377
5 0.139237 0.425181 0.015136 0.022377
5 0.131528 0.447324 0.015136 0.022377
5 0.139074 0.383142 0.015136 0.022377
5 0.131021 0.404362 0.015136 0.022377
5 0.122937 0.426226 0.015136 0.022377
5 0.114582 0.403944 0.015136 0.022377
5 0.106498 0.425808 0.015136 0.022377
5 0.097464 0.363029 0.015136 0.022377
5 0.080735 0.362867 0.015136 0.022377
5 0.064427 0.363747 0.015136 0.022377
5 0.048041 0.363159 0.015136 0.022377
5 0.031134 0.362861 0.015136 0.022377
5 0.014716 0.363252 0.015136 0.022377
5 0.002950 0.363480 0.005900 0.022377
5 0.007612 0.384790 0.015136 0.022377
5 0.039957 0.385023 0.015136 0.022377
5 0.056560 0.385938 0.015136 0.022377
5 0.073086 0.385057 0.015136 0.022377
5 0.089897 0.383692 0.015136 0.022377
5 0.106391 0.383464 0.015136 0.022377
5 0.023267 0.384235 0.015136 0.022377
5 0.089194 0.341809 0.015136 0.022377
5 0.098276 0.405075 0.015136 0.022377
5 0.081574 0.406114 0.015136 0.022377
5 0.073521 0.427987 0.015136 0.022377
5 0.006976 0.342423 0.013952 0.022377
5 0.023313 0.342195 0.015136 0.022377
5 0.039731 0.341804 0.015136 0.022377
5 0.056638 0.342103 0.015136 0.022377
5 0.002390 0.321521 0.004780 0.022377
5 0.047457 0.320584 0.015136 0.022377
5 0.065235 0.320556 0.015136 0.022377
5 0.014219 0.320387 0.015136 0.022377
5 0.030604 0.320323 0.015136 0.022377
5 0.002105 0.277934 0.004210 0.022377
