6 0.557134 0.654474 0.885732 0.691051
4 0.558594 0.465820 0.882812 0.263672
5 0.259277 0.560303 0.014648 0.021973
5 0.489258 0.551514 0.011719 0.021973
5 0.473145 0.553711 0.014648 0.017578
5 0.459961 0.553711 0.017578 0.026367
5 0.442383 0.553711 0.011719 0.017578
5 0.550781 0.551514 0.011719 0.021973
5 0.666504 0.525146 0.014648 0.021973
5 0.569824 0.531738 0.002930 0.008789
5 0.606445 0.522949 0.005859 0.008789
5 0.590332 0.529541 0.014648 0.021973
5 0.845215 0.492188 0.014648 0.026367
5 0.821777 0.514160 0.014648 0.026367
5 0.827637 0.492188 0.014648 0.026367
5 0.812988 0.492188 0.014648 0.026367
5 0.774902 0.516357 0.014648 0.021973
5 0.783691 0.494385 0.014648 0.021973
5 0.893555 0.529541 0.005859 0.004395
5 0.906738 0.531738 0.014648 0.017578
5 0.892090 0.489990 0.014648 0.021973
5 0.906738 0.489990 0.014648 0.021973
5 0.897949 0.470215 0.014648 0.017578
5 0.953613 0.529541 0.014648 0.021973
5 0.937500 0.529541 0.011719 0.021973
5 0.990234 0.421875 0.011719 0.017578
5 0.952148 0.446045 0.011719 0.021973
5 0.760254 0.518555 0.014648 0.026367
5 0.767578 0.496582 0.011719 0.017578
5 0.736816 0.498779 0.014648 0.021973
5 0.722168 0.500977 0.014648 0.017578
5 0.704590 0.500977 0.014648 0.026367
5 0.689941 0.503174 0.014648 0.021973
5 0.675293 0.500977 0.014648 0.026367
5 0.937500 0.489990 0.011719 0.021973
5 0.944824 0.424072 0.014648 0.021973
5 0.959473 0.424072 0.014648 0.021973
