5 0.260417 0.478338 0.016098 0.027699
5 0.341304 0.450284 0.012153 0.020360
5 0.334044 0.470999 0.018466 0.020597
5 0.263179 0.520715 0.012784 0.023438
5 0.224353 0.546638 0.014678 0.021307
5 0.226878 0.583452 0.016888 0.019650
5 0.269807 0.499171 0.014994 0.022491
5 0.371922 0.488991 0.014994 0.022017
5 0.363479 0.468750 0.014836 0.019886
5 0.357323 0.488518 0.013573 0.020597
5 0.342803 0.489702 0.015152 0.022491
5 0.379893 0.466738 0.016098 0.022017
5 0.402699 0.486742 0.014362 0.022727
5 0.422980 0.464252 0.013573 0.022727
5 0.494239 0.428741 0.014362 0.023201
5 0.499211 0.453717 0.014205 0.022017
5 0.551452 0.428859 0.013258 0.021070
5 0.560211 0.450876 0.014994 0.023438
5 0.567077 0.428149 0.014205 0.022491
5 0.582623 0.427557 0.014994 0.025095
5 0.620028 0.441643 0.013731 0.020597
5 0.624211 0.419508 0.017045 0.018466
5 0.656802 0.416312 0.013100 0.018703
5 0.671165 0.416075 0.015309 0.022017
5 0.678583 0.437145 0.012468 0.021070
5 0.694287 0.436908 0.012942 0.020123
5 0.709833 0.436908 0.013415 0.020123
5 0.717014 0.457031 0.014205 0.023911
5 0.746922 0.450166 0.015309 0.024858
5 0.728930 0.408973 0.014678 0.024384
5 0.715041 0.414062 0.014047 0.019886
5 0.759312 0.403172 0.013573 0.021307
5 0.743292 0.401397 0.014362 0.020597
5 0.768624 0.423295 0.013573 0.022254
5 0.777383 0.450758 0.014994 0.026515
5 0.777383 0.454664 0.005840 0.004498
5 0.784012 0.425308 0.014047 0.022017
5 0.791903 0.404830 0.014994 0.019413
5 0.794586 0.382576 0.017203 0.021307
5 0.775016 0.404356 0.014678 0.020833
5 0.815499 0.419271 0.014205 0.020360
5 0.807213 0.400805 0.014362 0.019886
5 0.830019 0.418324 0.013573 0.020833
5 0.794744 0.446378 0.016256 0.023438
5 0.845170 0.417614 0.014520 0.025568
5 0.861190 0.418916 0.015941 0.022491
5 0.854167 0.441406 0.013573 0.022017
5 0.868134 0.398082 0.013731 0.022017
5 0.880919 0.390388 0.014047 0.020360
5 0.876657 0.418916 0.015309 0.024858
5 0.900174 0.432765 0.015625 0.025568
5 0.885180 0.438210 0.014678 0.021780
5 0.906723 0.408026 0.015467 0.023438
5 0.944918 0.427912 0.011679 0.021070
5 0.937658 0.405540 0.014205 0.020833
5 0.960227 0.428622 0.014205 0.022017
5 0.995502 0.402344 0.008996 0.023438
6 0.571023 0.661813 0.857955 0.676373
