6 0.581597 0.687382 0.836806 0.625237
4 0.683318 0.454072 0.382102 0.115057
5 0.451862 0.499408 0.014205 0.021070
5 0.458018 0.476918 0.013258 0.018703
5 0.466540 0.498461 0.013889 0.020597
5 0.473169 0.478220 0.013258 0.021307
5 0.421165 0.500473 0.014047 0.018939
5 0.427951 0.520715 0.014047 0.019176
5 0.434896 0.500237 0.015941 0.021307
5 0.331203 0.460819 0.014994 0.020123
5 0.338386 0.441170 0.013258 0.019650
5 0.459201 0.520833 0.014994 0.021780
5 0.361821 0.421520 0.015309 0.021070
5 0.375552 0.420810 0.014994 0.021544
5 0.321496 0.438684 0.013889 0.018939
5 0.330256 0.422112 0.015309 0.021307
5 0.345170 0.420573 0.016098 0.020123
5 0.338936 0.400687 0.013731 0.016809
5 0.352983 0.401989 0.014994 0.019886
5 0.368687 0.400923 0.013573 0.018229
5 0.314552 0.460701 0.015152 0.021780
5 0.299400 0.460819 0.015467 0.018703
5 0.292535 0.479522 0.014678 0.019650
5 0.300189 0.500118 0.015467 0.021544
5 0.315814 0.499171 0.013889 0.019650
5 0.284249 0.459872 0.014520 0.021070
5 0.291449 0.438920 0.014085 0.021307
5 0.276999 0.518939 0.014836 0.021780
5 0.284485 0.499645 0.014994 0.021070
5 0.268150 0.499053 0.014520 0.021307
5 0.276673 0.478575 0.015467 0.022017
5 0.332071 0.500829 0.013258 0.020123
5 0.353535 0.481179 0.014520 0.020123
5 0.346117 0.500592 0.012942 0.020123
5 0.429924 0.440459 0.015152 0.019650
5 0.407118 0.419744 0.013415 0.019886
5 0.398595 0.440696 0.014678 0.019650
5 0.406802 0.459991 0.013415 0.021307
5 0.391651 0.461529 0.013731 0.020597
5 0.375789 0.461411 0.014520 0.020360
5 0.421007 0.459872 0.012784 0.018229
5 0.436080 0.461174 0.015467 0.019413
5 0.413589 0.480705 0.014994 0.021544
5 0.502525 0.479167 0.013573 0.019886
5 0.494713 0.499053 0.013100 0.019413
5 0.561711 0.521425 0.013889 0.020597
5 0.577099 0.521425 0.014994 0.021544
5 0.548217 0.522017 0.014362 0.021780
5 0.540325 0.542259 0.013731 0.018703
5 0.584991 0.541312 0.013731 0.021070
5 0.569129 0.543679 0.014836 0.023911
5 0.599826 0.542732 0.012784 0.019176
5 0.675110 0.542259 0.014994 0.018703
5 0.689552 0.582150 0.013573 0.022727
5 0.703914 0.582860 0.011995 0.021307
5 0.711963 0.564039 0.014836 0.021544
5 0.719697 0.583925 0.015783 0.022491
5 0.726288 0.564089 0.012797 0.017062
5 0.733586 0.583807 0.014205 0.020833
5 0.719416 0.544183 0.012797 0.017062
5 0.741690 0.564089 0.012797 0.017062
5 0.748562 0.543473 0.012797 0.017062
5 0.734582 0.544538 0.012797 0.017062
5 0.719890 0.544893 0.012797 0.017062
5 0.726998 0.524633 0.012797 0.017062
5 0.637901 0.523923 0.012797 0.017062
5 0.622498 0.523568 0.012797 0.017062
5 0.659465 0.543473 0.012797 0.017062
5 0.748562 0.543473 0.012797 0.017062
5 0.786575 0.564744 0.012797 0.017062
5 0.756834 0.604332 0.012797 0.017062
5 0.719018 0.661944 0.012797 0.017062
5 0.659536 0.661058 0.012797 0.017062
5 0.667217 0.679967 0.012797 0.017062
5 0.659536 0.622060 0.012797 0.017062
5 0.622696 0.523568 0.012797 0.017062
5 0.607135 0.563452 0.012797 0.017062
5 0.592560 0.563156 0.012797 0.017062
5 0.577199 0.521795 0.012797 0.017062
5 0.570107 0.500227 0.012797 0.017062
5 0.585273 0.500227 0.012797 0.017062
5 0.517912 0.561679 0.012797 0.017062
5 0.510428 0.580883 0.012797 0.017062
5 0.517715 0.599792 0.012797 0.017062
5 0.503336 0.600088 0.012797 0.017062
5 0.502549 0.520613 0.012797 0.017062
5 0.487580 0.521205 0.012797 0.017062
5 0.450748 0.540703 0.012797 0.017062
5 0.428425 0.559541 0.015309 0.021070
5 0.413194 0.560843 0.014205 0.019413
5 0.451705 0.579190 0.014836 0.020597
5 0.421480 0.540601 0.014678 0.020597
5 0.267628 0.458688 0.013476 0.019650
5 0.282934 0.418492 0.012803 0.017431
5 0.298692 0.419084 0.012803 0.017431
5 0.307161 0.439470 0.012803 0.017431
5 0.275057 0.437696 0.012803 0.017431
5 0.258709 0.437696 0.012803 0.017431
5 0.259497 0.478172 0.012803 0.017431
5 0.252405 0.497966 0.012803 0.017431
5 0.259299 0.518352 0.012803 0.017431
5 0.252800 0.538442 0.012803 0.017431
5 0.268950 0.539624 0.012803 0.017431
5 0.245316 0.558236 0.012803 0.017431
5 0.238029 0.576553 0.012803 0.017431
5 0.206122 0.576553 0.012803 0.017431
5 0.222075 0.576849 0.012803 0.017431
5 0.987432 0.468130 0.011976 0.018430
5 0.964878 0.487727 0.011976 0.018430
5 0.957257 0.508724 0.011976 0.018430
5 0.935792 0.488426 0.011976 0.018430
5 0.913239 0.506856 0.011976 0.018430
5 0.913706 0.465095 0.011976 0.018430
5 0.943103 0.468127 0.011976 0.018430
5 0.950257 0.446430 0.011976 0.018430
5 0.794351 0.585509 0.012797 0.017062
5 0.823592 0.585275 0.012797 0.017062
5 0.824495 0.502723 0.013258 0.022017
5 0.199811 0.635417 0.015467 0.021307
5 0.246878 0.634588 0.014274 0.021070
5 0.254735 0.616004 0.014520 0.021307
5 0.213604 0.556818 0.014013 0.022254
5 0.220398 0.536222 0.014344 0.021780
5 0.228535 0.518821 0.017045 0.020597
5 0.245186 0.518348 0.014678 0.021544
5 0.965988 0.446970 0.013415 0.019886
5 0.973102 0.426942 0.013415 0.019886
5 0.997767 0.467728 0.004465 0.019886
