6 0.570865 0.704545 0.858270 0.590909
5 0.525233 0.483942 0.013160 0.024281
5 0.480883 0.487200 0.014213 0.024478
5 0.555192 0.482170 0.013478 0.021879
5 0.563131 0.502941 0.013294 0.023264
5 0.571163 0.523643 0.013109 0.023956
5 0.563195 0.463337 0.012560 0.022773
5 0.592663 0.463233 0.011594 0.018012
5 0.600599 0.483419 0.011732 0.019461
5 0.629790 0.479071 0.011042 0.021945
5 0.623303 0.502052 0.011594 0.022359
5 0.705564 0.478347 0.011870 0.020496
5 0.720539 0.476794 0.012008 0.020289
5 0.735997 0.475345 0.012560 0.020289
5 0.728613 0.495841 0.013526 0.020289
5 0.713155 0.496876 0.013250 0.021531
5 0.767949 0.514888 0.012146 0.017805
5 0.820190 0.449466 0.014216 0.023188
5 0.827574 0.469341 0.014630 0.023602
5 0.834544 0.487663 0.014216 0.022566
5 0.851614 0.568813 0.015081 0.026250
5 0.887862 0.465798 0.011629 0.024537
5 0.957623 0.480142 0.011810 0.023446
5 0.941997 0.481496 0.013264 0.021283
5 0.927371 0.482868 0.014172 0.020720
5 0.965164 0.501735 0.013082 0.023881
5 0.979518 0.459073 0.011629 0.021417
5 0.998480 0.520262 0.003039 0.022268
5 0.995664 0.541684 0.008672 0.022499
5 0.981789 0.542958 0.011447 0.022678
5 0.971296 0.440357 0.010202 0.012495
5 0.949545 0.462005 0.010661 0.016828
5 0.988493 0.521406 0.012229 0.018134
5 0.995780 0.499974 0.008417 0.015438
5 0.980489 0.501252 0.011406 0.016196
5 0.998783 0.441139 0.002434 0.014659
5 0.994987 0.458378 0.010027 0.014969
5 0.972599 0.479280 0.012011 0.015410
