6 0.553741 0.625355 0.892519 0.749290
5 0.256708 0.432055 0.015309 0.021307
5 0.278330 0.413352 0.013100 0.021780
5 0.283539 0.388731 0.013415 0.021307
5 0.206360 0.430990 0.013100 0.021070
5 0.488479 0.363163 0.013573 0.022727
5 0.480114 0.343158 0.012942 0.019650
5 0.495581 0.340909 0.013258 0.021307
5 0.419508 0.345526 0.013573 0.021070
5 0.435054 0.344934 0.014678 0.020833
5 0.427872 0.325521 0.013889 0.020833
5 0.366951 0.366951 0.014836 0.023674
5 0.359454 0.342211 0.013731 0.021544
5 0.351878 0.315104 0.014362 0.021307
5 0.414773 0.307647 0.015783 0.018703
5 0.397885 0.308357 0.015467 0.019176
5 0.410511 0.325758 0.015467 0.018939
5 0.442077 0.325402 0.015152 0.021070
5 0.458018 0.323982 0.013889 0.019650
5 0.441840 0.365530 0.016888 0.024621
5 0.297980 0.342921 0.014836 0.019176
5 0.351957 0.365885 0.014205 0.026278
5 0.405934 0.344815 0.012942 0.019176
5 0.451547 0.344815 0.012626 0.018703
5 0.473958 0.364228 0.013889 0.022017
5 0.465436 0.344223 0.012942 0.019413
5 0.503551 0.361979 0.014678 0.022254
5 0.623422 0.300545 0.014205 0.020123
5 0.607797 0.300900 0.015152 0.019413
5 0.584912 0.322325 0.014520 0.020123
5 0.540720 0.333688 0.013889 0.023911
5 0.545691 0.310251 0.014362 0.019650
5 0.652146 0.309659 0.016414 0.021307
5 0.644571 0.332031 0.016098 0.022964
5 0.591067 0.302202 0.014520 0.020597
5 0.543324 0.379498 0.013100 0.023201
5 0.475063 0.324219 0.011679 0.020123
5 0.665799 0.301373 0.015625 0.019413
5 0.676768 0.323390 0.014205 0.022254
5 0.669981 0.347775 0.013889 0.020360
5 0.686395 0.396780 0.017992 0.026989
5 0.704072 0.393348 0.014205 0.021544
5 0.676531 0.370975 0.017203 0.026515
5 0.697522 0.296638 0.014047 0.021307
5 0.681029 0.298532 0.014520 0.020833
5 0.722775 0.315814 0.014362 0.021307
5 0.768071 0.294744 0.015309 0.020833
5 0.837674 0.385653 0.014678 0.022727
5 0.822285 0.389323 0.013573 0.021544
5 0.806739 0.337121 0.013100 0.024148
5 0.791667 0.338778 0.014520 0.025095
5 0.830177 0.361624 0.013258 0.023911
5 0.883602 0.338187 0.013731 0.022017
5 0.871765 0.288944 0.015309 0.021544
5 0.860953 0.310488 0.015467 0.022017
5 0.844697 0.312263 0.014520 0.020360
5 0.853851 0.290246 0.016098 0.020360
5 0.836727 0.291785 0.014678 0.021070
5 0.860717 0.361151 0.014994 0.024384
5 0.913037 0.339370 0.014205 0.024858
5 0.943103 0.334991 0.012153 0.020360
5 0.935922 0.311316 0.014205 0.022254
5 0.907355 0.289418 0.014836 0.021544
5 0.958649 0.288116 0.013889 0.022254
5 0.994239 0.309659 0.011521 0.022727
5 0.695549 0.369318 0.016098 0.024621
5 0.550189 0.354640 0.014205 0.023201
5 0.521149 0.360795 0.015467 0.023674
