6 0.551926 0.220028 0.896149 0.440057
5 0.253963 0.004766 0.014672 0.009532
5 0.270084 0.004935 0.014672 0.009870
5 0.229386 0.018053 0.014672 0.023204
5 0.262239 0.018092 0.014672 0.023204
5 0.245780 0.018261 0.014672 0.023204
5 0.278586 0.018431 0.014672 0.023204
5 0.213482 0.058299 0.014672 0.023204
5 0.246335 0.058339 0.014672 0.023204
5 0.262682 0.058677 0.014672 0.023204
5 0.229876 0.058508 0.014672 0.023204
5 0.221499 0.078722 0.014672 0.023204
5 0.237958 0.078553 0.014672 0.023204
5 0.254305 0.078891 0.014672 0.023204
5 0.271302 0.078345 0.014672 0.023204
5 0.263289 0.098194 0.014672 0.023204
5 0.246292 0.098741 0.014672 0.023204
5 0.229945 0.098403 0.014672 0.023204
5 0.238158 0.118227 0.014672 0.023204
5 0.254547 0.118045 0.014672 0.023204
5 0.213755 0.137895 0.014672 0.023204
5 0.230145 0.137712 0.014672 0.023204
