6 0.271260 0.694328 0.542520 0.611344
5 0.029579 0.459914 0.013851 0.020899
5 0.003686 0.419457 0.007372 0.020899
5 0.015352 0.418494 0.013851 0.020899
5 0.022213 0.438859 0.013851 0.020899
5 0.003697 0.459638 0.007394 0.020899
5 0.013830 0.500115 0.013851 0.020899
5 0.003394 0.499783 0.006788 0.020899
5 0.007470 0.478792 0.013851 0.020899
5 0.058151 0.499676 0.013851 0.020899
5 0.043307 0.499783 0.013851 0.020899
5 0.051060 0.479888 0.013851 0.020899
5 0.035932 0.479630 0.013851 0.020899
5 0.057795 0.459684 0.013851 0.020899
5 0.051319 0.439999 0.013851 0.020899
5 0.079897 0.434949 0.013851 0.020899
5 0.108216 0.435337 0.013851 0.020899
5 0.115382 0.457483 0.013851 0.020899
5 0.086815 0.499417 0.013851 0.020899
5 0.072403 0.499653 0.013851 0.020899
5 0.100975 0.498770 0.013851 0.020899
5 0.107709 0.478178 0.013851 0.020899
5 0.129196 0.457094 0.013851 0.020899
5 0.122300 0.477401 0.013851 0.020899
5 0.114702 0.498899 0.013851 0.020899
5 0.122375 0.436762 0.013851 0.020899
5 0.136550 0.477650 0.013851 0.020899
5 0.143612 0.458337 0.013851 0.020899
5 0.157779 0.458586 0.013851 0.020899
5 0.165133 0.479141 0.013851 0.020899
5 0.180129 0.478395 0.013851 0.020899
5 0.172526 0.458337 0.013851 0.020899
5 0.037602 0.439363 0.013851 0.020899
5 0.021670 0.518662 0.013851 0.020899
5 0.036514 0.518555 0.013851 0.020899
5 0.050766 0.518532 0.013851 0.020899
5 0.093858 0.519577 0.013851 0.020899
5 0.316584 0.497215 0.013851 0.020899
5 0.301626 0.497358 0.013851 0.020899
5 0.287248 0.496898 0.013851 0.020899
5 0.272410 0.496077 0.013851 0.020899
5 0.258596 0.496466 0.013851 0.020899
5 0.250933 0.476851 0.013851 0.020899
5 0.264958 0.476357 0.013851 0.020899
5 0.279233 0.477073 0.013851 0.020899
5 0.236525 0.476899 0.013851 0.020899
5 0.272518 0.456319 0.013851 0.020899
5 0.286548 0.455606 0.013851 0.020899
5 0.302249 0.456104 0.013851 0.020899
5 0.316627 0.456725 0.013851 0.020899
5 0.331262 0.455611 0.013851 0.020899
5 0.264879 0.435204 0.013851 0.020899
5 0.280154 0.435261 0.013851 0.020899
5 0.295269 0.435868 0.013851 0.020899
5 0.310233 0.436050 0.013851 0.020899
5 0.324281 0.436034 0.013851 0.020899
5 0.319082 0.415712 0.013851 0.020899
5 0.303862 0.415508 0.013851 0.020899
5 0.250609 0.435265 0.013851 0.020899
5 0.243225 0.456262 0.013851 0.020899
5 0.272864 0.415283 0.013851 0.020899
5 0.257616 0.415711 0.013851 0.020899
5 0.308924 0.477715 0.013851 0.020899
5 0.301422 0.536463 0.013851 0.020899
5 0.279761 0.516319 0.013851 0.020899
5 0.388400 0.494972 0.013851 0.020899
5 0.373807 0.495444 0.013851 0.020899
5 0.359502 0.494875 0.013851 0.020899
5 0.345102 0.495697 0.013851 0.020899
5 0.330266 0.496305 0.013851 0.020899
5 0.366628 0.473743 0.013851 0.020899
5 0.425419 0.472958 0.013851 0.020899
5 0.410753 0.473758 0.013851 0.020899
5 0.395426 0.474285 0.013851 0.020899
5 0.380807 0.474559 0.013851 0.020899
5 0.352070 0.473119 0.013851 0.020899
5 0.417606 0.452696 0.013851 0.020899
5 0.402940 0.453387 0.013851 0.020899
5 0.388343 0.454461 0.013851 0.020899
5 0.373359 0.452764 0.013851 0.020899
5 0.358961 0.452824 0.013851 0.020899
5 0.344914 0.450886 0.013851 0.020899
5 0.432407 0.450893 0.013851 0.020899
5 0.410711 0.433822 0.013851 0.020899
5 0.396114 0.434896 0.013851 0.020899
5 0.381130 0.433199 0.013851 0.020899
5 0.404790 0.416339 0.013851 0.020899
5 0.388898 0.414360 0.013851 0.020899
5 0.447249 0.493189 0.013851 0.020899
5 0.431911 0.493701 0.013851 0.020899
5 0.417292 0.495468 0.013851 0.020899
5 0.425253 0.515144 0.013851 0.020899
5 0.439872 0.513377 0.013851 0.020899
5 0.455210 0.513679 0.013851 0.020899
5 0.454577 0.471885 0.013851 0.020899
5 0.201234 0.455193 0.013851 0.020899
5 0.186487 0.455441 0.013851 0.020899
5 0.193487 0.433047 0.013851 0.020899
5 0.208707 0.475698 0.013851 0.020899
5 0.193960 0.475947 0.013851 0.020899
5 0.236663 0.518077 0.013851 0.020899
5 0.417440 0.534788 0.013851 0.020899
5 0.446849 0.533530 0.013851 0.020899
5 0.432959 0.534613 0.013851 0.020899
5 0.402743 0.534829 0.013851 0.020899
5 0.395876 0.514060 0.013851 0.020899
5 0.410307 0.554378 0.013851 0.020899
5 0.388368 0.573475 0.013851 0.020899
5 0.395543 0.554651 0.013851 0.020899
5 0.484761 0.550617 0.013851 0.020899
5 0.469687 0.551974 0.013851 0.020899
5 0.454623 0.552423 0.013851 0.020899
5 0.461795 0.532436 0.013851 0.020899
5 0.499616 0.550344 0.013851 0.020899
5 0.491866 0.608061 0.013851 0.020899
5 0.470100 0.511620 0.013851 0.020899
5 0.462140 0.491130 0.013851 0.020899
5 0.477282 0.490393 0.013851 0.020899
5 0.486218 0.470695 0.013851 0.020899
5 0.462879 0.451210 0.013851 0.020899
5 0.007980 0.399680 0.013851 0.020899
