6 0.526452 0.651882 0.947096 0.696235
5 0.873767 0.342270 0.016504 0.025691
5 0.856910 0.341616 0.016504 0.025691
5 0.823642 0.341386 0.016504 0.025691
5 0.840199 0.341834 0.016504 0.025691
5 0.807321 0.342003 0.016504 0.025691
5 0.756930 0.340986 0.016504 0.025691
5 0.773398 0.341434 0.016504 0.025691
5 0.790642 0.341349 0.016504 0.025691
5 0.848294 0.363601 0.016504 0.025691
5 0.815470 0.363638 0.016504 0.025691
5 0.798704 0.363989 0.016504 0.025691
5 0.781759 0.363868 0.016504 0.025691
5 0.840299 0.385321 0.016504 0.025691
5 0.806853 0.385890 0.016504 0.025691
5 0.891110 0.341882 0.016504 0.025691
5 0.899638 0.320429 0.016504 0.025691
5 0.882672 0.363601 0.016504 0.025691
5 0.882494 0.320030 0.016504 0.025691
5 0.865150 0.320417 0.016504 0.025691
5 0.848294 0.319763 0.016504 0.025691
5 0.831583 0.319981 0.016504 0.025691
5 0.815025 0.319533 0.016504 0.025691
5 0.798704 0.320151 0.016504 0.025691
5 0.723272 0.385304 0.016504 0.025691
5 0.740217 0.385425 0.016504 0.025691
5 0.756982 0.385074 0.016504 0.025691
5 0.765155 0.362821 0.016504 0.025691
5 0.748360 0.363013 0.016504 0.025691
5 0.731492 0.362643 0.016504 0.025691
5 0.739843 0.341293 0.016504 0.025691
5 0.748412 0.319266 0.016504 0.025691
5 0.992947 0.342579 0.014105 0.025691
5 0.977290 0.341925 0.016504 0.025691
5 0.960579 0.342286 0.016504 0.025691
5 0.943357 0.341695 0.016504 0.025691
5 0.926371 0.342313 0.016504 0.025691
5 0.908552 0.341516 0.016504 0.025691
5 0.997603 0.320633 0.004795 0.025691
5 0.986506 0.320264 0.016504 0.025691
5 0.951907 0.320462 0.016504 0.025691
5 0.934636 0.320081 0.016504 0.025691
5 0.917102 0.320283 0.016504 0.025691
5 0.969065 0.319635 0.016504 0.025691
5 0.997154 0.363710 0.005692 0.025691
5 0.985216 0.364098 0.016504 0.025691
5 0.951269 0.364374 0.016504 0.025691
5 0.934046 0.363784 0.016504 0.025691
5 0.917060 0.364401 0.016504 0.025691
5 0.637606 0.340336 0.016504 0.025691
5 0.654693 0.340029 0.016504 0.025691
5 0.671800 0.339930 0.016504 0.025691
5 0.663374 0.362958 0.016504 0.025691
5 0.646215 0.363286 0.016504 0.025691
5 0.628800 0.363053 0.016504 0.025691
5 0.672123 0.385651 0.016504 0.025691
5 0.620485 0.339691 0.016504 0.025691
5 0.628487 0.316978 0.016504 0.025691
5 0.516518 0.340141 0.016504 0.025691
5 0.533639 0.340786 0.016504 0.025691
5 0.550726 0.340479 0.016504 0.025691
5 0.568723 0.340380 0.016504 0.025691
5 0.508502 0.363356 0.016504 0.025691
5 0.525623 0.364001 0.016504 0.025691
5 0.542710 0.363694 0.016504 0.025691
5 0.560707 0.363595 0.016504 0.025691
5 0.551688 0.385640 0.016504 0.025691
5 0.542224 0.318502 0.016504 0.025691
5 0.576891 0.363360 0.016504 0.025691
5 0.560970 0.408620 0.016504 0.025691
5 0.509701 0.409261 0.016504 0.025691
5 0.526788 0.408954 0.016504 0.025691
5 0.441160 0.363478 0.016504 0.025691
5 0.458109 0.364382 0.016504 0.025691
5 0.474852 0.364074 0.016504 0.025691
5 0.482869 0.340860 0.016504 0.025691
5 0.499747 0.341277 0.016504 0.025691
5 0.491731 0.364492 0.016504 0.025691
5 0.466212 0.341296 0.016504 0.025691
5 0.449779 0.340651 0.016504 0.025691
5 0.483902 0.386560 0.016504 0.025691
5 0.467023 0.386142 0.016504 0.025691
5 0.450280 0.386450 0.016504 0.025691
5 0.433331 0.385546 0.016504 0.025691
5 0.373190 0.363629 0.016504 0.025691
5 0.390543 0.363323 0.016504 0.025691
5 0.407790 0.363772 0.016504 0.025691
5 0.424669 0.364038 0.016504 0.025691
5 0.432685 0.340823 0.016504 0.025691
5 0.415806 0.340557 0.016504 0.025691
5 0.398645 0.340237 0.016504 0.025691
5 0.381809 0.340802 0.016504 0.025691
5 0.416298 0.386879 0.016504 0.025691
5 0.398915 0.386462 0.016504 0.025691
5 0.425364 0.407934 0.016504 0.025691
5 0.408332 0.409267 0.016504 0.025691
5 0.390949 0.408850 0.016504 0.025691
5 0.244112 0.341016 0.016504 0.025691
5 0.261148 0.341198 0.016504 0.025691
5 0.278309 0.341518 0.016504 0.025691
5 0.295287 0.342233 0.016504 0.025691
5 0.312580 0.341911 0.016504 0.025691
5 0.330109 0.341809 0.016504 0.025691
5 0.347662 0.341821 0.016504 0.025691
5 0.364541 0.342238 0.016504 0.025691
5 0.372610 0.319973 0.016504 0.025691
5 0.355731 0.319556 0.016504 0.025691
5 0.338178 0.319544 0.016504 0.025691
5 0.321845 0.320393 0.016504 0.025691
5 0.304552 0.320715 0.016504 0.025691
5 0.287573 0.320000 0.016504 0.025691
5 0.270412 0.319680 0.016504 0.025691
5 0.356272 0.364653 0.016504 0.025691
5 0.339394 0.364235 0.016504 0.025691
5 0.321840 0.364224 0.016504 0.025691
5 0.304611 0.364774 0.016504 0.025691
5 0.287317 0.364348 0.016504 0.025691
5 0.270339 0.363634 0.016504 0.025691
5 0.253178 0.363314 0.016504 0.025691
5 0.236143 0.363132 0.016504 0.025691
5 0.364822 0.386193 0.016504 0.025691
5 0.347904 0.387217 0.016504 0.025691
5 0.331026 0.386799 0.016504 0.025691
5 0.313472 0.386788 0.016504 0.025691
5 0.296242 0.387338 0.016504 0.025691
5 0.261971 0.386198 0.016504 0.025691
5 0.244810 0.385878 0.016504 0.025691
5 0.227774 0.385696 0.016504 0.025691
5 0.278949 0.386913 0.016504 0.025691
5 0.348186 0.431172 0.016504 0.025691
5 0.237027 0.453265 0.016504 0.025691
5 0.314389 0.431778 0.016504 0.025691
5 0.296836 0.431766 0.016504 0.025691
5 0.279606 0.432317 0.016504 0.025691
5 0.262313 0.431891 0.016504 0.025691
5 0.211138 0.430675 0.016504 0.025691
5 0.228173 0.430857 0.016504 0.025691
5 0.245334 0.431177 0.016504 0.025691
5 0.219506 0.408111 0.016504 0.025691
5 0.253702 0.408613 0.016504 0.025691
5 0.270681 0.409327 0.016504 0.025691
5 0.287974 0.409752 0.016504 0.025691
5 0.305204 0.409202 0.016504 0.025691
5 0.322757 0.409214 0.016504 0.025691
5 0.339636 0.409632 0.016504 0.025691
5 0.356554 0.408608 0.016504 0.025691
5 0.236541 0.408293 0.016504 0.025691
5 0.226787 0.340074 0.016504 0.025691
5 0.218190 0.362379 0.016504 0.025691
5 0.201428 0.407546 0.016504 0.025691
5 0.193060 0.430110 0.016504 0.025691
5 0.182913 0.361814 0.016504 0.025691
5 0.200865 0.362567 0.016504 0.025691
5 0.192497 0.385131 0.016504 0.025691
5 0.192454 0.338839 0.016504 0.025691
5 0.165899 0.405662 0.016504 0.025691
5 0.175609 0.428792 0.016504 0.025691
5 0.228801 0.475864 0.016504 0.025691
5 0.220134 0.453117 0.016504 0.025691
5 0.202934 0.452929 0.016504 0.025691
5 0.211766 0.475682 0.016504 0.025691
5 0.246749 0.475338 0.016504 0.025691
5 0.149482 0.451350 0.016504 0.025691
5 0.158536 0.474363 0.016504 0.025691
5 0.177078 0.474922 0.016504 0.025691
5 0.167531 0.451423 0.016504 0.025691
5 0.185303 0.452324 0.016504 0.025691
5 0.195151 0.475903 0.016504 0.025691
5 0.168704 0.497149 0.016504 0.025691
5 0.186368 0.497143 0.016504 0.025691
5 0.204190 0.498124 0.016504 0.025691
5 0.157729 0.428792 0.016504 0.025691
5 0.140983 0.473625 0.016504 0.025691
5 0.132617 0.496755 0.016504 0.025691
5 0.142786 0.519541 0.016504 0.025691
5 0.169525 0.541195 0.016504 0.025691
5 0.155893 0.382287 0.016504 0.025691
5 0.139475 0.427974 0.016504 0.025691
5 0.130976 0.450249 0.016504 0.025691
5 0.122610 0.473379 0.016504 0.025691
5 0.148662 0.405582 0.016504 0.025691
5 0.138668 0.382287 0.016504 0.025691
5 0.129797 0.405582 0.016504 0.025691
5 0.128990 0.359895 0.016504 0.025691
5 0.138176 0.337503 0.016504 0.025691
5 0.118655 0.335781 0.016504 0.025691
5 0.109469 0.358172 0.016504 0.025691
5 0.093707 0.403122 0.016504 0.025691
5 0.103714 0.426497 0.016504 0.025691
5 0.112768 0.449511 0.016504 0.025691
5 0.104402 0.471903 0.016504 0.025691
5 0.095348 0.448889 0.016504 0.025691
5 0.114244 0.495771 0.016504 0.025691
5 0.123267 0.519393 0.016504 0.025691
5 0.133765 0.542277 0.016504 0.025691
5 0.115064 0.542523 0.016504 0.025691
5 0.105058 0.518655 0.016504 0.025691
5 0.085373 0.471657 0.016504 0.025691
5 0.095379 0.495525 0.016504 0.025691
5 0.153613 0.585240 0.016504 0.025691
5 0.135734 0.587060 0.016504 0.025691
5 0.125891 0.608222 0.016504 0.025691
5 0.144592 0.607976 0.016504 0.025691
5 0.115885 0.586322 0.016504 0.025691
5 0.172149 0.585978 0.016504 0.025691
5 0.162801 0.608468 0.016504 0.025691
5 0.143934 0.564078 0.016504 0.025691
5 0.154270 0.629875 0.016504 0.025691
5 0.095872 0.541539 0.016504 0.025691
5 0.106206 0.563930 0.016504 0.025691
5 0.077171 0.495525 0.016504 0.025691
5 0.731239 0.317920 0.016504 0.025691
5 0.722670 0.339948 0.016504 0.025691
5 0.714319 0.361297 0.016504 0.025691
5 0.706099 0.383958 0.016504 0.025691
5 0.697384 0.405489 0.016504 0.025691
5 0.688925 0.428365 0.016504 0.025691
5 0.704992 0.383735 0.016504 0.025691
5 0.524720 0.318566 0.016504 0.025691
5 0.507355 0.319524 0.016504 0.025691
5 0.576569 0.318092 0.016504 0.025691
5 0.559760 0.317656 0.016504 0.025691
5 0.585722 0.340380 0.016504 0.025691
5 0.457653 0.318829 0.016504 0.025691
5 0.441220 0.318184 0.016504 0.025691
5 0.407136 0.319313 0.016504 0.025691
