6 0.267938 0.718135 0.535876 0.563730
5 0.304943 0.471042 0.013851 0.020899
5 0.290249 0.470342 0.013851 0.020899
5 0.283369 0.451450 0.013851 0.020899
5 0.311823 0.451275 0.013851 0.020899
5 0.254331 0.450926 0.013851 0.020899
5 0.246284 0.468768 0.013851 0.020899
5 0.283135 0.489409 0.013851 0.020899
5 0.197188 0.484861 0.013851 0.020899
5 0.205118 0.466494 0.013851 0.020899
5 0.122219 0.450358 0.013851 0.020899
5 0.139904 0.449834 0.013851 0.020899
5 0.157849 0.450038 0.013851 0.020899
5 0.182370 0.485677 0.013851 0.020899
5 0.058776 0.469341 0.013851 0.020899
5 0.052375 0.450306 0.013851 0.020899
5 0.500914 0.609238 0.013851 0.020899
5 0.492327 0.591693 0.013851 0.020899
5 0.484065 0.573912 0.013851 0.020899
5 0.476701 0.594926 0.013851 0.020899
5 0.468439 0.577145 0.013851 0.020899
5 0.483167 0.535521 0.013851 0.020899
5 0.474905 0.516932 0.013851 0.020899
5 0.500140 0.647731 0.013851 0.020899
5 0.484155 0.650560 0.013851 0.020899
5 0.491788 0.668341 0.013851 0.020899
5 0.499781 0.685853 0.013851 0.020899
5 0.453803 0.539089 0.013851 0.020899
5 0.436825 0.498119 0.013851 0.020899
5 0.347974 0.468724 0.013851 0.020899
5 0.188299 0.466703 0.013851 0.020899
5 0.147454 0.505041 0.013851 0.020899
