6 0.582800 0.705770 0.834400 0.588460
5 0.997988 0.481054 0.004024 0.020899
5 0.997559 0.442284 0.004883 0.020899
5 0.896507 0.461958 0.013851 0.020899
5 0.910164 0.461257 0.013851 0.020899
5 0.924431 0.460871 0.013851 0.020899
5 0.939071 0.460142 0.013851 0.020899
5 0.946225 0.441387 0.013851 0.020899
5 0.931051 0.441012 0.013851 0.020899
5 0.916048 0.441599 0.013851 0.020899
5 0.932117 0.479600 0.013851 0.020899
5 0.881301 0.497702 0.013851 0.020899
5 0.889352 0.480017 0.013851 0.020899
5 0.866600 0.497470 0.013851 0.020899
5 0.874841 0.441530 0.013851 0.020899
5 0.522716 0.459273 0.013851 0.020899
5 0.536925 0.459282 0.013851 0.020899
5 0.551272 0.459014 0.013851 0.020899
5 0.565674 0.458877 0.013851 0.020899
5 0.529420 0.477491 0.013851 0.020899
5 0.572457 0.476858 0.013851 0.020899
5 0.557975 0.477114 0.013851 0.020899
5 0.587993 0.440659 0.013851 0.020899
5 0.572802 0.440796 0.013851 0.020899
5 0.558219 0.440827 0.013851 0.020899
5 0.551005 0.422204 0.013851 0.020899
5 0.529741 0.441151 0.013851 0.020899
5 0.509394 0.422696 0.013851 0.020899
5 0.550339 0.497296 0.013851 0.020899
5 0.515066 0.514569 0.013851 0.020899
5 0.429900 0.441649 0.013851 0.020899
5 0.444109 0.441099 0.013851 0.020899
5 0.458971 0.440831 0.013851 0.020899
5 0.436533 0.421929 0.013851 0.020899
5 0.408145 0.461026 0.013851 0.020899
5 0.422256 0.460328 0.013851 0.020899
5 0.428966 0.477621 0.013851 0.020899
5 0.436021 0.496205 0.013851 0.020899
5 0.443665 0.477526 0.013851 0.020899
5 0.465854 0.459414 0.013851 0.020899
5 0.466543 0.421860 0.013851 0.020899
5 0.313866 0.441957 0.013851 0.020899
5 0.328075 0.441967 0.013851 0.020899
5 0.320891 0.423835 0.013851 0.020899
5 0.299527 0.479249 0.013851 0.020899
5 0.306552 0.461126 0.013851 0.020899
5 0.278484 0.498340 0.013851 0.020899
5 0.285509 0.480218 0.013851 0.020899
5 0.299538 0.553002 0.013851 0.020899
5 0.284510 0.441678 0.013851 0.020899
5 0.270777 0.515943 0.013851 0.020899
5 0.328764 0.478477 0.013851 0.020899
5 0.343168 0.478088 0.013851 0.020899
5 0.365608 0.497819 0.013851 0.020899
5 0.514685 0.552948 0.013851 0.020899
5 0.507754 0.572833 0.013851 0.020899
5 0.910476 0.572038 0.013851 0.020899
5 0.902791 0.553309 0.013851 0.020899
5 0.939367 0.570720 0.013851 0.020899
5 0.946980 0.554064 0.013851 0.020899
5 0.853135 0.611419 0.013851 0.020899
5 0.845559 0.592196 0.013851 0.020899
5 0.837615 0.572759 0.013851 0.020899
5 0.788073 0.554140 0.013851 0.020899
5 0.998748 0.556647 0.002504 0.020899
5 0.758159 0.552934 0.013851 0.020899
5 0.659573 0.553416 0.013851 0.020899
5 0.650567 0.534117 0.013851 0.020899
5 0.616070 0.554714 0.013851 0.020899
5 0.630552 0.554458 0.013851 0.020899
5 0.337079 0.497284 0.013851 0.020899
5 0.379075 0.423175 0.013851 0.020899
5 0.760397 0.439985 0.013851 0.020899
