6 0.566604 0.692945 0.866793 0.614110
4 0.567156 0.503433 0.865688 0.245502
5 0.314867 0.533381 0.015467 0.022254
5 0.330492 0.532789 0.013573 0.020597
5 0.346196 0.533617 0.014047 0.019413
5 0.361742 0.533144 0.013573 0.019413
5 0.376973 0.534328 0.014994 0.021780
5 0.370107 0.513968 0.014520 0.019886
5 0.385101 0.515270 0.014836 0.021070
5 0.393071 0.535748 0.014047 0.020360
5 0.400410 0.516572 0.014836 0.021307
5 0.353299 0.514086 0.014678 0.022017
5 0.407670 0.537050 0.015467 0.020123
5 0.425742 0.537524 0.014678 0.023438
5 0.414852 0.516809 0.014678 0.021307
5 0.408775 0.495739 0.014836 0.019886
5 0.431660 0.517401 0.013573 0.022017
5 0.438605 0.537997 0.016098 0.022017
5 0.447759 0.518584 0.017045 0.023438
5 0.455177 0.538944 0.014205 0.022964
5 0.463936 0.518939 0.014362 0.022727
5 0.486269 0.537997 0.013889 0.021070
5 0.492030 0.518821 0.014047 0.020597
5 0.500710 0.539299 0.016256 0.024148
5 0.424716 0.578243 0.012942 0.021544
5 0.432449 0.557292 0.013573 0.020833
5 0.416193 0.557528 0.014520 0.021307
5 0.401121 0.557528 0.014994 0.023201
5 0.385496 0.556581 0.014678 0.024621
5 0.353851 0.556226 0.013889 0.022964
5 0.338936 0.555398 0.014047 0.023201
5 0.346670 0.577415 0.014678 0.022727
5 0.269097 0.572206 0.013889 0.018939
5 0.299558 0.574929 0.015152 0.022491
5 0.254814 0.614583 0.015309 0.024148
5 0.269729 0.615294 0.014836 0.021780
5 0.285906 0.615530 0.012784 0.022254
5 0.278093 0.593158 0.015152 0.022491
5 0.262153 0.592566 0.014205 0.021307
5 0.245818 0.591974 0.014994 0.021070
5 0.230271 0.591027 0.013889 0.022964
5 0.440262 0.577652 0.015625 0.021780
5 0.416588 0.598130 0.015941 0.022491
5 0.401752 0.597538 0.016572 0.023674
5 0.393308 0.576468 0.015467 0.023674
5 0.477588 0.558239 0.013258 0.022727
5 0.593750 0.539891 0.016730 0.024384
5 0.539852 0.520478 0.014994 0.021544
5 0.585780 0.519176 0.014047 0.020360
5 0.531013 0.498816 0.014994 0.022254
5 0.624369 0.500000 0.015152 0.022254
5 0.779593 0.461884 0.015309 0.022727
5 0.771938 0.482955 0.015467 0.022254
5 0.763652 0.463542 0.014362 0.021780
5 0.771701 0.442827 0.014678 0.020597
5 0.824811 0.460582 0.013889 0.021070
5 0.839410 0.502604 0.015625 0.022727
5 0.861742 0.480114 0.014520 0.023674
5 0.870581 0.500592 0.014205 0.022017
5 0.900963 0.502131 0.015941 0.023201
5 0.908065 0.478338 0.014362 0.022491
5 0.924321 0.478101 0.014994 0.024858
5 0.954388 0.476799 0.013889 0.021307
5 0.970092 0.479403 0.014994 0.025568
5 0.216698 0.631274 0.014205 0.020597
5 0.230508 0.633168 0.016256 0.022964
5 0.207465 0.609967 0.014994 0.022017
5 0.222538 0.609967 0.014205 0.019650
5 0.238952 0.653172 0.013889 0.021307
5 0.263179 0.634351 0.015625 0.022491
5 0.255761 0.655658 0.010574 0.016335
5 0.183633 0.670336 0.015309 0.021544
5 0.200915 0.671283 0.015783 0.021544
5 0.217014 0.671993 0.013889 0.020597
5 0.232086 0.671993 0.014994 0.022964
5 0.224747 0.694010 0.013889 0.022017
5 0.241004 0.694247 0.013889 0.020123
5 0.208728 0.652344 0.014678 0.021544
5 0.192629 0.652462 0.014994 0.021307
5 0.175268 0.650213 0.014047 0.019176
5 0.183870 0.630563 0.016414 0.023911
5 0.167219 0.629498 0.015309 0.020833
5 0.159249 0.610795 0.013889 0.021780
5 0.168876 0.670455 0.014836 0.021780
5 0.175347 0.691406 0.015783 0.021070
5 0.183870 0.711293 0.016098 0.023438
5 0.200521 0.712358 0.015941 0.019886
5 0.192945 0.730705 0.014678 0.022491
5 0.176452 0.731416 0.017045 0.022964
5 0.167298 0.710346 0.015783 0.022964
5 0.158144 0.730824 0.014205 0.020360
5 0.167298 0.750947 0.018308 0.024621
5 0.185054 0.751894 0.017835 0.024621
