6 0.270060 0.654474 0.540120 0.691051
5 0.374531 0.566264 0.014271 0.018838
5 0.343516 0.562839 0.014271 0.018838
5 0.353791 0.541719 0.013510 0.018838
5 0.337902 0.541719 0.013699 0.018838
5 0.328769 0.562268 0.013699 0.018838
5 0.341327 0.603653 0.012939 0.017696
5 0.349890 0.584957 0.013319 0.019124
5 0.356930 0.605651 0.012939 0.017696
5 0.381476 0.586529 0.012939 0.017696
5 0.387374 0.606795 0.012939 0.017696
5 0.396507 0.587528 0.012939 0.018554
5 0.403166 0.607081 0.012939 0.017696
5 0.410396 0.626203 0.012939 0.017696
5 0.393842 0.625916 0.012939 0.017696
5 0.417626 0.645611 0.012939 0.017696
5 0.433038 0.647038 0.012939 0.017696
5 0.424285 0.665589 0.012939 0.017696
5 0.415342 0.682715 0.012939 0.017696
5 0.431135 0.684427 0.012939 0.017696
5 0.398919 0.681754 0.012053 0.016901
5 0.391938 0.663307 0.012939 0.017696
5 0.375764 0.662737 0.012939 0.017696
5 0.369675 0.643615 0.012939 0.017696
5 0.384706 0.645043 0.012939 0.017696
5 0.382423 0.681861 0.012939 0.017696
5 0.367391 0.680720 0.012939 0.017696
5 0.352169 0.679863 0.012939 0.017696
5 0.337326 0.679292 0.012939 0.017696
5 0.363220 0.624517 0.012939 0.017696
5 0.348021 0.623338 0.012939 0.017696
5 0.318149 0.620980 0.012939 0.017696
5 0.311335 0.601328 0.012939 0.017696
5 0.290372 0.579318 0.012939 0.017696
5 0.305241 0.581330 0.011791 0.017294
5 0.293449 0.540059 0.012839 0.018080
5 0.301834 0.518833 0.012315 0.018866
5 0.362628 0.520405 0.012315 0.019652
5 0.377694 0.522176 0.013101 0.018473
5 0.412153 0.588011 0.012839 0.018080
5 0.396954 0.719882 0.012839 0.016901
5 0.413594 0.720864 0.013625 0.017294
5 0.420799 0.739927 0.012839 0.017687
5 0.411891 0.758795 0.012315 0.017687
5 0.402588 0.777464 0.012577 0.017294
5 0.379397 0.757420 0.012315 0.017294
5 0.388307 0.738551 0.013363 0.016508
5 0.380707 0.719096 0.011791 0.016901
5 0.373240 0.699640 0.011529 0.016508
5 0.438472 0.702900 0.012939 0.017696
5 0.430087 0.721766 0.012939 0.017696
5 0.446334 0.722159 0.012939 0.017696
5 0.454981 0.703686 0.012939 0.017696
5 0.456291 0.667133 0.012939 0.017696
5 0.448692 0.647874 0.012939 0.017696
5 0.421324 0.567573 0.012839 0.018080
5 0.459058 0.592337 0.012839 0.018080
5 0.474519 0.631643 0.012839 0.018080
5 0.490503 0.633215 0.012839 0.018080
5 0.497841 0.653260 0.012839 0.018080
5 0.475044 0.592337 0.012839 0.018080
5 0.460633 0.550279 0.012839 0.018080
5 0.467708 0.571503 0.012839 0.018080
5 0.483169 0.573861 0.012839 0.018080
5 0.507276 0.554602 0.012839 0.018080
5 0.393024 0.524337 0.012839 0.018080
5 0.359222 0.564429 0.012839 0.018080
5 0.394072 0.483852 0.012839 0.018080
5 0.409009 0.484245 0.012839 0.018080
5 0.424208 0.484638 0.012839 0.018080
5 0.455128 0.486210 0.012839 0.018080
5 0.446742 0.505862 0.012839 0.018080
5 0.438881 0.527086 0.012839 0.018080
5 0.453818 0.528265 0.012839 0.018080
5 0.429186 0.548310 0.012839 0.018080
5 0.398789 0.545166 0.012839 0.018080
5 0.405603 0.566390 0.012839 0.018080
5 0.450410 0.610024 0.012839 0.018080
5 0.484214 0.532588 0.012839 0.018080
5 0.491813 0.513722 0.012839 0.018080
5 0.308554 0.540147 0.013699 0.018838
5 0.296335 0.495530 0.012839 0.018080
5 0.281286 0.496458 0.012839 0.018080
5 0.265412 0.495840 0.012839 0.018080
5 0.271802 0.516558 0.012839 0.018080
5 0.256547 0.515630 0.012839 0.018080
5 0.275513 0.578402 0.012839 0.018080
5 0.261083 0.577784 0.012839 0.018080
5 0.267061 0.597884 0.012839 0.018080
5 0.252012 0.596955 0.012839 0.018080
5 0.242116 0.513774 0.012839 0.018080
5 0.227250 0.510191 0.013354 0.020479
5 0.242173 0.471089 0.013354 0.020478
5 0.288409 0.474142 0.014130 0.022389
5 0.280515 0.453307 0.012331 0.019091
5 0.273919 0.477590 0.012331 0.019091
5 0.257817 0.476054 0.012839 0.018080
5 0.304386 0.475455 0.012839 0.018080
5 0.326570 0.495241 0.012839 0.018080
5 0.312580 0.455968 0.012839 0.018080
5 0.343160 0.454470 0.012839 0.018080
5 0.332367 0.518925 0.012839 0.018080
5 0.263215 0.536913 0.012839 0.018080
5 0.247953 0.535116 0.012839 0.018080
5 0.239159 0.555201 0.012839 0.018080
5 0.245754 0.575888 0.012839 0.018080
5 0.230764 0.574988 0.012839 0.018080
5 0.215374 0.573490 0.012839 0.018080
5 0.223968 0.554003 0.012839 0.018080
5 0.208379 0.552505 0.012839 0.018080
5 0.200385 0.571091 0.012839 0.018080
5 0.191990 0.590279 0.012839 0.018080
5 0.202183 0.532119 0.012839 0.018080
5 0.206181 0.488949 0.012839 0.018080
5 0.199186 0.468563 0.012839 0.018080
5 0.213976 0.466465 0.012839 0.018080
5 0.236561 0.420897 0.012839 0.018080
5 0.206981 0.446380 0.012839 0.018080
5 0.219972 0.417900 0.012839 0.018080
5 0.177707 0.447464 0.011592 0.017389
5 0.168513 0.467251 0.012393 0.018589
5 0.175309 0.487938 0.012393 0.018589
5 0.181506 0.508625 0.012393 0.018589
5 0.187073 0.529601 0.013524 0.021202
5 0.179236 0.548783 0.012839 0.018080
5 0.163938 0.547145 0.012839 0.018080
5 0.273982 0.617824 0.012839 0.018080
5 0.258387 0.615805 0.012839 0.018080
5 0.279992 0.637221 0.012839 0.018080
5 0.288551 0.619190 0.012839 0.018080
5 0.232655 0.533478 0.012839 0.018080
5 0.184394 0.468189 0.012839 0.018080
5 0.142448 0.525291 0.012839 0.018080
5 0.126968 0.523925 0.012839 0.018080
5 0.133524 0.544413 0.012839 0.018080
5 0.118774 0.542500 0.012839 0.018080
5 0.119866 0.503165 0.012839 0.018080
5 0.135346 0.504804 0.012839 0.018080
5 0.151007 0.505897 0.012839 0.018080
5 0.157382 0.526385 0.012839 0.018080
5 0.159749 0.486229 0.012839 0.018080
5 0.152920 0.465878 0.012658 0.018352
5 0.145818 0.444025 0.012658 0.018352
5 0.137623 0.464240 0.012658 0.018352
5 0.122143 0.463693 0.012658 0.018352
5 0.129792 0.443752 0.012658 0.018352
5 0.137623 0.422992 0.012658 0.018352
5 0.130156 0.402232 0.012658 0.018352
5 0.170769 0.427637 0.012658 0.018352
5 0.106845 0.460961 0.011566 0.015620
5 0.113674 0.482952 0.011747 0.017533
5 0.128973 0.484318 0.011747 0.017533
5 0.103346 0.540876 0.012839 0.018080
5 0.087648 0.539659 0.012839 0.018080
5 0.073575 0.538442 0.012839 0.018080
5 0.096310 0.521392 0.012839 0.018080
5 0.112008 0.521392 0.012839 0.018080
5 0.104970 0.501499 0.012839 0.018080
5 0.090084 0.499875 0.012839 0.018080
5 0.140025 0.564297 0.012839 0.018080
5 0.074927 0.498658 0.012839 0.018080
5 0.058417 0.536821 0.012839 0.018080
5 0.083859 0.478764 0.012839 0.018080
5 0.099015 0.480793 0.012839 0.018080
5 0.092790 0.458464 0.012839 0.018080
5 0.077634 0.455623 0.012839 0.018080
5 0.062748 0.453594 0.012839 0.018080
5 0.047320 0.453999 0.012839 0.018080
5 0.045155 0.495814 0.012839 0.018080
5 0.038389 0.475109 0.012839 0.018080
5 0.053816 0.475921 0.012839 0.018080
5 0.051651 0.517332 0.012839 0.018080
5 0.036495 0.514896 0.012839 0.018080
5 0.021068 0.513677 0.012839 0.018080
5 0.029730 0.494595 0.012839 0.018080
5 0.014574 0.493378 0.012839 0.018080
5 0.023235 0.473892 0.012839 0.018080
5 0.032438 0.454406 0.012839 0.018080
5 0.040017 0.434107 0.012839 0.018080
5 0.025402 0.432891 0.012839 0.018080
5 0.016741 0.453189 0.012839 0.018080
5 0.004002 0.452784 0.008004 0.018080
5 0.008351 0.473082 0.012839 0.018080
5 0.006168 0.512057 0.012335 0.018080
5 0.002108 0.531139 0.004216 0.018080
5 0.009705 0.431267 0.012839 0.018080
5 0.034064 0.413404 0.012839 0.018080
5 0.055717 0.431267 0.012839 0.018080
5 0.018908 0.410968 0.012839 0.018080
5 0.005221 0.408532 0.010441 0.018080
5 0.001566 0.388639 0.003132 0.018080
5 0.013223 0.390263 0.012839 0.018080
5 0.316097 0.658790 0.012939 0.017696
5 0.314331 0.695885 0.012939 0.017696
5 0.319631 0.752287 0.012939 0.017696
5 0.335276 0.715947 0.012939 0.017696
5 0.434400 0.779318 0.012315 0.017687
5 0.444110 0.760450 0.012315 0.017687
5 0.427779 0.759126 0.012315 0.017687
5 0.459779 0.760779 0.012315 0.017687
5 0.476110 0.761113 0.012315 0.017687
5 0.450731 0.779321 0.012315 0.017687
