6 0.313616 0.619612 0.627231 0.760776
4 0.235315 0.393596 0.470630 0.254737
5 0.002701 0.508411 0.005402 0.022377
5 0.006995 0.488781 0.013990 0.022377
5 0.007069 0.528823 0.014138 0.022377
5 0.002973 0.550036 0.005945 0.022377
5 0.014983 0.549118 0.015136 0.022377
5 0.023511 0.526094 0.015136 0.022377
5 0.031015 0.549118 0.015136 0.022377
5 0.047842 0.549971 0.015136 0.022377
5 0.056080 0.527962 0.015136 0.022377
5 0.039252 0.527110 0.015136 0.022377
5 0.080147 0.506533 0.015136 0.022377
5 0.064478 0.506452 0.015136 0.022377
5 0.096879 0.507884 0.015136 0.022377
5 0.112439 0.507270 0.015136 0.022377
5 0.127557 0.508709 0.015136 0.022377
5 0.143956 0.509965 0.015136 0.022377
5 0.159470 0.509499 0.015136 0.022377
5 0.175159 0.508955 0.015136 0.022377
5 0.198962 0.531153 0.015136 0.022377
5 0.135414 0.529934 0.015136 0.022377
5 0.120061 0.529928 0.015136 0.022377
5 0.103950 0.528731 0.015136 0.022377
5 0.167241 0.530145 0.015136 0.022377
5 0.215251 0.530456 0.015136 0.022377
5 0.151566 0.530131 0.015136 0.022377
5 0.030205 0.338972 0.015136 0.022377
5 0.013915 0.335402 0.015136 0.022377
5 0.047479 0.340905 0.015136 0.022377
5 0.064745 0.338895 0.015136 0.022377
5 0.081336 0.339287 0.015136 0.022377
5 0.073969 0.317770 0.015136 0.022377
5 0.056216 0.319006 0.015136 0.022377
5 0.137623 0.318036 0.015136 0.022377
5 0.241162 0.510436 0.015136 0.022377
5 0.224176 0.509644 0.015136 0.022377
5 0.207852 0.509016 0.015136 0.022377
5 0.191291 0.509583 0.015136 0.022377
5 0.184081 0.488197 0.015136 0.022377
5 0.201291 0.488602 0.015136 0.022377
5 0.249476 0.490733 0.015136 0.022377
5 0.233330 0.490081 0.015136 0.022377
5 0.143268 0.550802 0.015136 0.022377
5 0.127914 0.550795 0.015136 0.022377
5 0.159420 0.550999 0.015136 0.022377
5 0.175094 0.551013 0.015136 0.022377
5 0.096336 0.551035 0.015136 0.022377
5 0.079508 0.550182 0.015136 0.022377
5 0.063977 0.549572 0.015136 0.022377
5 0.055378 0.570982 0.015136 0.022377
5 0.071513 0.570583 0.015136 0.022377
5 0.087044 0.571193 0.015136 0.022377
5 0.103872 0.572046 0.015136 0.022377
5 0.111557 0.550937 0.015136 0.022377
5 0.119892 0.571523 0.015136 0.022377
5 0.135112 0.571426 0.015136 0.022377
5 0.151470 0.571283 0.015136 0.022377
5 0.166823 0.571290 0.015136 0.022377
5 0.182896 0.572799 0.015136 0.022377
5 0.190861 0.551829 0.015136 0.022377
5 0.182674 0.530369 0.015136 0.022377
5 0.207154 0.552187 0.015136 0.022377
5 0.280073 0.531629 0.015136 0.022377
5 0.263504 0.532746 0.015136 0.022377
5 0.305663 0.509030 0.015136 0.022377
5 0.231317 0.531179 0.015136 0.022377
5 0.239298 0.553068 0.015136 0.022377
5 0.223166 0.552440 0.015136 0.022377
5 0.254927 0.552921 0.015136 0.022377
5 0.271251 0.553549 0.015136 0.022377
5 0.278914 0.573637 0.015136 0.022377
5 0.230809 0.573274 0.015136 0.022377
5 0.214798 0.573021 0.015136 0.022377
5 0.246941 0.573902 0.015136 0.022377
5 0.312814 0.530968 0.015136 0.022377
5 0.296781 0.531108 0.015136 0.022377
5 0.289071 0.510289 0.015136 0.022377
5 0.282266 0.489035 0.015136 0.022377
5 0.298019 0.488476 0.015136 0.022377
5 0.265673 0.491552 0.015136 0.022377
5 0.345196 0.530125 0.015136 0.022377
5 0.361557 0.531296 0.015136 0.022377
5 0.369754 0.510313 0.015136 0.022377
5 0.378169 0.489165 0.015136 0.022377
5 0.336494 0.551729 0.015136 0.022377
5 0.303788 0.552404 0.015136 0.022377
5 0.321775 0.509585 0.015136 0.022377
5 0.337966 0.509432 0.015136 0.022377
5 0.377377 0.531784 0.015136 0.022377
5 0.392546 0.572904 0.015136 0.022377
5 0.351664 0.593012 0.015136 0.022377
5 0.046255 0.592131 0.015136 0.022377
5 0.062924 0.592061 0.015136 0.022377
5 0.078849 0.591934 0.015136 0.022377
5 0.006775 0.570036 0.013550 0.022377
5 0.022014 0.570036 0.015136 0.022377
5 0.039222 0.570889 0.015136 0.022377
5 0.014027 0.591334 0.015136 0.022377
5 0.002655 0.592665 0.005310 0.022377
5 0.030381 0.591144 0.015136 0.022377
5 0.006712 0.613583 0.013424 0.022377
5 0.022141 0.612252 0.015136 0.022377
5 0.054368 0.613049 0.015136 0.022377
5 0.071038 0.612979 0.015136 0.022377
5 0.086962 0.612852 0.015136 0.022377
5 0.038621 0.612632 0.015136 0.022377
5 0.102850 0.612689 0.015136 0.022377
5 0.174440 0.592183 0.015136 0.022377
5 0.159087 0.592177 0.015136 0.022377
5 0.142730 0.592319 0.015136 0.022377
5 0.111489 0.592939 0.015136 0.022377
5 0.094661 0.592086 0.015136 0.022377
5 0.198242 0.613963 0.015136 0.022377
5 0.119215 0.613832 0.015136 0.022377
5 0.150456 0.613702 0.015136 0.022377
5 0.166813 0.613560 0.015136 0.022377
5 0.182167 0.613566 0.015136 0.022377
5 0.474187 0.447190 0.015136 0.022377
5 0.441698 0.446223 0.015136 0.022377
5 0.458367 0.446703 0.015136 0.022377
5 0.450991 0.424805 0.015136 0.022377
5 0.384753 0.552990 0.015136 0.022377
5 0.368933 0.552502 0.015136 0.022377
5 0.352572 0.551330 0.015136 0.022377
5 0.311021 0.615353 0.015136 0.022377
5 0.327098 0.614955 0.015136 0.022377
5 0.319289 0.594622 0.015136 0.022377
5 0.311351 0.572940 0.015136 0.022377
5 0.303082 0.594027 0.015136 0.022377
5 0.270500 0.594560 0.015136 0.022377
5 0.286707 0.594570 0.015136 0.022377
5 0.360395 0.572512 0.015136 0.022377
5 0.344058 0.572708 0.015136 0.022377
5 0.409448 0.531140 0.015136 0.022377
5 0.425300 0.489364 0.015136 0.022377
5 0.441968 0.489844 0.015136 0.022377
5 0.237675 0.635366 0.015136 0.022377
5 0.253951 0.635481 0.015136 0.022377
5 0.269842 0.635872 0.015136 0.022377
5 0.246331 0.614802 0.015136 0.022377
5 0.230259 0.614075 0.015136 0.022377
5 0.214118 0.614698 0.015136 0.022377
5 0.206428 0.635065 0.015136 0.022377
5 0.261433 0.656679 0.015136 0.022377
5 0.277323 0.657071 0.015136 0.022377
5 0.293673 0.656967 0.015136 0.022377
5 0.286191 0.635768 0.015136 0.022377
