6 0.586490 0.670336 0.827020 0.659328
4 0.643150 0.462358 0.577652 0.225852
5 0.998501 0.397609 0.002999 0.022964
5 0.995107 0.375237 0.009785 0.022727
5 0.991644 0.354041 0.015783 0.019176
5 0.989439 0.395137 0.014205 0.020360
5 0.994634 0.415943 0.010732 0.018466
5 0.982326 0.416528 0.013938 0.020597
5 0.988636 0.436908 0.013258 0.020123
5 0.994397 0.456558 0.011206 0.016335
5 0.998343 0.476918 0.003314 0.019650
5 0.994713 0.496212 0.010574 0.018466
5 0.998027 0.516572 0.003946 0.022254
5 0.988952 0.515862 0.015783 0.022727
5 0.973708 0.515757 0.013415 0.018703
5 0.981613 0.495975 0.013731 0.020833
5 0.966320 0.496090 0.013731 0.019650
5 0.958984 0.476089 0.014205 0.018939
5 0.951638 0.495742 0.013731 0.020360
5 0.966777 0.456795 0.014362 0.018703
5 0.951389 0.456558 0.014836 0.021544
5 0.973643 0.477509 0.014520 0.019413
5 0.988952 0.476563 0.013889 0.019886
5 0.959438 0.437027 0.013889 0.019886
5 0.952336 0.416548 0.013573 0.019650
5 0.998422 0.438329 0.003157 0.020123
5 0.944839 0.436316 0.012153 0.017519
5 0.930477 0.436435 0.014678 0.020597
5 0.937263 0.415838 0.014362 0.020597
5 0.929994 0.395489 0.015309 0.020123
5 0.908223 0.375237 0.014678 0.022254
5 0.981130 0.454901 0.012468 0.018229
5 0.944287 0.476681 0.013258 0.018703
5 0.930398 0.474787 0.014520 0.020123
5 0.975382 0.395966 0.013904 0.020597
5 0.937816 0.495147 0.013889 0.019176
5 0.922822 0.494555 0.013889 0.019413
5 0.944444 0.517045 0.013889 0.020360
5 0.930161 0.515743 0.015625 0.023911
5 0.958804 0.516568 0.015467 0.023201
5 0.915282 0.515624 0.014580 0.022350
5 0.886679 0.475616 0.011364 0.016098
5 0.893068 0.495975 0.014052 0.020360
5 0.879025 0.493371 0.012784 0.016572
5 0.894176 0.489228 0.008049 0.004498
5 0.901422 0.514537 0.014047 0.022099
5 0.886206 0.514441 0.013573 0.018939
5 0.871291 0.513613 0.014678 0.019650
5 0.864193 0.534826 0.014047 0.021780
5 0.849590 0.533854 0.013889 0.020360
5 0.893102 0.534568 0.013759 0.020360
5 0.834754 0.533381 0.013573 0.020360
5 0.827024 0.553355 0.013896 0.020428
5 0.818024 0.534564 0.015467 0.017992
5 0.812500 0.553859 0.013889 0.020123
5 0.767992 0.553504 0.012626 0.017045
5 0.746528 0.534683 0.014520 0.021070
5 0.856218 0.555398 0.013889 0.019886
5 0.841698 0.554096 0.015152 0.019650
5 0.753630 0.553504 0.013573 0.018466
5 0.871054 0.555990 0.014520 0.022017
5 0.678741 0.551610 0.014678 0.018466
5 0.663589 0.551610 0.013415 0.018939
5 0.648797 0.551136 0.015152 0.019886
5 0.656250 0.571023 0.013573 0.019886
5 0.669981 0.570904 0.014205 0.020123
5 0.686158 0.570431 0.014047 0.019650
5 0.692708 0.591738 0.014520 0.021544
5 0.707544 0.591264 0.013889 0.020597
5 0.723134 0.591777 0.014678 0.020597
5 0.760101 0.573390 0.014836 0.022727
5 0.774822 0.573390 0.014836 0.021307
5 0.804609 0.573153 0.014836 0.021780
5 0.833991 0.573403 0.014520 0.021780
5 0.731455 0.573390 0.014047 0.016572
5 0.715672 0.573179 0.014047 0.017045
5 0.678012 0.590567 0.013415 0.020597
5 0.663536 0.591054 0.014836 0.020123
5 0.648709 0.591027 0.014205 0.021070
5 0.626480 0.571180 0.013153 0.020123
5 0.611979 0.569602 0.014994 0.020360
5 0.618722 0.551754 0.013889 0.018703
5 0.634626 0.591165 0.012749 0.018634
5 0.641491 0.571058 0.012749 0.018634
5 0.619424 0.590919 0.012749 0.018634
5 0.604875 0.590182 0.012749 0.018634
5 0.575453 0.587730 0.012749 0.018634
5 0.589347 0.588466 0.012749 0.018634
5 0.560904 0.589446 0.012749 0.018634
5 0.568750 0.568606 0.012749 0.018634
5 0.546356 0.589202 0.012749 0.018634
5 0.531318 0.588712 0.013403 0.019614
5 0.538978 0.610398 0.014520 0.020123
5 0.685369 0.610795 0.014047 0.019413
5 0.700295 0.611041 0.013258 0.022727
5 0.671086 0.611742 0.014520 0.021307
5 0.597112 0.610313 0.013567 0.020360
5 0.502052 0.588778 0.014205 0.021307
5 0.494634 0.568892 0.015152 0.020360
5 0.487295 0.589252 0.014678 0.020833
5 0.480035 0.566998 0.012784 0.018466
5 0.472617 0.549361 0.013100 0.019176
5 0.516600 0.586876 0.013573 0.017519
5 0.457781 0.547585 0.013731 0.019886
5 0.465436 0.568182 0.014205 0.021780
5 0.450763 0.568343 0.014205 0.020597
5 0.435629 0.568452 0.013573 0.022254
5 0.420928 0.566643 0.013573 0.020123
5 0.405382 0.566880 0.015309 0.019650
5 0.390941 0.566880 0.012311 0.020597
5 0.399227 0.587240 0.013415 0.019650
5 0.413807 0.586377 0.014798 0.022659
5 0.443638 0.589227 0.015152 0.020833
5 0.472696 0.589015 0.014520 0.021780
5 0.398674 0.547704 0.012942 0.018229
5 0.413431 0.547467 0.013731 0.020597
5 0.428425 0.547940 0.013731 0.020597
5 0.442945 0.547585 0.013100 0.020833
5 0.421323 0.528883 0.014047 0.017045
5 0.375868 0.528764 0.013731 0.018703
5 0.383416 0.548067 0.015309 0.021307
5 0.354640 0.548059 0.014520 0.020360
5 0.340041 0.547704 0.013100 0.019650
5 0.325453 0.548405 0.013573 0.020597
5 0.347854 0.527936 0.013889 0.019413
5 0.332410 0.528866 0.013350 0.019886
5 0.361427 0.566643 0.013889 0.019650
5 0.312658 0.470289 0.015152 0.019176
5 0.319304 0.451730 0.013258 0.022727
5 0.340909 0.470999 0.012311 0.019650
5 0.349826 0.450047 0.014362 0.020833
5 0.364583 0.451231 0.013889 0.019413
5 0.355982 0.430398 0.012784 0.018939
5 0.341383 0.430398 0.013573 0.019413
5 0.326626 0.431581 0.013415 0.019413
5 0.318971 0.411813 0.013889 0.022964
5 0.312105 0.431818 0.014362 0.020360
5 0.319540 0.489820 0.014362 0.022254
5 0.312105 0.509588 0.014994 0.020597
5 0.326091 0.510062 0.014218 0.020123
5 0.348586 0.490776 0.013415 0.019886
5 0.340200 0.509407 0.012155 0.017868
5 0.355035 0.508996 0.013100 0.020833
5 0.369555 0.510495 0.014047 0.018144
5 0.282150 0.547029 0.013503 0.021577
5 0.288984 0.567235 0.014520 0.020360
5 0.267203 0.585819 0.015152 0.021070
5 0.281688 0.585402 0.013362 0.020351
5 0.296480 0.586174 0.014994 0.021780
5 0.252446 0.584728 0.014994 0.021780
5 0.289456 0.527493 0.014839 0.021245
5 0.290009 0.490057 0.014678 0.020833
5 0.297764 0.470526 0.013148 0.019650
5 0.259429 0.565443 0.014286 0.021038
5 0.752999 0.592448 0.013889 0.021070
5 0.738321 0.592566 0.014205 0.019413
5 0.745670 0.573018 0.012942 0.020123
5 0.730587 0.612098 0.015467 0.022017
5 0.745770 0.612926 0.013573 0.020360
5 0.878235 0.535748 0.013100 0.019413
5 0.885417 0.555279 0.014520 0.020597
5 0.908381 0.535511 0.013731 0.020360
5 0.922348 0.536340 0.014836 0.022491
5 0.368056 0.585938 0.012626 0.018939
5 0.390409 0.529303 0.012942 0.018703
5 0.405303 0.529830 0.013889 0.017519
5 0.450047 0.530658 0.013100 0.016335
