5 0.967487 0.381747 0.015152 0.021544
5 0.912326 0.360677 0.013731 0.019650
5 0.897727 0.361742 0.013889 0.019886
5 0.859296 0.383996 0.013415 0.020833
5 0.837279 0.362098 0.014520 0.023438
5 0.807055 0.362453 0.013415 0.024148
5 0.753393 0.389796 0.014362 0.024384
5 0.745977 0.411813 0.013100 0.022964
5 0.738794 0.388494 0.013258 0.021307
5 0.740451 0.343277 0.014047 0.021307
5 0.754104 0.344579 0.014520 0.020597
5 0.768150 0.344934 0.015467 0.018939
5 0.691130 0.346591 0.014520 0.018466
5 0.668008 0.365885 0.013731 0.022017
5 0.646465 0.343868 0.018308 0.021544
5 0.629498 0.343868 0.015309 0.022017
5 0.615767 0.391572 0.013100 0.020833
5 0.592961 0.372396 0.014520 0.022254
5 0.607876 0.370384 0.012784 0.021544
5 0.599747 0.352275 0.015152 0.026042
5 0.479009 0.392401 0.013573 0.020597
5 0.471354 0.415838 0.013415 0.022017
5 0.463778 0.393703 0.015625 0.022254
5 0.449574 0.394886 0.016256 0.021780
5 0.440975 0.374645 0.013889 0.020123
5 0.434265 0.394768 0.013415 0.018229
5 0.418245 0.392519 0.014836 0.022727
5 0.388258 0.437973 0.013573 0.023201
5 0.380524 0.416075 0.015467 0.020597
5 0.365451 0.375000 0.013731 0.023674
5 0.411064 0.372988 0.013415 0.020123
5 0.396149 0.373106 0.015783 0.024148
5 0.403961 0.353456 0.013731 0.017045
5 0.500158 0.373461 0.016098 0.022964
5 0.485401 0.416903 0.013731 0.022254
5 0.321259 0.458807 0.014047 0.021780
5 0.337437 0.459280 0.013573 0.020833
5 0.351168 0.459280 0.012942 0.019413
5 0.366083 0.416075 0.013100 0.022964
5 0.350142 0.375592 0.014678 0.020597
5 0.373501 0.350971 0.014362 0.022017
5 0.312342 0.354522 0.015783 0.020597
5 0.245265 0.415956 0.013573 0.019886
5 0.238040 0.436715 0.012153 0.017756
5 0.235874 0.397017 0.013415 0.018466
5 0.291332 0.456977 0.012644 0.018063
5 0.298857 0.477749 0.012644 0.018063
5 0.291332 0.498520 0.012644 0.018063
5 0.283505 0.518388 0.012644 0.018063
5 0.283505 0.518388 0.012644 0.018063
5 0.298859 0.519742 0.012644 0.018063
5 0.314212 0.520644 0.012644 0.018063
5 0.313008 0.478648 0.012644 0.018063
5 0.328362 0.479550 0.012644 0.018063
5 0.314211 0.437109 0.012644 0.018063
5 0.373816 0.438011 0.012644 0.018063
5 0.254003 0.475942 0.012644 0.018063
5 0.245273 0.495360 0.012644 0.018063
5 0.252798 0.516132 0.012644 0.018063
5 0.236843 0.513873 0.012644 0.018063
5 0.261528 0.455623 0.012644 0.018063
5 0.276278 0.456075 0.012644 0.018063
5 0.269354 0.435755 0.012644 0.018063
5 0.276278 0.416338 0.012644 0.018063
5 0.253701 0.435755 0.012644 0.018063
5 0.246476 0.455623 0.012644 0.018063
5 0.238348 0.475490 0.012644 0.018063
5 0.205384 0.472782 0.013546 0.018063
5 0.289223 0.376148 0.012644 0.018063
5 0.296449 0.356731 0.012644 0.018063
5 0.448775 0.437786 0.013848 0.020322
5 0.471053 0.371856 0.013245 0.019418
5 0.537721 0.345881 0.016730 0.021780
5 0.553030 0.344105 0.014205 0.024384
5 0.576468 0.368608 0.015625 0.024148
5 0.569681 0.344579 0.016572 0.021070
5 0.433318 0.437973 0.011837 0.019413
6 0.565025 0.651989 0.869949 0.696023
