5 0.484588 0.474313 0.015309 0.022017
5 0.500316 0.474905 0.014836 0.022254
5 0.514757 0.474669 0.014678 0.022254
5 0.530111 0.476326 0.014994 0.022727
5 0.522648 0.455019 0.014678 0.019413
5 0.508228 0.453259 0.012626 0.018939
5 0.461648 0.451113 0.016730 0.022017
5 0.453125 0.428859 0.015152 0.019650
5 0.413668 0.430398 0.015467 0.021307
5 0.376657 0.428977 0.014047 0.019886
5 0.343513 0.431700 0.014047 0.020123
5 0.335302 0.450879 0.014678 0.017992
5 0.343470 0.468987 0.015941 0.019413
5 0.350694 0.451941 0.014205 0.018939
5 0.368056 0.450047 0.014836 0.017992
5 0.374763 0.468040 0.014362 0.020833
5 0.305082 0.489228 0.014836 0.021070
5 0.320703 0.487926 0.015467 0.018466
5 0.291272 0.533381 0.014994 0.021307
5 0.267598 0.550545 0.014678 0.023911
5 0.283854 0.552083 0.014047 0.020360
5 0.275016 0.529356 0.014047 0.018939
5 0.258917 0.528291 0.015309 0.019176
5 0.281487 0.508523 0.014047 0.019886
5 0.265467 0.506392 0.014205 0.018939
5 0.277225 0.464489 0.015309 0.018466
5 0.264362 0.439039 0.015152 0.018703
5 0.298374 0.511127 0.017203 0.019886
5 0.307055 0.533262 0.014362 0.022017
5 0.300189 0.555990 0.016730 0.021544
5 0.316525 0.557173 0.013731 0.021070
5 0.338461 0.535748 0.014205 0.021780
5 0.354167 0.537287 0.014205 0.022017
5 0.360322 0.513494 0.014836 0.021780
5 0.375631 0.514678 0.013573 0.023674
5 0.391414 0.514205 0.015467 0.023674
5 0.406881 0.515980 0.015783 0.023438
5 0.413510 0.493134 0.014520 0.021780
5 0.258838 0.569010 0.015152 0.019176
5 0.268308 0.590317 0.014205 0.019650
5 0.251578 0.589252 0.016098 0.018466
5 0.243173 0.607539 0.016888 0.022254
5 0.260176 0.609077 0.015941 0.019650
5 0.251576 0.628375 0.015941 0.019176
5 0.260338 0.649976 0.014678 0.022017
5 0.226484 0.643351 0.015467 0.023674
5 0.219145 0.625237 0.014047 0.018466
5 0.210622 0.644650 0.014362 0.021307
5 0.226562 0.604877 0.015941 0.020833
5 0.209833 0.605232 0.012784 0.021544
5 0.250789 0.548651 0.016098 0.020597
5 0.429609 0.494437 0.014520 0.020597
5 0.445312 0.495384 0.014362 0.021070
5 0.461411 0.497869 0.014678 0.020833
5 0.468908 0.472064 0.012942 0.019413
5 0.421086 0.473373 0.012626 0.018703
5 0.491398 0.497869 0.013415 0.022254
5 0.506313 0.497869 0.015152 0.022727
5 0.545060 0.473958 0.014047 0.022727
5 0.559738 0.472893 0.013415 0.022491
5 0.551452 0.450284 0.013573 0.021307
5 0.537642 0.453007 0.014362 0.019650
5 0.584122 0.450758 0.014520 0.023201
5 0.597775 0.454782 0.014678 0.021307
5 0.613163 0.454901 0.012942 0.021070
5 0.620186 0.475734 0.013731 0.021070
5 0.627131 0.453598 0.013415 0.018466
5 0.611742 0.432055 0.013573 0.021307
5 0.635338 0.472775 0.013731 0.020360
5 0.650410 0.471117 0.013889 0.019886
5 0.664852 0.471591 0.013415 0.020833
5 0.657986 0.493016 0.013889 0.021070
5 0.657828 0.447917 0.012311 0.017519
5 0.679688 0.470526 0.013100 0.019176
5 0.695312 0.470052 0.015625 0.021544
5 0.686553 0.449455 0.013258 0.018703
5 0.671323 0.451941 0.014047 0.018466
5 0.648516 0.430398 0.015467 0.017519
5 0.709596 0.471828 0.013258 0.020360
5 0.726089 0.471117 0.013100 0.020360
5 0.665799 0.514796 0.016256 0.022964
5 0.650726 0.514560 0.015152 0.021544
5 0.741673 0.468219 0.014205 0.020833
5 0.770044 0.471354 0.014520 0.020360
5 0.755603 0.470289 0.013731 0.018703
5 0.787484 0.472183 0.015941 0.019650
5 0.762626 0.492661 0.015152 0.023674
5 0.779040 0.491122 0.014520 0.019650
5 0.796402 0.491832 0.014520 0.020597
5 0.803504 0.470644 0.013573 0.020833
5 0.793245 0.453717 0.015152 0.019650
5 0.810448 0.490294 0.013573 0.020360
5 0.819287 0.466619 0.013889 0.020360
5 0.831676 0.466383 0.013100 0.019886
5 0.846275 0.468868 0.015152 0.024384
5 0.838542 0.442353 0.013889 0.020597
5 0.823311 0.444129 0.014678 0.023201
5 0.785946 0.514323 0.017045 0.023911
5 0.824811 0.489110 0.013258 0.020360
5 0.861900 0.470407 0.014205 0.025095
5 0.877841 0.470644 0.014836 0.026042
5 0.891967 0.467566 0.013415 0.022254
5 0.885811 0.444721 0.013415 0.021070
5 0.869792 0.444602 0.016098 0.023674
5 0.854324 0.441761 0.013889 0.018939
5 0.913037 0.490530 0.014520 0.025095
5 0.907355 0.466027 0.013573 0.017282
5 0.915636 0.445847 0.014678 0.020597
5 0.922071 0.466027 0.015467 0.021070
5 0.935920 0.470820 0.012784 0.019650
5 0.948627 0.470644 0.013415 0.020360
5 0.949732 0.444602 0.014994 0.018466
5 0.977509 0.466383 0.016256 0.022727
5 0.955571 0.492543 0.015625 0.022964
5 0.992898 0.466383 0.014205 0.022254
5 0.995975 0.442353 0.008049 0.018703
5 0.967566 0.441880 0.014362 0.017282
5 0.983744 0.443300 0.012942 0.013968
5 0.985874 0.489938 0.013100 0.020597
5 0.971591 0.489465 0.012626 0.021070
5 0.216176 0.582769 0.014362 0.019886
5 0.242740 0.567353 0.015783 0.022017
5 0.234059 0.547112 0.015152 0.018466
5 0.288273 0.487689 0.015309 0.018939
5 0.243687 0.647372 0.015467 0.020123
6 0.586253 0.704427 0.827494 0.591146
