6 0.589962 0.650687 0.820076 0.698627
4 0.381313 0.394176 0.105429 0.108428
4 0.250237 0.366004 0.008681 0.011837
4 0.269807 0.366359 0.029830 0.026752
4 0.472222 0.439039 0.030619 0.027225
4 0.519678 0.417474 0.016630 0.024946
4 0.511824 0.441726 0.016630 0.024946
4 0.481222 0.395649 0.016398 0.025637
4 0.496927 0.373823 0.030718 0.025637
4 0.551319 0.374860 0.016630 0.026330
4 0.575226 0.398939 0.015475 0.024598
4 0.605597 0.400152 0.015245 0.022867
4 0.643245 0.354766 0.030488 0.026330
4 0.740372 0.386127 0.084280 0.070549
4 0.829545 0.386955 0.042298 0.026752
4 0.943734 0.384351 0.103693 0.072206
5 0.292771 0.436553 0.014205 0.018939
5 0.300032 0.456795 0.014836 0.022491
5 0.315735 0.457623 0.014362 0.021307
5 0.324732 0.437263 0.015309 0.023201
5 0.293245 0.394768 0.014520 0.021070
5 0.301531 0.373106 0.018782 0.024621
5 0.285590 0.371686 0.014362 0.021780
5 0.293324 0.352628 0.014362 0.019176
5 0.316051 0.371686 0.014362 0.021307
5 0.276673 0.392874 0.016098 0.022017
5 0.268782 0.414418 0.013889 0.020123
5 0.285196 0.415838 0.013573 0.020123
5 0.277146 0.435251 0.016098 0.020123
5 0.244160 0.432173 0.015783 0.022964
5 0.268387 0.453717 0.015625 0.020597
5 0.284722 0.455729 0.013889 0.023201
5 0.284170 0.497159 0.014047 0.022727
5 0.291272 0.476918 0.014678 0.021544
5 0.252289 0.495620 0.016256 0.022491
5 0.250631 0.452533 0.015152 0.019650
5 0.259943 0.475616 0.013889 0.020360
5 0.219111 0.532434 0.016008 0.019886
5 0.202257 0.485914 0.013731 0.020123
5 0.355903 0.438210 0.015152 0.020833
5 0.341540 0.482718 0.015783 0.020833
5 0.299164 0.500947 0.014047 0.022254
5 0.267519 0.495620 0.015152 0.022964
5 0.260259 0.518348 0.016414 0.022964
5 0.243213 0.515507 0.016414 0.023438
5 0.234848 0.536103 0.014205 0.019650
5 0.226326 0.512666 0.015467 0.021070
5 0.277541 0.349077 0.014994 0.018229
5 0.450758 0.395715 0.014520 0.022491
5 0.457386 0.416430 0.015152 0.022727
5 0.473643 0.419034 0.014205 0.022254
5 0.442708 0.418600 0.015941 0.022727
5 0.420849 0.394531 0.016256 0.022491
5 0.428267 0.372514 0.015309 0.021070
5 0.444287 0.375355 0.015467 0.024858
5 0.457465 0.373816 0.014047 0.023201
5 0.473801 0.373106 0.013573 0.020360
5 0.481692 0.352154 0.017045 0.021070
5 0.466540 0.351918 0.015152 0.022491
5 0.473722 0.331203 0.012468 0.020360
5 0.451231 0.352391 0.014520 0.022017
5 0.458807 0.331203 0.013573 0.019413
5 0.443024 0.331439 0.014836 0.020833
5 0.451152 0.312263 0.014047 0.018939
5 0.427241 0.328598 0.013889 0.021307
5 0.433791 0.310961 0.015309 0.016809
5 0.420218 0.350734 0.014678 0.021544
5 0.434580 0.351681 0.016888 0.022964
5 0.404040 0.351207 0.014205 0.021070
5 0.496686 0.352628 0.015152 0.020597
5 0.511995 0.352865 0.015467 0.022017
5 0.527304 0.352154 0.014205 0.022491
5 0.535590 0.331321 0.014362 0.020597
5 0.552715 0.332268 0.015783 0.020123
5 0.521149 0.332860 0.013889 0.018466
5 0.489504 0.333215 0.014047 0.019650
5 0.597696 0.334280 0.012942 0.018939
5 0.582781 0.333925 0.014362 0.020123
5 0.590830 0.314157 0.014678 0.017045
5 0.605903 0.315223 0.015467 0.017756
5 0.606376 0.355824 0.014205 0.021307
5 0.614189 0.334635 0.011521 0.019176
5 0.621370 0.354048 0.013573 0.020123
5 0.583886 0.377367 0.016572 0.023201
5 0.591383 0.355942 0.012942 0.018229
5 0.599012 0.377604 0.014362 0.021307
5 0.613426 0.377999 0.013573 0.020597
5 0.590672 0.399503 0.016256 0.023438
5 0.620502 0.399976 0.014678 0.021544
5 0.627762 0.377723 0.016888 0.024384
5 0.636285 0.401752 0.015941 0.025095
5 0.658617 0.380090 0.015152 0.023438
5 0.673848 0.381510 0.013415 0.022491
5 0.689236 0.382339 0.014205 0.026042
5 0.681818 0.356889 0.012311 0.022964
5 0.665799 0.357126 0.015309 0.023438
5 0.628761 0.332110 0.013415 0.019413
5 0.696812 0.357481 0.015467 0.023201
5 0.645754 0.332268 0.012784 0.020123
5 0.654672 0.314157 0.015783 0.017045
5 0.680003 0.405777 0.013100 0.022254
5 0.695312 0.406960 0.014362 0.022727
5 0.710306 0.404474 0.014678 0.023911
5 0.651436 0.402462 0.015625 0.024621
5 0.726720 0.405185 0.015309 0.022017
5 0.751973 0.332268 0.014362 0.019176
5 0.727115 0.358783 0.016730 0.026752
5 0.735874 0.334872 0.015309 0.021544
5 0.767598 0.334517 0.013415 0.018939
5 0.775726 0.354877 0.014836 0.025095
5 0.799716 0.334044 0.014205 0.021780
5 0.822680 0.317945 0.013731 0.017519
5 0.837437 0.359375 0.013573 0.023674
5 0.852667 0.360795 0.014994 0.026042
5 0.858507 0.386719 0.016572 0.022964
5 0.851641 0.410866 0.014205 0.024384
5 0.837121 0.410275 0.013889 0.022254
5 0.805950 0.406842 0.013731 0.022017
5 0.821812 0.409091 0.013573 0.023201
5 0.813526 0.430161 0.014678 0.021780
5 0.798769 0.429451 0.013258 0.023201
5 0.783144 0.429688 0.014520 0.023674
5 0.767124 0.429096 0.015309 0.022491
5 0.734927 0.428741 0.015625 0.022254
5 0.614268 0.422704 0.017992 0.024858
5 0.628078 0.425308 0.016888 0.024384
5 0.557843 0.443536 0.017519 0.023201
5 0.573864 0.443182 0.016414 0.022727
5 0.858744 0.432173 0.018308 0.023911
5 0.867188 0.409328 0.014994 0.023674
5 0.859770 0.339725 0.014994 0.021780
5 0.844697 0.338305 0.014205 0.020360
5 0.852115 0.319602 0.013889 0.018939
5 0.867345 0.318537 0.012784 0.017756
5 0.874842 0.338897 0.014205 0.021070
5 0.880997 0.319366 0.014205 0.017519
5 0.889362 0.337358 0.013258 0.020360
5 0.891809 0.384115 0.015625 0.024384
5 0.898359 0.407670 0.014520 0.024621
5 0.913431 0.407315 0.014994 0.024858
5 0.928030 0.407907 0.014836 0.023674
5 0.875316 0.385890 0.014520 0.025568
5 0.990925 0.361742 0.014047 0.021307
5 0.995502 0.342448 0.008996 0.019176
5 0.982008 0.341146 0.016098 0.023674
5 0.958886 0.358783 0.013731 0.024384
5 0.951705 0.337240 0.013889 0.020597
5 0.921638 0.337121 0.015309 0.022254
5 0.928425 0.357244 0.015309 0.024148
5 0.943971 0.359375 0.014205 0.022727
5 0.990372 0.320668 0.012942 0.017756
5 0.380051 0.417495 0.012942 0.023438
5 0.370896 0.439394 0.016098 0.020833
5 0.339173 0.395715 0.013889 0.020123
5 0.342408 0.310133 0.013731 0.017045
