6 0.559422 0.662169 0.881155 0.675663
5 0.264915 0.492898 0.015625 0.024621
5 0.264520 0.537050 0.015783 0.022491
5 0.281250 0.537524 0.013573 0.021070
5 0.295849 0.537405 0.015309 0.025568
5 0.312973 0.535393 0.017361 0.022491
5 0.327257 0.492188 0.014678 0.021780
5 0.342961 0.491596 0.015467 0.023911
5 0.319129 0.469579 0.016098 0.024858
5 0.312105 0.491477 0.016256 0.023674
5 0.296165 0.490885 0.015625 0.023438
5 0.281487 0.491951 0.014047 0.021780
5 0.288273 0.514796 0.014362 0.022017
5 0.272175 0.515152 0.014678 0.023674
5 0.241793 0.516572 0.018624 0.024148
5 0.303504 0.469460 0.015152 0.024148
5 0.350616 0.468750 0.014994 0.022727
5 0.327336 0.446496 0.013258 0.018939
5 0.312737 0.448035 0.014047 0.022491
5 0.296007 0.447680 0.017203 0.024621
5 0.318813 0.426728 0.015152 0.022017
5 0.335069 0.425426 0.014520 0.020833
5 0.349511 0.424242 0.013100 0.020360
5 0.357797 0.445904 0.015152 0.021544
5 0.381234 0.422112 0.014994 0.022254
5 0.388573 0.444602 0.015152 0.025095
5 0.404356 0.444602 0.013889 0.023201
5 0.421007 0.444129 0.014047 0.021307
5 0.427715 0.465554 0.014836 0.021070
5 0.411458 0.466501 0.014836 0.021070
5 0.397017 0.467330 0.015625 0.022727
5 0.380208 0.466619 0.014520 0.019886
5 0.374369 0.490175 0.013889 0.021070
5 0.389047 0.488755 0.014205 0.022017
5 0.398122 0.510535 0.013731 0.023438
5 0.405145 0.488755 0.013889 0.021070
5 0.412958 0.511009 0.015309 0.022964
5 0.428741 0.509943 0.013415 0.021780
5 0.419823 0.487571 0.013573 0.020597
5 0.435764 0.487334 0.014520 0.022017
5 0.452257 0.487453 0.014047 0.021780
5 0.459596 0.509470 0.014205 0.023674
5 0.453125 0.531842 0.014520 0.021544
5 0.469066 0.531723 0.013573 0.020833
5 0.461727 0.555279 0.015625 0.021544
5 0.476720 0.553977 0.014678 0.021780
5 0.491793 0.553859 0.012942 0.019650
5 0.490451 0.509706 0.013731 0.023674
5 0.475300 0.510772 0.015625 0.023438
5 0.482718 0.486979 0.014994 0.023201
5 0.467408 0.486032 0.013731 0.023201
5 0.407039 0.533736 0.012626 0.020597
5 0.382497 0.511364 0.015309 0.023201
5 0.374132 0.533854 0.013731 0.020833
5 0.328714 0.535910 0.015152 0.022017
5 0.320865 0.557528 0.016098 0.023201
5 0.304845 0.557647 0.014678 0.022491
5 0.289457 0.557528 0.014836 0.021307
5 0.250000 0.536695 0.015467 0.023674
5 0.242187 0.558002 0.016888 0.021780
5 0.364662 0.423059 0.015625 0.022254
5 0.356929 0.401989 0.014047 0.020360
5 0.342014 0.402462 0.014836 0.021780
5 0.327730 0.403764 0.014362 0.021070
5 0.334675 0.382931 0.014362 0.019650
5 0.349353 0.381037 0.013100 0.020597
5 0.410432 0.421993 0.014994 0.021544
5 0.396701 0.422112 0.014047 0.022254
5 0.387468 0.399976 0.015152 0.022964
5 0.372790 0.400923 0.013889 0.022491
5 0.404198 0.399148 0.014836 0.022254
5 0.419665 0.397727 0.014520 0.021307
5 0.433791 0.398201 0.014678 0.022254
5 0.427241 0.421875 0.015467 0.023201
5 0.443419 0.421520 0.016256 0.024384
5 0.434107 0.442708 0.014678 0.021307
5 0.451389 0.442235 0.015152 0.020833
5 0.443655 0.464489 0.014520 0.023674
5 0.459122 0.464370 0.015467 0.022491
5 0.474353 0.465791 0.014362 0.021070
5 0.467014 0.442708 0.013889 0.021307
5 0.458176 0.420928 0.015152 0.022727
5 0.450521 0.397727 0.014994 0.022727
5 0.474274 0.420691 0.015152 0.022727
5 0.481929 0.443063 0.015309 0.020597
4 0.497475 0.441998 0.016730 0.029356
5 0.489820 0.419271 0.014362 0.022254
5 0.490294 0.465317 0.014678 0.023438
5 0.497554 0.487216 0.015625 0.022727
5 0.505919 0.509943 0.013731 0.024621
5 0.513652 0.486742 0.014362 0.025095
5 0.505129 0.463542 0.016256 0.023674
5 0.544744 0.486506 0.016256 0.023201
5 0.521070 0.464134 0.015625 0.022964
5 0.537326 0.464252 0.015941 0.026042
5 0.528330 0.441170 0.016256 0.023438
5 0.543876 0.440223 0.016414 0.021544
5 0.551452 0.463423 0.013573 0.021544
5 0.559422 0.441170 0.014047 0.024858
5 0.550821 0.418916 0.012942 0.021070
5 0.536616 0.419389 0.014836 0.022491
5 0.521070 0.418442 0.015309 0.021544
5 0.513258 0.397017 0.015467 0.025095
5 0.504735 0.418205 0.014520 0.020597
5 0.512784 0.440459 0.016098 0.022964
5 0.497633 0.397135 0.014836 0.019650
5 0.480982 0.399029 0.014362 0.020597
5 0.466540 0.398674 0.015467 0.023201
5 0.473011 0.378314 0.014520 0.020360
5 0.457623 0.375118 0.014047 0.022491
5 0.443261 0.376184 0.015941 0.023674
5 0.425979 0.376184 0.014836 0.022254
5 0.410748 0.376894 0.014362 0.019413
5 0.503867 0.374408 0.013731 0.021544
5 0.512074 0.353575 0.015625 0.021544
5 0.521228 0.374408 0.015309 0.021070
5 0.488242 0.376776 0.015625 0.024858
5 0.551689 0.374408 0.015309 0.021070
5 0.558633 0.397135 0.014047 0.024384
5 0.544034 0.396662 0.015467 0.023438
5 0.528488 0.395833 0.014994 0.022254
5 0.567235 0.418205 0.014520 0.021544
5 0.365451 0.468277 0.015309 0.022254
5 0.342330 0.446970 0.014520 0.021780
5 0.273043 0.470762 0.015152 0.022964
5 0.288431 0.469342 0.013731 0.021544
5 0.582086 0.462424 0.012929 0.019036
5 0.566523 0.463861 0.012929 0.019036
5 0.574424 0.484692 0.012929 0.019036
5 0.589749 0.484692 0.012929 0.019036
5 0.597172 0.461705 0.012929 0.019036
5 0.612497 0.462064 0.012929 0.019036
5 0.604596 0.438719 0.012929 0.019036
5 0.589751 0.439796 0.012929 0.019036
5 0.574187 0.441233 0.012929 0.019036
5 0.581370 0.418606 0.012929 0.019036
5 0.596695 0.417169 0.012929 0.019036
5 0.587836 0.395978 0.012929 0.019036
5 0.602682 0.394181 0.012929 0.019036
5 0.611540 0.416089 0.012929 0.019036
5 0.626626 0.416089 0.012929 0.019036
5 0.619921 0.439077 0.012929 0.019036
5 0.635246 0.438000 0.012929 0.019036
5 0.650571 0.438000 0.012929 0.019036
5 0.618371 0.392637 0.013889 0.023438
5 0.643703 0.460109 0.015309 0.021544
5 0.628472 0.462240 0.015467 0.021070
5 0.651529 0.482176 0.012929 0.019036
5 0.636444 0.483253 0.012929 0.019036
5 0.620641 0.484330 0.012929 0.019036
5 0.605436 0.484330 0.012213 0.018319
5 0.675110 0.506866 0.014678 0.025095
5 0.666824 0.479759 0.012942 0.023438
5 0.682686 0.480824 0.015625 0.025095
5 0.689710 0.458807 0.014520 0.022727
5 0.704230 0.458570 0.015152 0.022727
5 0.711963 0.434541 0.013889 0.026278
5 0.719408 0.457396 0.012691 0.019036
5 0.727789 0.479664 0.012691 0.019036
5 0.720366 0.502292 0.012691 0.019036
5 0.735930 0.501932 0.012691 0.019036
5 0.758677 0.479304 0.012691 0.019036
5 0.750537 0.457396 0.012691 0.019036
5 0.735211 0.457396 0.012691 0.019036
5 0.742634 0.434051 0.012691 0.019036
5 0.688759 0.414657 0.012691 0.019036
5 0.673434 0.415734 0.012691 0.019036
5 0.658109 0.415017 0.012691 0.019036
5 0.642306 0.415017 0.012691 0.019036
5 0.633447 0.392029 0.012691 0.019036
5 0.710548 0.391312 0.012691 0.019036
5 0.696660 0.436567 0.012691 0.019036
5 0.681097 0.436927 0.012691 0.019036
5 0.665772 0.437644 0.012691 0.019036
5 0.673673 0.458475 0.012691 0.019036
5 0.657869 0.459553 0.012691 0.019036
5 0.629261 0.506241 0.012929 0.019036
5 0.613458 0.507318 0.012929 0.019036
5 0.582569 0.507318 0.012929 0.019036
5 0.567244 0.508395 0.012929 0.019036
5 0.552159 0.508755 0.012929 0.019036
5 0.559104 0.485767 0.012929 0.019036
5 0.528695 0.486484 0.012929 0.019036
5 0.574907 0.530303 0.012929 0.019036
5 0.559822 0.530303 0.012929 0.019036
5 0.606274 0.529586 0.012929 0.019036
5 0.652247 0.528149 0.012929 0.019036
5 0.659192 0.505521 0.012929 0.019036
5 0.644586 0.505521 0.012929 0.019036
5 0.766098 0.456439 0.015152 0.026042
5 0.781802 0.456203 0.013731 0.022727
5 0.797427 0.454664 0.014362 0.020123
5 0.806187 0.476799 0.015467 0.023674
5 0.789694 0.477628 0.015625 0.022491
5 0.791667 0.522609 0.016098 0.023438
5 0.783223 0.501657 0.016572 0.025095
5 0.744160 0.524621 0.014205 0.020360
5 0.766414 0.501065 0.013573 0.022491
5 0.773043 0.432765 0.013889 0.023201
5 0.758365 0.434067 0.013889 0.024384
5 0.788668 0.432647 0.015467 0.025331
5 0.813052 0.455137 0.015941 0.022017
5 0.820312 0.475852 0.015309 0.023674
5 0.837184 0.475024 0.015025 0.023911
5 0.829782 0.497751 0.013100 0.022964
5 0.829151 0.452533 0.014362 0.022491
5 0.890704 0.450639 0.013415 0.022964
5 0.898392 0.474995 0.012451 0.019754
5 0.913955 0.474635 0.012451 0.019754
5 0.906772 0.450930 0.012451 0.019754
5 0.875646 0.450213 0.012451 0.019754
5 0.875646 0.498340 0.012451 0.019754
5 0.860320 0.497981 0.012451 0.019754
5 0.844757 0.452367 0.012451 0.019754
5 0.804770 0.432614 0.012451 0.019754
5 0.820213 0.431896 0.013169 0.019754
5 0.765620 0.411423 0.012691 0.019036
5 0.834675 0.381392 0.015309 0.024148
5 0.781092 0.410985 0.015467 0.022254
5 0.750237 0.411695 0.012468 0.019886
5 0.882891 0.427320 0.015152 0.020833
5 0.898911 0.428030 0.014678 0.024148
5 0.937658 0.496449 0.016414 0.022727
5 0.921875 0.497514 0.015152 0.024384
5 0.891020 0.497633 0.013731 0.022254
5 0.883602 0.475260 0.013415 0.022964
5 0.867819 0.428385 0.013415 0.020597
5 0.860717 0.451586 0.014362 0.022017
5 0.837573 0.521688 0.012929 0.019036
5 0.852898 0.520971 0.012929 0.019036
5 0.867983 0.520971 0.012929 0.019036
5 0.844997 0.498343 0.012929 0.019036
5 0.813868 0.499780 0.012929 0.019036
5 0.798305 0.500140 0.012929 0.019036
5 0.775319 0.522408 0.012929 0.019036
5 0.743352 0.479304 0.012691 0.019036
5 0.705041 0.504089 0.012691 0.019036
5 0.929280 0.474276 0.012451 0.019754
5 0.922096 0.451290 0.012451 0.019754
5 0.937181 0.450213 0.012451 0.019754
5 0.914195 0.427945 0.012451 0.019754
5 0.905814 0.406037 0.012451 0.019754
5 0.897096 0.384115 0.014836 0.021070
5 0.906087 0.496937 0.013172 0.018348
5 0.899124 0.519801 0.013172 0.018348
5 0.976510 0.427067 0.012451 0.019754
5 0.968606 0.405050 0.012451 0.019754
5 0.937557 0.405613 0.012451 0.019754
5 0.796480 0.409920 0.014047 0.022491
5 0.812184 0.409920 0.015467 0.023437
5 0.773753 0.477865 0.015309 0.021544
5 0.751420 0.501657 0.013258 0.018466
5 0.689315 0.503906 0.014994 0.026278
5 0.821496 0.520833 0.016098 0.023674
5 0.728141 0.434186 0.014994 0.023201
5 0.703756 0.412524 0.013258 0.020123
5 0.680950 0.393466 0.014678 0.019886
5 0.665404 0.393939 0.013573 0.021780
5 0.601878 0.351089 0.015309 0.019886
5 0.585306 0.353575 0.015309 0.020123
5 0.536379 0.374053 0.015309 0.024148
5 0.572996 0.396780 0.013731 0.022254
5 0.367109 0.512547 0.015152 0.022727
5 0.390546 0.533854 0.015625 0.024621
5 0.397964 0.555871 0.014678 0.021780
5 0.413747 0.555043 0.015309 0.022491
5 0.297427 0.576941 0.015941 0.023201
5 0.233191 0.537050 0.013731 0.021544
5 0.211411 0.599077 0.017203 0.022964
5 0.208965 0.474313 0.015467 0.023911
5 0.530619 0.531723 0.014520 0.022254
5 0.513179 0.531605 0.013731 0.022491
5 0.507023 0.553622 0.015309 0.022491
5 0.545849 0.530540 0.016256 0.021780
5 0.597301 0.508404 0.012784 0.022491
5 0.621922 0.529593 0.014994 0.020360
5 0.629025 0.550189 0.015309 0.019413
5 0.641888 0.369318 0.013889 0.020360
5 0.735243 0.411813 0.013100 0.022964
5 0.742188 0.388849 0.012784 0.020123
5 0.757812 0.386837 0.013731 0.023674
5 0.748974 0.363873 0.013415 0.021307
5 0.718434 0.368726 0.014836 0.021544
5 0.719618 0.412524 0.015941 0.020123
5 0.726878 0.388968 0.014678 0.019413
5 0.772491 0.386719 0.013731 0.022964
5 0.836332 0.429451 0.016098 0.024148
5 0.852588 0.428385 0.015152 0.025805
5 0.828283 0.406723 0.014205 0.022254
5 0.843750 0.404001 0.015783 0.023911
5 0.849669 0.381866 0.013731 0.024621
5 0.905540 0.358783 0.016256 0.023911
5 0.952494 0.360559 0.014205 0.020833
