6 0.576705 0.653172 0.846591 0.693655
5 0.299479 0.467566 0.015309 0.019413
5 0.332150 0.426491 0.015625 0.019650
5 0.341304 0.406013 0.016572 0.022727
5 0.323311 0.404001 0.015625 0.020123
5 0.298295 0.337476 0.014836 0.018703
5 0.314394 0.337240 0.015152 0.020597
5 0.247001 0.375829 0.016414 0.022491
5 0.234217 0.424124 0.014836 0.021544
5 0.223090 0.486387 0.014678 0.020597
5 0.217172 0.464725 0.014836 0.020360
5 0.207781 0.483783 0.015941 0.022964
5 0.191525 0.480587 0.015309 0.024148
5 0.184975 0.503078 0.016730 0.022254
5 0.289852 0.488281 0.015309 0.021544
5 0.283144 0.509115 0.013889 0.021070
5 0.275647 0.529830 0.016888 0.019413
5 0.265625 0.505682 0.014205 0.020360
5 0.315183 0.469815 0.014205 0.021544
5 0.348564 0.429924 0.013415 0.017519
5 0.226326 0.444602 0.015783 0.021307
5 0.331676 0.470526 0.014047 0.020123
5 0.261206 0.568182 0.013258 0.019886
5 0.252435 0.587460 0.017045 0.018466
5 0.244003 0.605942 0.015467 0.022017
5 0.226010 0.642282 0.016098 0.019886
5 0.234217 0.624527 0.012626 0.017519
5 0.200521 0.661695 0.014362 0.021780
5 0.199811 0.581084 0.015152 0.019176
5 0.216344 0.507931 0.014047 0.017756
5 0.233153 0.506274 0.014836 0.018703
5 0.450126 0.404356 0.015152 0.020360
5 0.433475 0.405658 0.015941 0.020597
5 0.417140 0.403764 0.014836 0.021544
5 0.409643 0.382694 0.012784 0.018703
5 0.473011 0.382339 0.014205 0.019886
5 0.393090 0.426847 0.012153 0.022254
5 0.502289 0.383404 0.014994 0.021070
5 0.487532 0.382694 0.013258 0.019650
5 0.488794 0.404830 0.019571 0.022254
5 0.447680 0.485322 0.015941 0.024621
5 0.460859 0.483428 0.013258 0.021780
5 0.598090 0.488045 0.017519 0.022964
5 0.588542 0.466146 0.018624 0.028883
5 0.627762 0.464962 0.016572 0.028883
5 0.487295 0.339607 0.014362 0.022017
5 0.479088 0.318537 0.013415 0.019176
5 0.471749 0.339489 0.014205 0.022727
5 0.464568 0.361387 0.015309 0.024384
5 0.449100 0.360559 0.014362 0.023201
5 0.512232 0.359493 0.016256 0.025331
5 0.520912 0.337358 0.015941 0.021780
5 0.529514 0.319839 0.017045 0.021307
5 0.548690 0.321023 0.016256 0.020833
5 0.548295 0.361151 0.016414 0.020597
5 0.559107 0.385417 0.016572 0.024621
5 0.568971 0.365530 0.016414 0.021780
5 0.578362 0.342566 0.020360 0.026042
5 0.598485 0.342448 0.018308 0.022017
5 0.609533 0.362453 0.018939 0.026042
5 0.589094 0.362689 0.017835 0.025095
5 0.539220 0.338542 0.017835 0.018939
5 0.495818 0.319957 0.015941 0.019650
5 0.462516 0.318300 0.014047 0.019176
5 0.435606 0.457386 0.016098 0.024148
5 0.638494 0.436553 0.016256 0.025568
5 0.616556 0.488163 0.015941 0.022254
5 0.608823 0.461293 0.018150 0.024858
5 0.671165 0.414418 0.018782 0.023911
5 0.679056 0.389086 0.013731 0.021544
5 0.641335 0.341856 0.018150 0.025095
5 0.652541 0.323745 0.016572 0.019176
5 0.630129 0.322088 0.015941 0.020597
5 0.670928 0.323745 0.017361 0.019650
5 0.691604 0.346236 0.013889 0.018229
5 0.685922 0.366832 0.014205 0.020123
5 0.693261 0.388258 0.014047 0.019413
5 0.711727 0.409209 0.017835 0.023911
5 0.611032 0.410985 0.018150 0.025568
5 0.746133 0.416193 0.019097 0.024148
5 0.764047 0.419034 0.015467 0.020360
5 0.767835 0.396544 0.014836 0.021307
5 0.752762 0.393229 0.013731 0.019886
5 0.737847 0.390743 0.013573 0.021544
5 0.758523 0.372396 0.014836 0.023201
5 0.750520 0.352094 0.014520 0.019886
5 0.765783 0.347538 0.014836 0.019886
5 0.770833 0.328480 0.015783 0.021070
5 0.700994 0.366004 0.013415 0.020833
5 0.801057 0.350260 0.017203 0.024384
5 0.790641 0.328717 0.015309 0.020123
5 0.819287 0.351681 0.016098 0.021544
5 0.829703 0.448153 0.019255 0.026515
5 0.814867 0.402344 0.014520 0.020123
5 0.800979 0.399384 0.014205 0.024621
5 0.844776 0.330966 0.015309 0.019413
5 0.854423 0.351089 0.017203 0.020360
5 0.883286 0.377131 0.014678 0.020360
5 0.863242 0.331676 0.014994 0.019413
5 0.731455 0.366477 0.012153 0.018939
5 0.944366 0.376894 0.013100 0.022254
5 0.915720 0.355469 0.017361 0.022491
5 0.941604 0.335346 0.015152 0.019650
5 0.950679 0.354167 0.014678 0.020360
5 0.967014 0.352273 0.014520 0.020360
5 0.958570 0.333925 0.014994 0.018703
5 0.973722 0.333925 0.016572 0.016335
5 0.969302 0.397727 0.014994 0.023674
5 0.394571 0.379616 0.014205 0.021544
