6 0.542298 0.637311 0.915404 0.725379
5 0.681816 0.348413 0.018105 0.029012
5 0.699509 0.346531 0.015824 0.024796
5 0.715601 0.345139 0.015824 0.024796
5 0.731384 0.346067 0.015824 0.024795
5 0.690225 0.324559 0.015824 0.024796
5 0.707142 0.320691 0.015824 0.024796
5 0.723647 0.318679 0.015824 0.024796
5 0.616246 0.349400 0.015824 0.024796
5 0.625324 0.375705 0.015824 0.024796
5 0.617690 0.400617 0.015824 0.024796
5 0.766875 0.350508 0.018105 0.029012
5 0.599883 0.342959 0.015824 0.024796
5 0.582824 0.338607 0.015824 0.024796
5 0.566344 0.341393 0.015824 0.024795
5 0.585605 0.396464 0.018105 0.029012
5 0.634985 0.400669 0.015824 0.024796
5 0.651077 0.402061 0.015824 0.024796
5 0.632692 0.319697 0.020808 0.029012
5 0.663659 0.342829 0.015824 0.024796
5 0.642763 0.424741 0.015824 0.024795
5 0.600322 0.444421 0.015824 0.024796
5 0.616914 0.447162 0.015824 0.024795
5 0.725696 0.424687 0.015824 0.024796
5 0.758307 0.378561 0.015824 0.024795
5 0.717612 0.402758 0.015824 0.024796
5 0.701130 0.405491 0.015824 0.024796
5 0.756955 0.325801 0.015824 0.024796
5 0.740834 0.318548 0.018105 0.029012
5 0.836432 0.347295 0.018105 0.029012
5 0.843196 0.377395 0.018105 0.029012
5 0.766875 0.406988 0.018105 0.029012
5 0.833614 0.402912 0.015824 0.024796
5 0.861967 0.373372 0.015824 0.024796
5 0.823762 0.323259 0.020808 0.029012
5 0.885657 0.397718 0.018105 0.029012
5 0.875655 0.425958 0.015824 0.024796
5 0.894231 0.424491 0.015824 0.024796
5 0.489944 0.427720 0.015824 0.024796
5 0.505959 0.424359 0.015824 0.024795
5 0.512756 0.401043 0.015824 0.024796
5 0.559820 0.369264 0.015824 0.024796
5 0.513146 0.342882 0.015824 0.024796
5 0.520906 0.316092 0.015824 0.024796
5 0.549334 0.339814 0.015824 0.024796
5 0.531745 0.340838 0.018105 0.029012
5 0.495742 0.342912 0.015824 0.024795
5 0.468591 0.316920 0.015824 0.024796
5 0.485257 0.371056 0.015824 0.024796
5 0.457775 0.340925 0.015824 0.024796
5 0.996320 0.344691 0.007360 0.024795
5 0.971891 0.321193 0.020291 0.026982
5 0.924301 0.370736 0.018105 0.029012
5 0.936702 0.339606 0.020291 0.026982
5 0.915111 0.339870 0.018105 0.029011
5 0.992061 0.373460 0.015824 0.024795
5 0.982338 0.346013 0.018105 0.029012
5 0.429803 0.366065 0.018105 0.029012
5 0.458781 0.395172 0.018105 0.029011
5 0.408845 0.367035 0.018105 0.029012
5 0.439635 0.336375 0.018105 0.029012
5 0.400307 0.336181 0.018105 0.029012
5 0.420359 0.337539 0.018105 0.029012
5 0.397839 0.395906 0.018105 0.029012
5 0.379684 0.394332 0.015824 0.024796
5 0.358597 0.420593 0.015824 0.024796
5 0.340942 0.414010 0.018105 0.029012
5 0.359642 0.339008 0.018105 0.029012
5 0.371181 0.367457 0.018105 0.029012
5 0.321493 0.413117 0.015824 0.024795
5 0.301834 0.412909 0.015824 0.024796
5 0.313012 0.387935 0.020808 0.029012
5 0.268182 0.388312 0.020807 0.029012
5 0.257800 0.358579 0.018105 0.029012
5 0.259309 0.414109 0.018105 0.029012
5 0.239487 0.461140 0.015824 0.024796
5 0.257381 0.460465 0.015824 0.024795
5 0.226351 0.387323 0.015824 0.024796
5 0.313062 0.437820 0.015824 0.024796
5 0.275125 0.462230 0.015824 0.024796
5 0.269260 0.439631 0.020808 0.029012
5 0.213405 0.483008 0.015824 0.024796
5 0.214074 0.563260 0.015824 0.024796
5 0.230926 0.563862 0.015824 0.024796
5 0.280683 0.522532 0.015824 0.024796
5 0.272256 0.544200 0.015824 0.024796
5 0.365988 0.441720 0.015824 0.024796
5 0.374390 0.418606 0.015824 0.024796
5 0.215976 0.358848 0.015824 0.024796
5 0.290035 0.384670 0.020808 0.029012
5 0.324250 0.360334 0.020808 0.029012
5 0.471804 0.420636 0.020808 0.029012
5 0.652802 0.313869 0.015824 0.024796
5 0.593797 0.314952 0.015824 0.024795
5 0.612674 0.314798 0.015824 0.024796
