6 0.320595 0.638780 0.641191 0.722441
5 0.230133 0.361371 0.016504 0.025751
5 0.237599 0.384874 0.016504 0.025751
5 0.246747 0.362318 0.016504 0.025751
5 0.213308 0.360898 0.016504 0.025751
5 0.204370 0.384243 0.016504 0.025751
5 0.187019 0.384400 0.016504 0.025751
5 0.162413 0.361214 0.016504 0.025751
5 0.155052 0.338027 0.016504 0.025751
5 0.172192 0.337554 0.016504 0.025751
5 0.189227 0.338185 0.016504 0.025751
5 0.118538 0.385820 0.016504 0.025751
5 0.128317 0.362160 0.016504 0.025751
5 0.084358 0.386459 0.016504 0.025751
5 0.092500 0.408083 0.016504 0.025751
5 0.093731 0.364000 0.016504 0.025751
5 0.095210 0.313785 0.016504 0.025751
5 0.112205 0.312001 0.016504 0.025751
5 0.129240 0.312632 0.016504 0.025751
5 0.078321 0.314003 0.016504 0.025751
5 0.034641 0.340429 0.016504 0.025751
5 0.052113 0.340211 0.016504 0.025751
5 0.069108 0.338646 0.016504 0.025751
5 0.086288 0.338622 0.016504 0.025751
5 0.043814 0.316187 0.016504 0.025751
5 0.008180 0.365263 0.016359 0.025751
5 0.025352 0.365895 0.016504 0.025751
5 0.042347 0.364329 0.016504 0.025751
5 0.059528 0.364305 0.016504 0.025751
5 0.004438 0.340089 0.008875 0.025751
5 0.017642 0.341232 0.016504 0.025751
5 0.009581 0.316617 0.016504 0.025751
5 0.004835 0.293315 0.009669 0.025751
5 0.299084 0.361777 0.016504 0.025751
5 0.281719 0.362521 0.016504 0.025751
5 0.316375 0.361912 0.016504 0.025751
5 0.289560 0.340010 0.016504 0.025751
5 0.306926 0.339266 0.016504 0.025751
5 0.232025 0.314322 0.016504 0.025751
5 0.272074 0.384062 0.016504 0.025751
5 0.349679 0.405322 0.016504 0.025751
5 0.367937 0.404835 0.016504 0.025751
5 0.358488 0.382189 0.016504 0.025751
5 0.341123 0.382933 0.016504 0.025751
5 0.384930 0.404078 0.016504 0.025751
5 0.393739 0.380945 0.016504 0.025751
5 0.314581 0.404705 0.016504 0.025751
5 0.486868 0.400221 0.016504 0.025751
5 0.478298 0.377575 0.016504 0.025751
5 0.460932 0.378319 0.016504 0.025751
5 0.469489 0.400708 0.016504 0.025751
5 0.452876 0.356569 0.016504 0.025751
5 0.477691 0.423557 0.016504 0.025751
5 0.495216 0.422411 0.016504 0.025751
5 0.529050 0.422631 0.016504 0.025751
5 0.511671 0.422678 0.016504 0.025751
5 0.520848 0.399343 0.016504 0.025751
5 0.538131 0.444601 0.016504 0.025751
5 0.520752 0.444648 0.016504 0.025751
5 0.538277 0.400112 0.016504 0.025751
5 0.546992 0.422823 0.016504 0.025751
5 0.522642 0.354551 0.016504 0.025751
5 0.582492 0.374352 0.016504 0.025751
5 0.573265 0.397228 0.016504 0.025751
5 0.572367 0.442431 0.016504 0.025751
5 0.581448 0.464401 0.016504 0.025751
5 0.564069 0.464448 0.016504 0.025751
5 0.537528 0.575623 0.016504 0.025751
5 0.520274 0.575689 0.016504 0.025751
5 0.511556 0.555240 0.016504 0.025751
5 0.529158 0.553944 0.016504 0.025751
5 0.537245 0.532005 0.016504 0.025751
5 0.546304 0.553426 0.016504 0.025751
5 0.572642 0.530203 0.016504 0.025751
5 0.563916 0.552653 0.016504 0.025751
5 0.572287 0.574332 0.016504 0.025751
5 0.580779 0.595499 0.016504 0.025751
5 0.563167 0.596272 0.016504 0.025751
5 0.546021 0.596790 0.016504 0.025751
5 0.528763 0.598086 0.016504 0.025751
5 0.553592 0.618471 0.016504 0.025751
5 0.536334 0.619767 0.016504 0.025751
5 0.468825 0.577754 0.016504 0.025751
5 0.486079 0.577688 0.016504 0.025751
5 0.469965 0.534070 0.016504 0.025751
5 0.460393 0.556331 0.016504 0.025751
5 0.443014 0.555298 0.016504 0.025751
5 0.486484 0.534070 0.016504 0.025751
5 0.493822 0.598595 0.016504 0.025751
5 0.502142 0.620020 0.016504 0.025751
5 0.484713 0.620283 0.016504 0.025751
5 0.195030 0.406432 0.016504 0.025751
5 0.255941 0.338996 0.016504 0.025751
5 0.239326 0.338050 0.016504 0.025751
