6 0.276733 0.717780 0.553465 0.564439
5 0.137909 0.589973 0.013168 0.021446
5 0.124134 0.589834 0.013168 0.021446
5 0.110116 0.590570 0.013168 0.021446
5 0.130774 0.568443 0.013168 0.021446
5 0.101571 0.613593 0.013168 0.021446
5 0.115837 0.611862 0.013168 0.021446
5 0.130525 0.610880 0.013168 0.021446
5 0.071705 0.611851 0.013168 0.021446
5 0.085889 0.612609 0.013168 0.021446
5 0.202393 0.568278 0.013168 0.021446
5 0.188030 0.569355 0.013168 0.021446
5 0.173933 0.570566 0.013168 0.021446
5 0.194761 0.548329 0.013168 0.021446
5 0.181141 0.589669 0.013168 0.021446
5 0.152157 0.590263 0.013168 0.021446
5 0.216548 0.567083 0.013168 0.021446
5 0.331909 0.525150 0.013168 0.021446
5 0.354954 0.544119 0.013168 0.021446
5 0.464962 0.599132 0.014193 0.021446
5 0.449135 0.599041 0.013168 0.021446
5 0.433777 0.600368 0.013168 0.021446
5 0.457151 0.579179 0.013168 0.021446
5 0.442083 0.579254 0.013168 0.021446
5 0.403589 0.518895 0.013168 0.021446
5 0.397191 0.541378 0.013168 0.021446
5 0.418522 0.517899 0.013168 0.021446
5 0.426818 0.539554 0.013168 0.021446
5 0.457021 0.618257 0.014236 0.021446
