6 0.600773 0.703007 0.798453 0.593987
5 0.343768 0.542982 0.014520 0.022727
5 0.350847 0.522882 0.013760 0.022850
5 0.335983 0.522682 0.012527 0.017353
5 0.320754 0.522313 0.012527 0.017353
5 0.298647 0.541110 0.012527 0.017353
5 0.291032 0.560275 0.012527 0.017353
5 0.305770 0.560644 0.012527 0.017353
5 0.320754 0.561013 0.012527 0.017353
5 0.336476 0.561750 0.012527 0.017353
5 0.328123 0.580178 0.012527 0.017353
5 0.343108 0.581283 0.012527 0.017353
5 0.365461 0.561750 0.012527 0.017353
5 0.350969 0.562119 0.012527 0.017353
5 0.357847 0.542216 0.012527 0.017353
5 0.364970 0.522682 0.012527 0.017353
5 0.282929 0.542585 0.012527 0.017353
5 0.259104 0.560277 0.012527 0.017353
5 0.274825 0.598239 0.012527 0.017353
5 0.290300 0.598608 0.012527 0.017353
5 0.305529 0.598977 0.012527 0.017353
5 0.328127 0.618511 0.012527 0.017353
5 0.321004 0.598608 0.012527 0.017353
5 0.313635 0.618142 0.012527 0.017353
5 0.297423 0.617772 0.012527 0.017353
5 0.290054 0.636937 0.012527 0.017353
5 0.297176 0.655365 0.012527 0.017353
5 0.313142 0.656101 0.012527 0.017353
5 0.320511 0.675265 0.012527 0.017353
5 0.328617 0.694799 0.012527 0.017353
5 0.313389 0.693878 0.012528 0.018459
5 0.306510 0.712306 0.012528 0.018459
5 0.290789 0.713042 0.012528 0.018459
5 0.297667 0.693878 0.012528 0.018459
5 0.283913 0.732206 0.012528 0.018459
5 0.265982 0.655547 0.012528 0.018459
5 0.274579 0.637119 0.012528 0.018459
5 0.306016 0.522313 0.012527 0.017353
5 0.387994 0.540009 0.015467 0.020833
5 0.394544 0.520019 0.014048 0.023219
5 0.403777 0.536340 0.014520 0.021070
5 0.419823 0.534091 0.015152 0.021307
5 0.432844 0.582268 0.013100 0.020597
5 0.446846 0.583019 0.015467 0.020360
5 0.461867 0.582308 0.014994 0.020833
5 0.477588 0.579901 0.013889 0.020123
5 0.483980 0.561553 0.014678 0.020360
5 0.469223 0.561553 0.012942 0.019886
5 0.461884 0.541430 0.013415 0.019886
5 0.452415 0.523793 0.014047 0.019176
5 0.459201 0.503196 0.014994 0.020123
5 0.468257 0.521628 0.014984 0.021475
5 0.483507 0.521544 0.013100 0.020833
5 0.490618 0.539931 0.014205 0.023201
5 0.498422 0.559896 0.013889 0.017992
5 0.512840 0.562158 0.013264 0.024148
5 0.521386 0.542495 0.014362 0.021544
5 0.513889 0.521899 0.013573 0.021070
5 0.499527 0.521422 0.014520 0.020129
5 0.550584 0.543205 0.012784 0.020597
5 0.565420 0.544271 0.014678 0.021307
5 0.569640 0.505538 0.015392 0.022113
5 0.561869 0.484257 0.016414 0.022964
5 0.537198 0.503699 0.015356 0.019172
5 0.623106 0.545691 0.015152 0.019886
5 0.707123 0.505059 0.015152 0.020639
5 0.715278 0.525805 0.013889 0.017992
5 0.730824 0.485085 0.013731 0.018939
5 0.744949 0.485204 0.012942 0.020597
5 0.760022 0.484730 0.013415 0.022017
5 0.774384 0.484848 0.013731 0.018939
5 0.797348 0.468513 0.012942 0.017519
5 0.789062 0.487098 0.015625 0.022017
5 0.789694 0.449337 0.013100 0.019886
5 0.775034 0.449418 0.015625 0.020360
5 0.767045 0.506274 0.014836 0.019176
5 0.752323 0.505243 0.014678 0.021745
5 0.781665 0.506167 0.013360 0.019179
5 0.796649 0.507273 0.013360 0.019179
5 0.811387 0.507642 0.013360 0.019179
5 0.805002 0.527176 0.013360 0.019179
5 0.819740 0.526806 0.013360 0.019179
5 0.870339 0.506903 0.013360 0.019179
5 0.877708 0.488475 0.013360 0.019179
5 0.892937 0.488475 0.013360 0.019179
5 0.884831 0.469678 0.013360 0.019179
5 0.900060 0.470047 0.013360 0.019179
5 0.892445 0.450514 0.013360 0.019179
5 0.885322 0.432822 0.013360 0.019179
5 0.877953 0.450881 0.013360 0.019179
5 0.862724 0.450511 0.013360 0.019179
5 0.855355 0.469309 0.013360 0.019179
5 0.839880 0.469676 0.013360 0.019179
5 0.818756 0.451617 0.013360 0.019179
5 0.811878 0.433558 0.013360 0.019179
5 0.826125 0.432822 0.013360 0.019179
5 0.840751 0.432714 0.013573 0.020360
5 0.855508 0.433120 0.013415 0.016809
5 0.900253 0.431937 0.013889 0.019650
5 0.974116 0.467330 0.017045 0.018466
5 0.929688 0.470407 0.015941 0.020360
5 0.907513 0.527107 0.015467 0.017282
5 0.915009 0.544508 0.013415 0.021780
5 0.884943 0.507457 0.013889 0.017756
5 0.988557 0.467211 0.015309 0.019176
5 0.966540 0.485677 0.013573 0.017756
