6 0.317165 0.606871 0.634331 0.786258
5 0.032379 0.345617 0.016075 0.027029
5 0.023769 0.321803 0.016075 0.027029
5 0.031609 0.296864 0.016075 0.027029
5 0.007491 0.319913 0.014983 0.027029
5 0.057809 0.321296 0.016075 0.027029
5 0.066184 0.344577 0.016075 0.027029
5 0.022312 0.273724 0.016075 0.025596
5 0.266681 0.337239 0.016075 0.027029
5 0.258608 0.312867 0.016075 0.027029
5 0.275891 0.311780 0.016075 0.027029
5 0.242774 0.312401 0.016075 0.027029
5 0.200758 0.290048 0.016075 0.027029
5 0.209140 0.315196 0.016075 0.027029
5 0.249708 0.337705 0.016075 0.027029
5 0.208209 0.362542 0.016075 0.027029
5 0.283963 0.336618 0.016075 0.027029
5 0.301867 0.335842 0.016075 0.027029
5 0.293253 0.311492 0.016075 0.027029
5 0.335525 0.334720 0.016075 0.027029
5 0.343919 0.358833 0.016075 0.027029
5 0.309733 0.359575 0.016075 0.027029
5 0.318323 0.335082 0.016075 0.027029
5 0.404381 0.330017 0.016075 0.027029
5 0.412090 0.353901 0.016075 0.027029
5 0.386341 0.330036 0.016075 0.027029
5 0.394959 0.354300 0.016075 0.027029
5 0.420085 0.377086 0.016075 0.027029
5 0.402954 0.377485 0.016075 0.027029
5 0.385822 0.378171 0.016075 0.027029
5 0.454529 0.374631 0.016075 0.027029
5 0.462885 0.397456 0.016075 0.027029
5 0.225922 0.313007 0.016075 0.027029
5 0.309940 0.310192 0.016075 0.027029
5 0.326330 0.359203 0.016075 0.027029
5 0.040796 0.366866 0.015752 0.026934
