6 0.535679 0.646346 0.928642 0.707308
5 0.733407 0.386507 0.015103 0.023061
5 0.717003 0.386993 0.015103 0.023061
5 0.741393 0.408037 0.015103 0.023061
5 0.724989 0.408523 0.015103 0.023061
5 0.749487 0.430539 0.015103 0.023061
5 0.733299 0.430377 0.015103 0.023061
5 0.758013 0.451908 0.015103 0.023061
5 0.741825 0.451746 0.015103 0.023061
5 0.774309 0.407876 0.015103 0.023061
5 0.757689 0.408361 0.015103 0.023061
5 0.782727 0.385536 0.015103 0.023061
5 0.765676 0.386507 0.015103 0.023061
5 0.749379 0.386183 0.015103 0.023061
5 0.789418 0.361415 0.015103 0.023061
5 0.757797 0.363034 0.015103 0.023061
5 0.773878 0.363843 0.015103 0.023061
5 0.724557 0.365300 0.015103 0.023061
5 0.741177 0.364005 0.015103 0.023061
5 0.715384 0.342151 0.015103 0.023061
5 0.732004 0.340046 0.015103 0.023061
5 0.700275 0.336485 0.015103 0.023061
5 0.677071 0.365462 0.015103 0.023061
5 0.693044 0.365948 0.015103 0.023061
4 0.379703 0.450849 0.583415 0.294906
5 0.652573 0.387964 0.015103 0.023061
5 0.668977 0.387478 0.015103 0.023061
5 0.684950 0.387155 0.015103 0.023061
5 0.701246 0.387478 0.015103 0.023061
5 0.660667 0.364815 0.015103 0.023061
5 0.653436 0.341989 0.015103 0.023061
5 0.669840 0.342637 0.015103 0.023061
5 0.693044 0.409171 0.015103 0.023061
5 0.676747 0.408847 0.015103 0.023061
5 0.660775 0.409171 0.015103 0.023061
5 0.644371 0.409656 0.015103 0.023061
5 0.717218 0.430377 0.015103 0.023061
5 0.700814 0.430863 0.015103 0.023061
5 0.685058 0.431349 0.015103 0.023061
5 0.668761 0.431025 0.015103 0.023061
5 0.652789 0.431349 0.015103 0.023061
5 0.636385 0.431834 0.015103 0.023061
5 0.725420 0.452070 0.015103 0.023061
5 0.709340 0.452070 0.015103 0.023061
5 0.692828 0.452394 0.015103 0.023061
5 0.676747 0.453041 0.015103 0.023061
5 0.660451 0.452717 0.015103 0.023061
5 0.644479 0.453041 0.015103 0.023061
5 0.765795 0.429909 0.015103 0.023061
5 0.840737 0.407455 0.015103 0.023061
5 0.824117 0.407940 0.015103 0.023061
5 0.807540 0.407616 0.015103 0.023061
5 0.791136 0.408102 0.015103 0.023061
5 0.816258 0.430395 0.015103 0.023061
5 0.799681 0.430071 0.015103 0.023061
5 0.799758 0.472993 0.015103 0.023061
5 0.783449 0.473624 0.015103 0.023061
5 0.791652 0.451446 0.015103 0.023061
5 0.808272 0.450960 0.015103 0.023061
5 0.766621 0.473941 0.015103 0.023061
5 0.750432 0.473779 0.015103 0.023061
5 0.734714 0.515881 0.015103 0.023061
5 0.726282 0.495074 0.015103 0.023061
5 0.717972 0.473641 0.015103 0.023061
5 0.718310 0.516205 0.015103 0.023061
5 0.791963 0.494113 0.015103 0.023061
5 0.832071 0.383965 0.015103 0.023061
5 0.815804 0.385133 0.015103 0.023061
5 0.824181 0.361377 0.015103 0.023061
5 0.841625 0.361780 0.015103 0.023061
5 0.833249 0.337043 0.015103 0.023061
5 0.814103 0.335658 0.015103 0.023061
5 0.795058 0.337298 0.015103 0.023061
4 0.922367 0.413386 0.155266 0.239173
5 0.874441 0.364518 0.015103 0.023061
5 0.882330 0.387106 0.015103 0.023061
5 0.874246 0.407940 0.015103 0.023061
5 0.857687 0.407514 0.015103 0.023061
5 0.865577 0.430102 0.015103 0.023061
5 0.857492 0.451132 0.015103 0.023061
5 0.841257 0.451402 0.015103 0.023061
5 0.685147 0.474155 0.015103 0.023061
5 0.669067 0.474803 0.015103 0.023061
5 0.652771 0.474479 0.015103 0.023061
5 0.677565 0.495400 0.015103 0.023061
5 0.661127 0.496369 0.015103 0.023061
5 0.644688 0.496153 0.015103 0.023061
5 0.669625 0.516537 0.015103 0.023061
5 0.636748 0.517290 0.015103 0.023061
5 0.629387 0.538999 0.015103 0.023061
5 0.645359 0.538675 0.015103 0.023061
5 0.678283 0.537859 0.015103 0.023061
5 0.579508 0.497465 0.015103 0.023061
5 0.596057 0.496697 0.015103 0.023061
5 0.612386 0.496712 0.015103 0.023061
5 0.546592 0.498494 0.015103 0.023061
5 0.579458 0.497371 0.015103 0.023061
5 0.571619 0.434968 0.015103 0.023061
5 0.587559 0.433438 0.015103 0.023061
5 0.603531 0.432244 0.015103 0.023061
5 0.619828 0.432567 0.015103 0.023061
5 0.628162 0.410215 0.015103 0.023061
5 0.611518 0.410066 0.015103 0.023061
5 0.595545 0.410389 0.015103 0.023061
5 0.579373 0.412094 0.015103 0.023061
5 0.611819 0.453808 0.015103 0.023061
5 0.595639 0.454877 0.015103 0.023061
5 0.579550 0.455549 0.015103 0.023061
5 0.563146 0.455512 0.015103 0.023061
5 0.620408 0.475048 0.015103 0.023061
5 0.604228 0.476117 0.015103 0.023061
5 0.571193 0.476963 0.015103 0.023061
5 0.554789 0.476927 0.015103 0.023061
5 0.587757 0.389883 0.015103 0.023061
5 0.604473 0.388832 0.015103 0.023061
5 0.595839 0.368420 0.015103 0.023061
5 0.612421 0.365967 0.015103 0.023061
5 0.578829 0.368162 0.015103 0.023061
5 0.570989 0.390209 0.015103 0.023061
5 0.562933 0.413074 0.015103 0.023061
5 0.554476 0.433960 0.015103 0.023061
5 0.546379 0.455349 0.015103 0.023061
5 0.537586 0.477743 0.015103 0.023061
5 0.529953 0.498747 0.015103 0.023061
5 0.555233 0.519485 0.015103 0.023061
5 0.513330 0.499452 0.015103 0.023061
5 0.497740 0.541714 0.015103 0.023061
5 0.554460 0.389646 0.015103 0.023061
5 0.545840 0.412228 0.015103 0.023061
5 0.529380 0.456053 0.015103 0.023061
5 0.545582 0.367598 0.015103 0.023061
5 0.537649 0.389928 0.015103 0.023061
5 0.529592 0.412510 0.015103 0.023061
5 0.520666 0.434946 0.015103 0.023061
5 0.529146 0.366753 0.015103 0.023061
5 0.520838 0.388801 0.015103 0.023061
5 0.512687 0.412088 0.015103 0.023061
5 0.504230 0.434805 0.015103 0.023061
5 0.496157 0.411806 0.015103 0.023061
5 0.504728 0.388448 0.015103 0.023061
5 0.520600 0.342381 0.015103 0.023061
5 0.495712 0.365203 0.015103 0.023061
5 0.488386 0.388589 0.015103 0.023061
5 0.480191 0.411383 0.015103 0.023061
5 0.472047 0.434850 0.015103 0.023061
5 0.488264 0.434664 0.015103 0.023061
5 0.512777 0.457204 0.015103 0.023061
5 0.496341 0.457063 0.015103 0.023061
5 0.480751 0.457345 0.015103 0.023061
5 0.464316 0.457204 0.015103 0.023061
5 0.448452 0.457914 0.015103 0.023061
5 0.433068 0.500646 0.015103 0.023061
5 0.449503 0.500787 0.015103 0.023061
5 0.465094 0.500505 0.015103 0.023061
5 0.481529 0.500646 0.015103 0.023061
5 0.488983 0.479204 0.015103 0.023061
5 0.472983 0.479227 0.015103 0.023061
5 0.457017 0.479086 0.015103 0.023061
5 0.440690 0.479272 0.015103 0.023061
5 0.455832 0.387119 0.015103 0.023061
5 0.447855 0.411056 0.015103 0.023061
5 0.440255 0.434523 0.015103 0.023061
5 0.456146 0.434501 0.015103 0.023061
5 0.463821 0.410663 0.015103 0.023061
5 0.472391 0.388121 0.015103 0.023061
5 0.447557 0.363601 0.015103 0.023061
5 0.439580 0.386722 0.015103 0.023061
5 0.431980 0.410189 0.015103 0.023061
5 0.424353 0.433847 0.015103 0.023061
5 0.416333 0.458078 0.015103 0.023061
5 0.432197 0.457367 0.015103 0.023061
5 0.392240 0.480578 0.015103 0.023061
5 0.408566 0.480393 0.015103 0.023061
5 0.424532 0.480533 0.015103 0.023061
5 0.416643 0.501812 0.015103 0.023061
5 0.401053 0.502094 0.015103 0.023061
5 0.384617 0.501953 0.015103 0.023061
5 0.441337 0.522345 0.015103 0.023061
5 0.424902 0.522204 0.015103 0.023061
5 0.408477 0.523370 0.015103 0.023061
5 0.456928 0.522063 0.015103 0.023061
5 0.392887 0.523651 0.015103 0.023061
5 0.376452 0.523510 0.015103 0.023061
5 0.417903 0.585970 0.015103 0.023061
5 0.401467 0.585829 0.015103 0.023061
5 0.384926 0.586643 0.015103 0.023061
5 0.400942 0.545049 0.015103 0.023061
5 0.417367 0.543883 0.015103 0.023061
5 0.425871 0.565230 0.015103 0.023061
5 0.409435 0.565089 0.015103 0.023061
5 0.393010 0.566255 0.015103 0.023061
5 0.458143 0.563920 0.015103 0.023061
5 0.458334 0.606076 0.015103 0.023061
5 0.442744 0.606358 0.015103 0.023061
5 0.426308 0.606217 0.015103 0.023061
5 0.410118 0.606504 0.015103 0.023061
5 0.393824 0.607313 0.015103 0.023061
5 0.377155 0.607523 0.015103 0.023061
5 0.360205 0.567142 0.015103 0.023061
5 0.376744 0.566320 0.015103 0.023061
5 0.308799 0.437722 0.015103 0.023061
5 0.325340 0.437574 0.015103 0.023061
5 0.350836 0.415049 0.015103 0.023061
5 0.358962 0.436666 0.015103 0.023061
5 0.375088 0.434971 0.015103 0.023061
5 0.391512 0.435524 0.015103 0.023061
5 0.407947 0.435664 0.015103 0.023061
5 0.341963 0.436180 0.015103 0.023061
5 0.383412 0.411645 0.015103 0.023061
5 0.399195 0.409728 0.015103 0.023061
5 0.415814 0.410281 0.015103 0.023061
5 0.400080 0.458716 0.015103 0.023061
5 0.383645 0.458575 0.015103 0.023061
5 0.367130 0.458434 0.015103 0.023061
5 0.350455 0.458894 0.015103 0.023061
5 0.333822 0.458819 0.015103 0.023061
5 0.317291 0.460626 0.015103 0.023061
5 0.300841 0.459675 0.015103 0.023061
5 0.284101 0.460773 0.015103 0.023061
5 0.359211 0.481343 0.015103 0.023061
5 0.342536 0.481803 0.015103 0.023061
5 0.325809 0.481870 0.015103 0.023061
5 0.308994 0.482686 0.015103 0.023061
5 0.292733 0.483009 0.015103 0.023061
5 0.275899 0.482834 0.015103 0.023061
5 0.376009 0.480211 0.015103 0.023061
5 0.392444 0.480352 0.015103 0.023061
5 0.367806 0.502838 0.015103 0.023061
5 0.351197 0.503687 0.015103 0.023061
5 0.334617 0.503723 0.015103 0.023061
5 0.317984 0.504355 0.015103 0.023061
5 0.301546 0.504889 0.015103 0.023061
5 0.284248 0.504787 0.015103 0.023061
5 0.268168 0.503763 0.015103 0.023061
5 0.251670 0.504612 0.015103 0.023061
5 0.244042 0.569071 0.015103 0.023061
5 0.260846 0.569416 0.015103 0.023061
5 0.277330 0.569517 0.015103 0.023061
5 0.293767 0.568984 0.015103 0.023061
5 0.310400 0.568351 0.015103 0.023061
5 0.326866 0.568144 0.015103 0.023061
5 0.343451 0.567893 0.015103 0.023061
5 0.351882 0.546468 0.015103 0.023061
5 0.334970 0.546913 0.015103 0.023061
5 0.318410 0.547246 0.015103 0.023061
5 0.301592 0.547313 0.015103 0.023061
5 0.285140 0.548129 0.015103 0.023061
5 0.268516 0.548316 0.015103 0.023061
5 0.251954 0.547734 0.015103 0.023061
5 0.259975 0.526352 0.015103 0.023061
5 0.276715 0.526204 0.015103 0.023061
5 0.293812 0.526397 0.015103 0.023061
5 0.309877 0.526162 0.015103 0.023061
5 0.326329 0.525151 0.015103 0.023061
5 0.343004 0.524691 0.015103 0.023061
5 0.359519 0.524832 0.015103 0.023061
5 0.368445 0.545855 0.015103 0.023061
5 0.352422 0.587742 0.015103 0.023061
5 0.335669 0.588494 0.015103 0.023061
5 0.319313 0.589259 0.015103 0.023061
5 0.303075 0.589124 0.015103 0.023061
5 0.286442 0.589756 0.015103 0.023061
5 0.270005 0.590290 0.015103 0.023061
5 0.253521 0.590188 0.015103 0.023061
5 0.242795 0.525668 0.015103 0.023061
5 0.210941 0.527922 0.015103 0.023061
5 0.227681 0.526963 0.015103 0.023061
5 0.219212 0.547993 0.015103 0.023061
5 0.212442 0.568687 0.015103 0.023061
5 0.228746 0.568924 0.015103 0.023061
5 0.235835 0.548212 0.015103 0.023061
5 0.203551 0.547005 0.015103 0.023061
5 0.195639 0.568342 0.015103 0.023061
5 0.312335 0.610718 0.015103 0.023061
5 0.385181 0.589107 0.015103 0.023061
5 0.401999 0.589041 0.015103 0.023061
5 0.418559 0.588708 0.015103 0.023061
5 0.956978 0.449000 0.015103 0.023061
5 0.940175 0.448758 0.015103 0.023061
5 0.924204 0.449249 0.015103 0.023061
5 0.907706 0.449735 0.015103 0.023061
5 0.948132 0.469691 0.015103 0.023061
5 0.972616 0.490992 0.015103 0.023061
5 0.882760 0.513946 0.015103 0.023061
5 0.981217 0.426597 0.015103 0.023061
5 0.964536 0.426538 0.015103 0.023061
5 0.948565 0.427030 0.015103 0.023061
5 0.998864 0.447027 0.002273 0.023061
5 0.989308 0.447519 0.015103 0.023061
5 0.973015 0.448128 0.015103 0.023061
5 0.186790 0.547355 0.015103 0.023061
5 0.170166 0.547136 0.015103 0.023061
5 0.178723 0.568518 0.015103 0.023061
5 0.162419 0.568282 0.015103 0.023061
5 0.145615 0.567936 0.015103 0.023061
5 0.153527 0.546600 0.015103 0.023061
5 0.221071 0.590031 0.015103 0.023061
5 0.204767 0.589794 0.015103 0.023061
5 0.187964 0.589449 0.015103 0.023061
5 0.171047 0.589626 0.015103 0.023061
5 0.154743 0.589389 0.015103 0.023061
5 0.213018 0.610387 0.015103 0.023061
5 0.195968 0.610598 0.015103 0.023061
5 0.180209 0.609582 0.015103 0.023061
5 0.163293 0.609758 0.015103 0.023061
5 0.146989 0.609521 0.015103 0.023061
5 0.295619 0.610151 0.015103 0.023061
5 0.278986 0.610783 0.015103 0.023061
5 0.262549 0.611317 0.015103 0.023061
