6 0.572917 0.673769 0.854167 0.652462
5 0.324746 0.536579 0.013329 0.018482
5 0.314951 0.517211 0.013207 0.017673
5 0.336796 0.494503 0.012500 0.018201
5 0.345671 0.475535 0.012086 0.018014
5 0.361610 0.474912 0.012981 0.018549
5 0.368644 0.494815 0.013161 0.017221
5 0.377222 0.473577 0.012866 0.018014
5 0.370039 0.454074 0.012746 0.017472
5 0.354605 0.454432 0.012268 0.017116
5 0.337123 0.456480 0.013510 0.016939
5 0.320175 0.456390 0.011785 0.014624
5 0.311152 0.476425 0.012494 0.016233
5 0.289842 0.498776 0.011184 0.017133
5 0.299369 0.517744 0.012789 0.017675
5 0.295720 0.576866 0.014392 0.019460
5 0.255590 0.561013 0.012483 0.016605
5 0.271084 0.559411 0.012842 0.018741
5 0.278267 0.538572 0.011539 0.016596
5 0.230243 0.503042 0.012358 0.016049
5 0.250011 0.620043 0.013789 0.016072
5 0.334362 0.557183 0.012262 0.017488
5 0.349975 0.556825 0.012148 0.017843
5 0.377544 0.513778 0.012800 0.017221
5 0.361903 0.514801 0.013210 0.018733
5 0.327588 0.438317 0.012603 0.016406
5 0.391937 0.471444 0.012618 0.016418
5 0.407549 0.507507 0.011791 0.019815
5 0.392797 0.511515 0.012322 0.018570
5 0.247222 0.542135 0.012129 0.017311
5 0.240811 0.601622 0.012128 0.016622
5 0.240393 0.564103 0.011927 0.016518
5 0.224729 0.602161 0.012224 0.017701
5 0.210197 0.641458 0.012000 0.017062
5 0.436965 0.504022 0.012279 0.020265
5 0.384108 0.492299 0.011960 0.016125
5 0.353007 0.495440 0.013485 0.017810
5 0.466787 0.501723 0.012790 0.020263
5 0.451439 0.502183 0.012429 0.019344
5 0.445822 0.525395 0.013243 0.017360
5 0.473756 0.479659 0.012331 0.016577
5 0.465866 0.460277 0.012789 0.017337
5 0.450009 0.427256 0.012020 0.016558
5 0.481132 0.459744 0.011252 0.013816
5 0.494844 0.461428 0.010388 0.015045
5 0.488308 0.480810 0.012633 0.016125
5 0.496504 0.502031 0.012175 0.017204
5 0.475437 0.524020 0.012017 0.018899
5 0.491143 0.523099 0.012481 0.017978
5 0.484860 0.543899 0.010947 0.016837
5 0.494359 0.565159 0.010949 0.016617
5 0.543003 0.500346 0.012341 0.018430
5 0.527427 0.500270 0.011826 0.017358
5 0.512413 0.502339 0.011821 0.019657
5 0.503400 0.482114 0.013097 0.016892
5 0.538581 0.456795 0.012789 0.019870
5 0.555409 0.456603 0.012640 0.018722
5 0.564831 0.476139 0.012795 0.019188
5 0.548821 0.477749 0.012331 0.018729
5 0.546318 0.435611 0.014067 0.016262
5 0.538453 0.417147 0.012432 0.014264
5 0.529746 0.436148 0.011255 0.017334
5 0.554766 0.560253 0.012580 0.017531
5 0.563524 0.434280 0.012022 0.015897
5 0.571978 0.413326 0.013300 0.013975
5 0.555098 0.416392 0.011712 0.016428
5 0.579612 0.432557 0.011719 0.014747
5 0.589648 0.414093 0.011873 0.015507
5 0.589111 0.450253 0.012334 0.017971
5 0.571952 0.454008 0.014168 0.017206
5 0.580429 0.475535 0.012128 0.019820
5 0.595521 0.473733 0.011978 0.017597
5 0.610638 0.472777 0.012186 0.017981
5 0.604279 0.451634 0.012644 0.017971
5 0.630044 0.451172 0.012191 0.018892
5 0.633797 0.428419 0.013264 0.017505
5 0.649878 0.424354 0.012541 0.016726
5 0.640993 0.407116 0.013152 0.012583
5 0.657820 0.406349 0.012186 0.014728
5 0.604631 0.495526 0.012121 0.016600
5 0.597762 0.515750 0.012170 0.016607
5 0.582415 0.517588 0.010584 0.015689
5 0.591506 0.537202 0.011608 0.015391
5 0.625262 0.472427 0.012331 0.017739
5 0.619160 0.493916 0.012074 0.018897
5 0.649751 0.490393 0.011367 0.018284
5 0.665379 0.488859 0.011982 0.017976
5 0.640456 0.470398 0.012181 0.018736
5 0.645257 0.447185 0.012183 0.019186
5 0.661012 0.444732 0.012748 0.017959
5 0.676894 0.444311 0.012038 0.019415
5 0.668239 0.422938 0.012801 0.017109
5 0.684479 0.424278 0.012805 0.018411
5 0.699288 0.424967 0.011787 0.021629
5 0.692266 0.446264 0.011938 0.019186
5 0.685601 0.467486 0.011375 0.018428
5 0.701427 0.466065 0.012386 0.018802
5 0.710262 0.485410 0.012287 0.016589
5 0.718714 0.503603 0.011727 0.017590
5 0.725301 0.483492 0.012034 0.015514
5 0.716900 0.465107 0.011471 0.017346
5 0.708117 0.445111 0.012285 0.017798
5 0.723463 0.443196 0.012034 0.019484
5 0.714193 0.422244 0.012186 0.017559
5 0.728925 0.419375 0.011622 0.016877
5 0.744910 0.417689 0.012341 0.018101
5 0.736561 0.398537 0.012492 0.015644
5 0.759465 0.418033 0.012652 0.015575
5 0.737479 0.439867 0.011880 0.017881
5 0.760666 0.457334 0.012906 0.016049
5 0.754792 0.479207 0.012803 0.016134
5 0.739931 0.481276 0.012492 0.015675
5 0.731581 0.462353 0.012644 0.016435
5 0.769935 0.477292 0.012756 0.017817
5 0.784738 0.475031 0.012642 0.018812
5 0.794058 0.494872 0.012593 0.018052
5 0.803277 0.515097 0.011728 0.017140
5 0.821278 0.553556 0.011272 0.015930
5 0.839664 0.488667 0.011889 0.017590
5 0.815073 0.469860 0.012650 0.019039
5 0.799675 0.472694 0.012186 0.018274
5 0.776847 0.455381 0.011261 0.018575
5 0.782721 0.431669 0.012592 0.019408
5 0.797454 0.431669 0.011114 0.016650
5 0.791913 0.410831 0.012390 0.017562
5 0.780677 0.393518 0.012181 0.015715
5 0.835750 0.443277 0.010802 0.017808
5 0.820914 0.446610 0.012074 0.017578
5 0.885767 0.485026 0.012183 0.019498
5 0.892535 0.464571 0.011521 0.015658
5 0.880967 0.438790 0.012386 0.017566
5 0.866233 0.441664 0.011413 0.014579
5 0.876525 0.466371 0.011466 0.013899
5 0.913215 0.438797 0.012847 0.015741
5 0.888215 0.417538 0.012790 0.015961
5 0.863319 0.398385 0.012325 0.018099
5 0.891152 0.382067 0.014476 0.016101
5 0.907902 0.378466 0.011416 0.015028
5 0.971556 0.431558 0.011878 0.018265
5 0.977454 0.410223 0.011727 0.018946
5 0.981744 0.386816 0.012341 0.017022
5 0.989864 0.367358 0.013262 0.014870
5 0.996366 0.386089 0.007268 0.018783
5 0.997667 0.428646 0.004665 0.018875
5 0.967266 0.454541 0.013103 0.019193
5 0.937640 0.456986 0.012066 0.017652
5 0.951761 0.454650 0.012426 0.017114
5 0.254206 0.522225 0.012925 0.018435
5 0.238329 0.481603 0.012502 0.018812
