6 0.558239 0.699219 0.883523 0.601562
5 0.662491 0.444628 0.014857 0.021683
5 0.646409 0.444927 0.014857 0.021683
5 0.678174 0.444028 0.014857 0.021683
5 0.693857 0.444028 0.014857 0.021683
5 0.638699 0.464928 0.014857 0.021683
5 0.654509 0.464764 0.014857 0.021683
5 0.670464 0.464029 0.014857 0.021683
5 0.686147 0.464029 0.014857 0.021683
5 0.646681 0.485065 0.014857 0.021683
5 0.662673 0.484765 0.014857 0.021683
5 0.678446 0.484166 0.014857 0.021683
5 0.654663 0.505065 0.014857 0.021683
5 0.670564 0.504494 0.014857 0.021683
5 0.701939 0.504575 0.014857 0.021683
5 0.693957 0.484438 0.014857 0.021683
5 0.709459 0.444437 0.014857 0.021683
5 0.701749 0.464437 0.014857 0.021683
5 0.716625 0.423756 0.014857 0.021683
5 0.701023 0.424028 0.014857 0.021683
5 0.685703 0.423756 0.014857 0.021683
5 0.638989 0.424436 0.014857 0.021683
5 0.622762 0.465309 0.014857 0.021683
5 0.614934 0.485881 0.014857 0.021683
5 0.631017 0.445036 0.014857 0.021683
5 0.622844 0.425388 0.014857 0.021683
5 0.614962 0.445716 0.014857 0.021683
5 0.607070 0.465717 0.014857 0.021683
5 0.599242 0.486289 0.014857 0.021683
5 0.590834 0.506943 0.014857 0.021683
5 0.606979 0.506398 0.014857 0.021683
5 0.623460 0.505882 0.014857 0.021683
5 0.748811 0.462745 0.014857 0.021683
5 0.733104 0.463126 0.014857 0.021683
5 0.724950 0.443484 0.014857 0.021683
5 0.740691 0.442336 0.014857 0.021683
5 0.725242 0.483262 0.014857 0.021683
5 0.740838 0.483415 0.014857 0.021683
5 0.756684 0.482424 0.014857 0.021683
5 0.717561 0.503780 0.014857 0.021683
5 0.709459 0.524455 0.014857 0.021683
5 0.725055 0.524608 0.014857 0.021683
5 0.740901 0.523775 0.014857 0.021683
5 0.748624 0.503459 0.014857 0.021683
5 0.764365 0.503100 0.014857 0.021683
5 0.771941 0.441862 0.014857 0.021683
5 0.764249 0.462179 0.014857 0.021683
5 0.772403 0.482468 0.014857 0.021683
5 0.780061 0.461640 0.014857 0.021683
5 0.803969 0.481836 0.014857 0.021683
5 0.796141 0.501995 0.014857 0.021683
5 0.788250 0.481793 0.014857 0.021683
5 0.819752 0.440485 0.014857 0.021683
5 0.804138 0.440915 0.014857 0.021683
5 0.788186 0.441117 0.014857 0.021683
5 0.828040 0.461009 0.014857 0.021683
5 0.820383 0.481836 0.014857 0.021683
5 0.812229 0.461547 0.014857 0.021683
5 0.835932 0.481842 0.014857 0.021683
5 0.827854 0.502354 0.014857 0.021683
5 0.811755 0.502038 0.014857 0.021683
5 0.788565 0.522986 0.014857 0.021683
5 0.804179 0.523030 0.014857 0.021683
5 0.820278 0.522872 0.014857 0.021683
5 0.749003 0.544293 0.014857 0.021683
5 0.764617 0.544336 0.014857 0.021683
5 0.780716 0.544179 0.014857 0.021683
5 0.828128 0.543346 0.014857 0.021683
5 0.844268 0.544021 0.014857 0.021683
5 0.860577 0.543232 0.014857 0.021683
5 0.852223 0.523302 0.014857 0.021683
5 0.867837 0.523187 0.014857 0.021683
5 0.883830 0.522398 0.014857 0.021683
5 0.844121 0.501995 0.014857 0.021683
5 0.859945 0.501881 0.014857 0.021683
5 0.875939 0.502038 0.014857 0.021683
5 0.876149 0.543389 0.014857 0.021683
5 0.788818 0.565170 0.014857 0.021683
5 0.804916 0.565012 0.014857 0.021683
5 0.923652 0.501628 0.014857 0.021683
5 0.907659 0.501470 0.014857 0.021683
5 0.891652 0.502132 0.014857 0.021683
5 0.883715 0.481605 0.014857 0.021683
5 0.899722 0.480943 0.014857 0.021683
5 0.915806 0.481238 0.014857 0.021683
5 0.875595 0.461078 0.014857 0.021683
5 0.891602 0.460416 0.014857 0.021683
5 0.907687 0.460711 0.014857 0.021683
5 0.867567 0.440415 0.014857 0.021683
5 0.899659 0.440047 0.014857 0.021683
5 0.883392 0.439342 0.014857 0.021683
5 0.971288 0.541946 0.014857 0.021683
5 0.955560 0.542426 0.014857 0.021683
5 0.939818 0.542609 0.014857 0.021683
5 0.923574 0.542356 0.014857 0.021683
5 0.907528 0.542757 0.014857 0.021683
5 0.931439 0.521472 0.014857 0.021683
5 0.947683 0.521725 0.014857 0.021683
5 0.963579 0.480570 0.014857 0.021683
5 0.947800 0.480584 0.014857 0.021683
5 0.931489 0.480457 0.014857 0.021683
5 0.939727 0.460015 0.014857 0.021683
5 0.923675 0.460198 0.014857 0.021683
5 0.955765 0.460078 0.014857 0.021683
5 0.947945 0.439241 0.014857 0.021683
5 0.964100 0.439213 0.014857 0.021683
5 0.979746 0.439294 0.014857 0.021683
5 0.971707 0.460015 0.014857 0.021683
5 0.987641 0.459923 0.014857 0.021683
5 0.997841 0.500041 0.004319 0.021683
5 0.987168 0.500105 0.014857 0.021683
5 0.979429 0.480122 0.014857 0.021683
5 0.994078 0.480093 0.011844 0.021683
5 0.993978 0.520484 0.012044 0.021683
5 0.993833 0.438692 0.012334 0.021683
5 0.997793 0.459158 0.004413 0.021683
5 0.693890 0.565639 0.014857 0.021683
5 0.701992 0.545058 0.014857 0.021683
5 0.582875 0.487081 0.014857 0.021683
5 0.566847 0.487038 0.014857 0.021683
5 0.574562 0.466595 0.014857 0.021683
5 0.590590 0.466638 0.014857 0.021683
5 0.566436 0.446447 0.014857 0.021683
5 0.582464 0.446490 0.014857 0.021683
5 0.542862 0.467099 0.014857 0.021683
5 0.558890 0.467142 0.014857 0.021683
5 0.518152 0.447067 0.014857 0.021683
5 0.534181 0.447110 0.014857 0.021683
5 0.550638 0.446777 0.014857 0.021683
5 0.494443 0.427463 0.014857 0.021683
5 0.510256 0.426864 0.014857 0.021683
5 0.526285 0.426852 0.014857 0.021683
5 0.542083 0.426522 0.014857 0.021683
5 0.574077 0.426522 0.014857 0.021683
5 0.478517 0.427356 0.014857 0.021683
5 0.503369 0.487238 0.014857 0.021683
5 0.519398 0.487281 0.014857 0.021683
5 0.535069 0.487163 0.014857 0.021683
5 0.551098 0.487206 0.014857 0.021683
5 0.543385 0.507452 0.014857 0.021683
5 0.574999 0.507270 0.014857 0.021683
5 0.511595 0.507702 0.014857 0.021683
5 0.510793 0.467275 0.014857 0.021683
5 0.494943 0.467175 0.014857 0.021683
5 0.486985 0.447212 0.014857 0.021683
5 0.470868 0.447513 0.014857 0.021683
5 0.478960 0.467877 0.014857 0.021683
5 0.487319 0.488341 0.014857 0.021683
5 0.495478 0.508003 0.014857 0.021683
5 0.431912 0.468239 0.014857 0.021683
5 0.447293 0.468079 0.014857 0.021683
5 0.462902 0.467908 0.014857 0.021683
5 0.440527 0.488570 0.014857 0.021683
5 0.455908 0.488410 0.014857 0.021683
5 0.471516 0.488239 0.014857 0.021683
5 0.447996 0.509175 0.014857 0.021871
5 0.463920 0.508831 0.014857 0.021683
5 0.479769 0.508208 0.014857 0.021683
5 0.424021 0.447817 0.014857 0.021683
5 0.455011 0.447487 0.014857 0.021683
5 0.439402 0.447657 0.014857 0.021683
5 0.456158 0.529497 0.014857 0.021683
5 0.472007 0.528875 0.014857 0.021683
5 0.487716 0.528670 0.014857 0.021683
5 0.503833 0.528368 0.014857 0.021683
5 0.496291 0.549282 0.014857 0.021683
5 0.511952 0.549037 0.014857 0.021683
5 0.527849 0.548454 0.014857 0.021683
5 0.543589 0.548625 0.014857 0.021683
5 0.535269 0.528176 0.014857 0.021683
5 0.567024 0.528270 0.014857 0.021683
5 0.559604 0.548549 0.014857 0.021683
5 0.583141 0.527623 0.014857 0.021683
5 0.598975 0.527296 0.014857 0.021683
5 0.615121 0.526752 0.014857 0.021683
5 0.575308 0.548302 0.014857 0.021683
5 0.607259 0.547328 0.014857 0.021683
5 0.623405 0.546784 0.014857 0.021683
5 0.591425 0.547655 0.014857 0.021683
5 0.639274 0.546334 0.014857 0.021683
5 0.647036 0.525668 0.014857 0.021683
5 0.520071 0.569890 0.014857 0.021683
5 0.535920 0.569267 0.014857 0.021683
5 0.552071 0.569228 0.014857 0.021683
5 0.568188 0.568927 0.014857 0.021683
5 0.408409 0.488871 0.014857 0.021683
5 0.415776 0.467737 0.014857 0.021683
5 0.424133 0.488325 0.014857 0.021683
5 0.416393 0.509477 0.014857 0.021871
5 0.432176 0.509348 0.014857 0.021871
5 0.409016 0.529934 0.014857 0.021871
5 0.424799 0.529806 0.014857 0.021871
5 0.440619 0.529633 0.014857 0.021871
5 0.401554 0.550907 0.014857 0.021871
5 0.417337 0.550778 0.014857 0.021871
5 0.433157 0.550605 0.014857 0.021871
5 0.448695 0.550469 0.014857 0.021683
5 0.464545 0.549847 0.014857 0.021683
5 0.394091 0.572007 0.014857 0.021871
5 0.409874 0.571879 0.014857 0.021871
5 0.378142 0.572007 0.014857 0.021871
5 0.392984 0.530183 0.014857 0.021871
5 0.400693 0.510224 0.014857 0.021871
5 0.385605 0.550907 0.014857 0.021871
5 0.399018 0.427881 0.014857 0.021683
5 0.391625 0.448067 0.014857 0.021683
5 0.384127 0.469357 0.014857 0.021683
5 0.376594 0.489370 0.014857 0.021683
5 0.399993 0.468734 0.014857 0.021683
5 0.392543 0.489494 0.014857 0.021683
5 0.369367 0.510178 0.014857 0.021683
5 0.384984 0.509929 0.014857 0.021683
5 0.345859 0.530737 0.014857 0.021683
5 0.361808 0.530613 0.014857 0.021683
5 0.377518 0.530534 0.014857 0.021871
5 0.338217 0.552044 0.014857 0.021683
5 0.354000 0.551795 0.014857 0.021683
5 0.369709 0.551717 0.014857 0.021871
5 0.331073 0.572728 0.014857 0.021683
5 0.346856 0.572479 0.014857 0.021683
5 0.362565 0.572400 0.014857 0.021871
5 0.323597 0.593287 0.014857 0.021683
5 0.355505 0.592959 0.014857 0.021871
5 0.371082 0.592567 0.014857 0.021871
5 0.339130 0.594035 0.014857 0.021683
5 0.528680 0.590419 0.014857 0.021683
5 0.544529 0.589796 0.014857 0.021683
5 0.441413 0.571001 0.014857 0.021871
5 0.456951 0.570866 0.014857 0.021683
5 0.472800 0.570243 0.014857 0.021683
5 0.402667 0.592522 0.014857 0.021871
5 0.433969 0.592117 0.014857 0.021871
5 0.449790 0.591944 0.014857 0.021871
5 0.465328 0.591808 0.014857 0.021683
5 0.481177 0.591186 0.014857 0.021683
5 0.418187 0.592245 0.014857 0.021871
5 0.386946 0.592798 0.014857 0.021871
5 0.363770 0.613470 0.014857 0.021871
5 0.395536 0.613187 0.014857 0.021871
5 0.411258 0.612910 0.014857 0.021871
5 0.426777 0.612634 0.014857 0.021871
5 0.442397 0.612627 0.014857 0.021871
5 0.458380 0.612332 0.014857 0.021871
5 0.473918 0.611465 0.014857 0.021683
5 0.388214 0.633200 0.014857 0.021871
5 0.403936 0.632923 0.014857 0.021871
5 0.419455 0.632647 0.014857 0.021871
5 0.435075 0.632641 0.014857 0.021871
5 0.451058 0.632346 0.014857 0.021871
5 0.466596 0.631478 0.014857 0.021683
5 0.324521 0.634665 0.014857 0.021683
5 0.332139 0.614069 0.014857 0.021683
5 0.347849 0.613990 0.014857 0.021871
5 0.340788 0.634549 0.014857 0.021871
5 0.307707 0.593447 0.014857 0.021683
5 0.333159 0.654820 0.014857 0.021683
5 0.349106 0.654385 0.014857 0.021871
5 0.364683 0.653992 0.014857 0.021871
5 0.329543 0.530897 0.014857 0.021683
5 0.322007 0.551564 0.014857 0.021683
5 0.314863 0.572248 0.014857 0.021683
5 0.337221 0.510422 0.014857 0.021683
5 0.353110 0.510582 0.014857 0.021683
5 0.345006 0.489947 0.014857 0.021683
5 0.360895 0.490107 0.014857 0.021683
5 0.352348 0.469677 0.014857 0.021683
5 0.368214 0.469054 0.014857 0.021683
5 0.336565 0.469197 0.014857 0.021683
5 0.329223 0.489467 0.014857 0.021683
5 0.321438 0.509942 0.014857 0.021683
5 0.295615 0.448402 0.014857 0.021683
5 0.311718 0.448082 0.014857 0.021683
5 0.327797 0.447779 0.014857 0.021683
5 0.375522 0.448386 0.014857 0.021683
5 0.304253 0.469517 0.014857 0.021683
5 0.296911 0.489787 0.014857 0.021683
5 0.289553 0.510582 0.014857 0.021683
5 0.313227 0.489467 0.014857 0.021683
5 0.305442 0.509942 0.014857 0.021683
5 0.281981 0.531697 0.014857 0.021683
5 0.298297 0.531377 0.014857 0.021683
5 0.274623 0.552652 0.014857 0.021683
5 0.290619 0.552492 0.014857 0.021683
5 0.306295 0.552332 0.014857 0.021683
5 0.265558 0.490907 0.014857 0.021683
5 0.274090 0.511062 0.014857 0.021683
5 0.249882 0.491387 0.014857 0.021683
5 0.258307 0.511862 0.014857 0.021683
5 0.250735 0.532977 0.014857 0.021683
5 0.258733 0.553292 0.014857 0.021683
5 0.266412 0.532177 0.014857 0.021683
5 0.227168 0.554251 0.014857 0.021683
5 0.234739 0.533137 0.014857 0.021683
5 0.235806 0.575046 0.014857 0.021683
5 0.243484 0.553932 0.014857 0.021683
5 0.244124 0.595201 0.014857 0.021683
5 0.260013 0.594562 0.014857 0.021683
5 0.276009 0.594402 0.014857 0.021683
5 0.283687 0.573287 0.014857 0.021683
5 0.267371 0.573607 0.014857 0.021683
5 0.251802 0.574087 0.014857 0.021683
5 0.292112 0.594082 0.014857 0.021683
5 0.252691 0.615325 0.014857 0.021683
5 0.268581 0.614685 0.014857 0.021683
5 0.284577 0.614525 0.014857 0.021683
5 0.245364 0.636124 0.014857 0.021683
5 0.261253 0.635484 0.014857 0.021683
5 0.277249 0.635324 0.014857 0.021683
5 0.293145 0.635324 0.014857 0.021683
5 0.238261 0.656585 0.014857 0.021683
5 0.254151 0.655946 0.014857 0.021683
5 0.270147 0.655786 0.014857 0.021683
5 0.286043 0.655786 0.014857 0.021683
5 0.219910 0.575129 0.014857 0.021683
5 0.212665 0.595407 0.014857 0.021683
5 0.221458 0.615530 0.014857 0.021683
5 0.205568 0.616170 0.014857 0.021683
5 0.213573 0.635955 0.014857 0.021683
5 0.222360 0.655777 0.014857 0.021683
5 0.172875 0.617354 0.014857 0.021683
5 0.188765 0.616714 0.014857 0.021683
5 0.215258 0.677083 0.014857 0.021683
5 0.231272 0.676539 0.014857 0.021683
5 0.247161 0.675900 0.014857 0.021683
5 0.206464 0.657298 0.014857 0.021683
5 0.256248 0.695849 0.014857 0.021683
5 0.271704 0.696120 0.014857 0.021683
5 0.240234 0.696393 0.014857 0.021683
5 0.232776 0.717076 0.014857 0.021683
5 0.248791 0.716532 0.014857 0.021683
5 0.241188 0.736978 0.014857 0.021683
5 0.257029 0.736564 0.014857 0.021683
5 0.272832 0.736314 0.014857 0.021683
5 0.287149 0.695873 0.014857 0.021683
5 0.295272 0.715231 0.014857 0.021683
5 0.303510 0.735263 0.014857 0.021683
5 0.296598 0.755859 0.014857 0.021683
5 0.280887 0.756246 0.014857 0.021683
5 0.265229 0.756798 0.014857 0.021683
5 0.257946 0.776893 0.014857 0.021683
5 0.242289 0.777444 0.014857 0.021683
5 0.273657 0.776505 0.014857 0.021683
5 0.305223 0.776505 0.014857 0.021683
5 0.312136 0.755909 0.014857 0.021683
5 0.226676 0.777193 0.014857 0.021683
5 0.218248 0.757486 0.014857 0.021683
5 0.210047 0.737252 0.014857 0.021683
5 0.177536 0.738410 0.014857 0.021683
5 0.193551 0.737866 0.014857 0.021683
5 0.219610 0.797427 0.014857 0.021683
5 0.235223 0.797677 0.014857 0.021683
5 0.250881 0.797126 0.014857 0.021683
5 0.266592 0.796738 0.014857 0.021683
5 0.227699 0.817635 0.014857 0.021683
5 0.243357 0.817084 0.014857 0.021683
5 0.259067 0.816696 0.014857 0.021683
5 0.251740 0.837180 0.014857 0.021683
5 0.267398 0.836629 0.014857 0.021683
5 0.282742 0.836241 0.014857 0.021683
5 0.259965 0.856587 0.014857 0.021683
5 0.275309 0.856199 0.014857 0.021683
5 0.244308 0.857138 0.014857 0.021683
5 0.204575 0.838144 0.014857 0.021683
5 0.220233 0.837592 0.014857 0.021683
5 0.212100 0.818186 0.014857 0.021683
5 0.326002 0.674661 0.014857 0.021871
5 0.341890 0.674259 0.014857 0.021871
5 0.373030 0.673976 0.014857 0.021871
5 0.357409 0.673983 0.014857 0.021871
5 0.326692 0.714719 0.014857 0.021871
5 0.334325 0.694092 0.014857 0.021871
5 0.411940 0.652877 0.014857 0.021871
5 0.396331 0.653492 0.014857 0.021871
5 0.997897 0.541331 0.004205 0.021683
5 0.979360 0.562219 0.014857 0.021683
5 0.583103 0.568787 0.014857 0.021683
5 0.615054 0.567814 0.014857 0.021683
5 0.599220 0.568141 0.014857 0.021683
5 0.591572 0.588736 0.014857 0.021683
5 0.607646 0.589273 0.014857 0.021683
5 0.623763 0.588626 0.014857 0.021683
5 0.639598 0.588299 0.014857 0.021683
5 0.373545 0.714174 0.014857 0.021871
5 0.335097 0.734611 0.014857 0.021871
5 0.297560 0.796348 0.014857 0.021683
5 0.322317 0.855688 0.014857 0.021683
5 0.306973 0.856076 0.014857 0.021683
5 0.291316 0.856627 0.014857 0.021683
5 0.329584 0.835931 0.014857 0.021683
5 0.314240 0.836319 0.014857 0.021683
5 0.298583 0.836870 0.014857 0.021683
5 0.345253 0.835931 0.014857 0.021683
5 0.337986 0.855688 0.014857 0.021683
5 0.252369 0.876043 0.014857 0.021683
5 0.268027 0.875492 0.014857 0.021683
5 0.283371 0.875105 0.014857 0.021683
5 0.299377 0.875532 0.014857 0.021683
5 0.229887 0.896652 0.014857 0.021683
5 0.245545 0.896100 0.014857 0.021683
5 0.260889 0.895713 0.014857 0.021683
5 0.222848 0.915217 0.014857 0.021683
5 0.238505 0.914665 0.014857 0.021683
5 0.262251 0.934716 0.014857 0.021683
5 0.269616 0.914665 0.014857 0.021683
