6 0.540948 0.608583 0.918103 0.782835
5 0.720068 0.290081 0.016621 0.027082
5 0.736972 0.289685 0.016621 0.027082
5 0.771306 0.289487 0.016621 0.027082
5 0.754403 0.289883 0.016621 0.027082
5 0.745423 0.264924 0.016621 0.027082
5 0.703165 0.288100 0.016621 0.027082
5 0.728527 0.263886 0.015136 0.022377
5 0.710963 0.264877 0.015136 0.022377
5 0.678213 0.267848 0.015136 0.022377
5 0.693796 0.264679 0.015136 0.022377
5 0.686533 0.289637 0.015136 0.022377
5 0.718490 0.242691 0.015136 0.022377
5 0.736450 0.242691 0.015136 0.022377
5 0.683759 0.242691 0.015136 0.022377
5 0.630301 0.263907 0.015136 0.022377
5 0.646553 0.264929 0.015136 0.022377
5 0.662194 0.267097 0.015136 0.022377
5 0.595649 0.260781 0.015136 0.022377
5 0.612949 0.261807 0.015136 0.022377
5 0.577902 0.260536 0.015136 0.022377
5 0.560186 0.260063 0.015136 0.022377
5 0.551673 0.281070 0.015136 0.022377
5 0.569115 0.281405 0.015136 0.022377
5 0.586404 0.282200 0.015136 0.022377
5 0.603887 0.282951 0.015136 0.022377
5 0.620873 0.286837 0.015136 0.022377
5 0.637399 0.288133 0.015136 0.022377
5 0.653499 0.290301 0.015136 0.022377
5 0.695032 0.314113 0.016621 0.027082
5 0.711577 0.314479 0.016621 0.027082
5 0.678049 0.314292 0.016621 0.027082
5 0.611552 0.310346 0.016621 0.027082
5 0.594450 0.309269 0.016621 0.027082
5 0.628243 0.312261 0.016621 0.027082
5 0.660903 0.313882 0.016621 0.027082
5 0.559274 0.304943 0.015136 0.022377
5 0.542453 0.304874 0.015136 0.022377
5 0.569583 0.238387 0.015136 0.022377
5 0.587034 0.239392 0.015136 0.022377
5 0.604248 0.239504 0.015136 0.022377
5 0.622169 0.241727 0.015136 0.022377
5 0.639780 0.242493 0.015136 0.022377
5 0.656489 0.243686 0.015136 0.022377
5 0.534047 0.238240 0.015136 0.022377
5 0.525237 0.259769 0.015136 0.022377
5 0.516724 0.282832 0.015136 0.022377
5 0.507406 0.305314 0.015136 0.022377
5 0.524815 0.304943 0.015136 0.022377
5 0.533873 0.281699 0.015136 0.022377
5 0.543443 0.260095 0.015136 0.022377
5 0.551497 0.239245 0.015136 0.022377
5 0.287616 0.295346 0.015136 0.022377
5 0.286756 0.252095 0.015136 0.022377
5 0.295932 0.230977 0.015136 0.022377
5 0.279390 0.273235 0.015136 0.022377
5 0.296124 0.274436 0.015136 0.022377
5 0.303955 0.253107 0.015136 0.022377
5 0.313200 0.232531 0.015136 0.022377
5 0.270477 0.294706 0.015136 0.022377
5 0.304579 0.296086 0.015136 0.022377
5 0.312643 0.275455 0.015136 0.022377
5 0.320973 0.253624 0.015136 0.022377
5 0.329821 0.233184 0.015136 0.022377
5 0.346905 0.234600 0.015136 0.022377
5 0.337682 0.254920 0.015136 0.022377
5 0.329810 0.275928 0.015136 0.022377
5 0.321213 0.296769 0.015136 0.022377
5 0.354799 0.255744 0.015136 0.022377
5 0.346561 0.277026 0.015136 0.022377
5 0.337964 0.297868 0.015136 0.022377
5 0.406424 0.256980 0.015136 0.022377
5 0.389674 0.256431 0.015136 0.022377
5 0.372598 0.256095 0.015136 0.022377
5 0.363170 0.277240 0.015136 0.022377
5 0.380337 0.277712 0.015136 0.022377
5 0.423358 0.301473 0.015136 0.022377
5 0.414173 0.323700 0.015136 0.022377
5 0.396667 0.322727 0.015136 0.022377
5 0.379781 0.321918 0.015136 0.022377
5 0.363070 0.320800 0.015136 0.022377
5 0.346099 0.319782 0.015136 0.022377
5 0.354844 0.298437 0.015136 0.022377
5 0.371578 0.299639 0.015136 0.022377
5 0.388685 0.300909 0.015136 0.022377
5 0.405768 0.300878 0.015136 0.022377
5 0.431216 0.325337 0.015136 0.022377
5 0.237455 0.249563 0.015136 0.022377
5 0.254101 0.250080 0.015136 0.022377
5 0.270811 0.251376 0.015136 0.022377
5 0.262382 0.272383 0.015136 0.022377
5 0.253320 0.293086 0.015136 0.022377
5 0.219908 0.291384 0.015136 0.022377
5 0.202955 0.290743 0.015136 0.022377
5 0.211404 0.269134 0.015136 0.022377
5 0.228695 0.270753 0.015136 0.022377
5 0.245493 0.271632 0.015136 0.022377
5 0.236872 0.292681 0.015136 0.022377
5 0.220256 0.248550 0.015136 0.022377
5 0.193979 0.312039 0.015136 0.022377
5 0.211615 0.312533 0.015136 0.022377
5 0.228578 0.313830 0.015136 0.022377
5 0.245026 0.314235 0.015136 0.022377
5 0.262183 0.315855 0.015136 0.022377
5 0.279322 0.316495 0.015136 0.022377
5 0.295993 0.317235 0.015136 0.022377
5 0.312919 0.317918 0.015136 0.022377
5 0.329670 0.319017 0.015136 0.022377
5 0.253894 0.336919 0.015136 0.022377
5 0.236737 0.335299 0.015136 0.022377
5 0.202740 0.333889 0.015136 0.022377
5 0.185104 0.333395 0.015136 0.022377
5 0.194338 0.269134 0.015136 0.022377
5 0.203385 0.247819 0.015136 0.022377
5 0.176230 0.310576 0.015136 0.022377
5 0.270155 0.337611 0.015136 0.022377
5 0.287183 0.339082 0.015136 0.022377
5 0.303854 0.339822 0.015136 0.022377
5 0.320780 0.340505 0.015136 0.022377
5 0.337531 0.341604 0.015136 0.022377
5 0.353960 0.342369 0.015136 0.022377
5 0.192823 0.354899 0.015136 0.022377
5 0.175187 0.354405 0.015136 0.022377
5 0.227740 0.357229 0.015136 0.022377
5 0.245204 0.357622 0.015136 0.022377
5 0.261465 0.358008 0.015136 0.022377
5 0.278493 0.359478 0.015136 0.022377
5 0.295164 0.360218 0.015136 0.022377
5 0.312090 0.360902 0.015136 0.022377
5 0.328841 0.362000 0.015136 0.022377
5 0.210666 0.356155 0.015136 0.022377
5 0.165876 0.375273 0.015136 0.022377
5 0.200789 0.376945 0.015136 0.022377
5 0.235705 0.379274 0.015136 0.022377
5 0.252496 0.380004 0.015136 0.022377
5 0.218632 0.378201 0.015136 0.022377
5 0.286459 0.381524 0.015136 0.022377
5 0.156452 0.396981 0.015136 0.022377
5 0.192262 0.398485 0.015136 0.022377
5 0.226261 0.401088 0.015136 0.022377
5 0.243334 0.402161 0.015136 0.022377
5 0.260125 0.402891 0.015136 0.022377
5 0.174985 0.397475 0.015136 0.022377
5 0.165449 0.419857 0.015136 0.022377
5 0.182726 0.420867 0.015136 0.022377
5 0.217867 0.423197 0.015136 0.022377
5 0.234658 0.423926 0.015136 0.022377
5 0.200793 0.422123 0.015136 0.022377
5 0.209116 0.445579 0.015136 0.022377
5 0.192043 0.444505 0.015136 0.022377
5 0.173975 0.443249 0.015136 0.022377
5 0.155352 0.440893 0.015136 0.022377
5 0.146040 0.463107 0.015136 0.022377
5 0.218066 0.468155 0.015136 0.022377
5 0.183853 0.466046 0.015136 0.022377
5 0.200926 0.467119 0.015136 0.022377
5 0.226070 0.446254 0.015136 0.022377
5 0.175451 0.487200 0.015136 0.022377
5 0.165568 0.464757 0.017748 0.023580
5 0.156947 0.486815 0.019270 0.025862
5 0.192825 0.487823 0.015136 0.022377
5 0.165519 0.508752 0.015136 0.022377
5 0.147396 0.507904 0.015136 0.022377
5 0.820845 0.261156 0.015136 0.022377
5 0.800681 0.264584 0.015136 0.022377
5 0.783188 0.265686 0.015136 0.022377
5 0.763055 0.266093 0.015136 0.022377
5 0.754603 0.243176 0.015136 0.022377
5 0.808185 0.242790 0.015136 0.022377
5 0.828646 0.241489 0.015136 0.022377
5 0.872542 0.267609 0.015136 0.022377
5 0.855461 0.265384 0.015136 0.022377
5 0.838883 0.263573 0.015136 0.022377
5 0.864775 0.244824 0.015136 0.022377
5 0.812850 0.282742 0.015136 0.022377
5 0.830202 0.283960 0.015136 0.022377
5 0.847238 0.285428 0.015136 0.022377
5 0.864319 0.287653 0.015136 0.022377
5 0.804970 0.302615 0.015136 0.022377
5 0.821865 0.304861 0.015136 0.022377
5 0.838901 0.306328 0.015136 0.022377
5 0.914307 0.288374 0.015136 0.022377
5 0.897227 0.288672 0.015136 0.022377
5 0.880312 0.288286 0.015136 0.022377
5 0.906497 0.266924 0.015136 0.022377
5 0.889416 0.267223 0.015136 0.022377
5 0.915149 0.245114 0.015136 0.022377
5 0.898068 0.245413 0.015136 0.022377
5 0.923200 0.267105 0.015136 0.022377
5 0.931011 0.288554 0.015136 0.022377
5 0.948194 0.288734 0.015136 0.022377
5 0.940383 0.267285 0.015136 0.022377
5 0.932332 0.245294 0.015136 0.022377
5 0.995488 0.288013 0.009025 0.022377
5 0.982140 0.244248 0.015136 0.022377
5 0.965498 0.244393 0.015136 0.022377
5 0.973549 0.266384 0.015136 0.022377
5 0.981360 0.287833 0.015136 0.022377
5 0.990299 0.266726 0.015136 0.022377
5 0.948418 0.244692 0.015136 0.022377
5 0.956846 0.266203 0.015136 0.022377
5 0.964657 0.287653 0.015136 0.022377
5 0.872009 0.308381 0.015136 0.022377
5 0.888483 0.308834 0.015136 0.022377
5 0.905519 0.309761 0.015136 0.022377
5 0.921878 0.310364 0.015136 0.022377
5 0.939062 0.310544 0.015136 0.022377
5 0.955644 0.310725 0.015136 0.022377
5 0.972588 0.309823 0.015136 0.022377
5 0.989051 0.310364 0.015136 0.022377
5 0.995537 0.244784 0.008925 0.022377
5 0.533697 0.328666 0.015136 0.022377
5 0.550736 0.329878 0.015136 0.022377
5 0.499521 0.327964 0.015136 0.022377
5 0.516168 0.328246 0.015136 0.022377
5 0.465134 0.326822 0.015136 0.022377
5 0.481781 0.327104 0.015136 0.022377
5 0.278513 0.230189 0.015136 0.022377
5 0.262120 0.229067 0.015136 0.022377
