6 0.308169 0.627707 0.616339 0.744587
5 0.062150 0.332348 0.016504 0.025691
5 0.045582 0.332201 0.016504 0.025691
5 0.036905 0.308307 0.016504 0.025691
5 0.390004 0.375228 0.016504 0.025691
5 0.373138 0.375305 0.016504 0.025691
5 0.431015 0.396479 0.016504 0.025691
5 0.421321 0.420862 0.016504 0.025691
5 0.429672 0.442560 0.016504 0.025691
5 0.496930 0.440994 0.016504 0.025691
5 0.496495 0.486154 0.016504 0.025691
5 0.513430 0.485286 0.016504 0.025691
5 0.514299 0.528491 0.016504 0.025691
5 0.497078 0.528805 0.016504 0.025691
5 0.505905 0.550218 0.016504 0.025691
5 0.488318 0.549763 0.016504 0.025691
5 0.479897 0.569976 0.016504 0.025691
5 0.497484 0.570870 0.016504 0.025691
5 0.514254 0.571309 0.016504 0.025691
5 0.531903 0.571090 0.016504 0.025691
