6 0.525837 0.589690 0.948327 0.820620
5 0.823539 0.261161 0.016414 0.025547
5 0.841070 0.260925 0.016414 0.025547
5 0.806637 0.260689 0.016414 0.025547
5 0.789499 0.260807 0.016414 0.025547
5 0.781088 0.236633 0.016414 0.025547
5 0.797439 0.237340 0.016414 0.025547
5 0.813948 0.237930 0.016414 0.025547
5 0.831873 0.237576 0.016414 0.025547
5 0.755302 0.259392 0.016414 0.025547
5 0.772440 0.259274 0.016414 0.025547
5 0.746026 0.234864 0.016414 0.025547
5 0.764264 0.235808 0.016414 0.025547
5 0.867227 0.237213 0.016414 0.025547
5 0.858691 0.260797 0.016414 0.025547
5 0.850385 0.236958 0.016414 0.025547
5 0.927247 0.266131 0.016414 0.025547
5 0.909684 0.265386 0.016414 0.025547
5 0.892444 0.262394 0.016414 0.025547
5 0.901068 0.238373 0.016414 0.025547
5 0.918533 0.242816 0.016414 0.025547
5 0.936612 0.289341 0.016414 0.025547
5 0.918352 0.289731 0.016414 0.025547
5 0.900995 0.289181 0.016414 0.025547
5 0.944465 0.264910 0.016414 0.025547
5 0.953401 0.287915 0.016414 0.025547
5 0.928021 0.314137 0.016414 0.025547
5 0.935186 0.243671 0.016414 0.025547
5 0.978832 0.263775 0.016414 0.025547
5 0.961649 0.263775 0.016414 0.025547
5 0.993607 0.264521 0.012785 0.025547
5 0.986840 0.240179 0.016414 0.025547
5 0.997734 0.241264 0.004533 0.025547
5 0.970019 0.239747 0.016414 0.025547
5 0.987194 0.287997 0.016414 0.025547
5 0.677382 0.233888 0.016414 0.025547
5 0.694885 0.235147 0.016414 0.025547
5 0.711813 0.234868 0.016414 0.025547
5 0.643359 0.233885 0.016414 0.025547
5 0.634374 0.257864 0.016414 0.025547
5 0.651876 0.257703 0.016414 0.025547
5 0.616918 0.257548 0.016414 0.025547
5 0.546750 0.254869 0.016414 0.025547
5 0.564897 0.255629 0.016414 0.025547
5 0.582499 0.256803 0.016414 0.025547
5 0.555051 0.231893 0.016414 0.025547
5 0.556533 0.279327 0.016414 0.025547
5 0.574681 0.280087 0.016414 0.025547
5 0.399623 0.229387 0.016414 0.025547
5 0.417224 0.230561 0.016414 0.025547
5 0.382213 0.228873 0.016414 0.025547
5 0.391223 0.252583 0.016414 0.025547
5 0.340288 0.253321 0.016414 0.025547
5 0.236518 0.247975 0.016414 0.025547
5 0.253604 0.249137 0.016414 0.025547
5 0.271205 0.250310 0.016414 0.025547
5 0.219143 0.247814 0.016414 0.025547
5 0.209430 0.267401 0.016414 0.025547
5 0.227453 0.269668 0.016414 0.025547
5 0.244862 0.271153 0.016414 0.025547
5 0.297430 0.273945 0.016414 0.025547
5 0.331189 0.228907 0.016414 0.025547
5 0.182720 0.283963 0.016414 0.025547
5 0.200743 0.287492 0.016414 0.025547
5 0.218468 0.291185 0.016414 0.025547
5 0.163991 0.278905 0.016414 0.025547
5 0.156702 0.303765 0.016414 0.025547
5 0.146682 0.326947 0.016414 0.025547
5 0.174172 0.255632 0.016414 0.025547
5 0.137671 0.300311 0.016414 0.025547
5 0.228969 0.314459 0.016414 0.025547
5 0.176622 0.352544 0.016414 0.025547
5 0.185136 0.331262 0.016414 0.025547
