6 0.267692 0.711676 0.535384 0.576649
5 0.433470 0.572526 0.013851 0.020899
5 0.418706 0.574167 0.013851 0.020899
5 0.425177 0.552295 0.013851 0.020899
5 0.440761 0.551474 0.013851 0.020899
5 0.449054 0.611350 0.013851 0.020899
5 0.465002 0.609846 0.013851 0.020899
5 0.470926 0.547647 0.013851 0.020899
5 0.446867 0.529465 0.013851 0.020899
5 0.423901 0.510327 0.013851 0.020899
5 0.416245 0.488728 0.013851 0.020899
5 0.401117 0.487908 0.013851 0.020899
5 0.342185 0.490534 0.013851 0.020899
5 0.455724 0.548814 0.013851 0.020899
5 0.409410 0.555128 0.013851 0.020899
5 0.408634 0.510405 0.013851 0.020899
5 0.439448 0.509075 0.013851 0.020899
5 0.440765 0.591535 0.013851 0.020899
5 0.449049 0.571483 0.013851 0.020899
5 0.464012 0.568823 0.013851 0.020899
5 0.479214 0.567656 0.013851 0.020899
5 0.417066 0.614109 0.013851 0.020899
5 0.433470 0.572526 0.013851 0.020899
