6 0.553425 0.680161 0.893150 0.639678
5 0.824662 0.480791 0.014894 0.022736
5 0.841173 0.482430 0.014894 0.022736
5 0.849065 0.506833 0.014894 0.022736
5 0.832554 0.505194 0.014894 0.022736
5 0.840566 0.528322 0.014894 0.022736
5 0.824276 0.526683 0.014894 0.022736
5 0.848336 0.549629 0.014894 0.022736
5 0.831825 0.547990 0.014894 0.022736
5 0.881238 0.507743 0.014894 0.022736
5 0.864969 0.506651 0.014894 0.022736
5 0.864362 0.549082 0.014894 0.022736
5 0.872375 0.529050 0.014894 0.022736
5 0.856592 0.527776 0.014894 0.022736
5 0.880873 0.550721 0.014894 0.022736
5 0.872132 0.483705 0.014894 0.022736
5 0.856228 0.483887 0.014894 0.022736
5 0.888036 0.571664 0.014894 0.022736
5 0.871768 0.570571 0.014894 0.022736
5 0.855499 0.570571 0.014894 0.022736
5 0.904183 0.530689 0.014894 0.022736
5 0.888401 0.529961 0.014894 0.022736
5 0.920209 0.530689 0.014894 0.022736
5 0.928829 0.510293 0.014894 0.022736
5 0.912803 0.510293 0.014894 0.022736
5 0.897020 0.509565 0.014894 0.022736
5 0.911531 0.591638 0.014894 0.022736
5 0.895685 0.590968 0.014894 0.022736
5 0.879417 0.590968 0.014894 0.022736
5 0.935021 0.612639 0.014894 0.022736
5 0.918752 0.611546 0.014894 0.022736
5 0.902484 0.611546 0.014894 0.022736
5 0.935949 0.571875 0.014894 0.022736
5 0.919680 0.570783 0.014894 0.022736
5 0.903412 0.570783 0.014894 0.022736
5 0.958597 0.592483 0.014894 0.022736
5 0.943033 0.591813 0.014894 0.022736
5 0.950114 0.612391 0.014894 0.022736
5 0.965681 0.612743 0.014894 0.022736
5 0.936653 0.531080 0.014894 0.022736
5 0.950819 0.571596 0.014894 0.022736
5 0.943738 0.551017 0.014894 0.022736
5 0.952149 0.530211 0.014894 0.022736
5 0.959521 0.551440 0.014894 0.022736
5 0.966601 0.572018 0.014894 0.022736
5 0.951965 0.490020 0.014894 0.022736
5 0.967932 0.530211 0.014894 0.022736
5 0.975304 0.551440 0.014894 0.022736
5 0.982384 0.572018 0.014894 0.022736
5 0.991521 0.551085 0.014894 0.022736
5 0.995350 0.572594 0.009301 0.022736
5 0.981744 0.613303 0.014894 0.022736
5 0.800547 0.501717 0.014894 0.022736
5 0.816727 0.504681 0.014894 0.022736
5 0.808007 0.526004 0.014894 0.022736
5 0.792379 0.524862 0.014894 0.022736
5 0.799951 0.546202 0.014894 0.022736
5 0.784322 0.545059 0.014894 0.022736
5 0.816219 0.546880 0.014894 0.022736
5 0.808383 0.568237 0.014894 0.022736
5 0.776486 0.566416 0.014894 0.022736
5 0.792114 0.567558 0.014894 0.022736
5 0.776596 0.525027 0.014894 0.022736
5 0.768539 0.546053 0.014894 0.022736
5 0.833161 0.459600 0.014894 0.022736
5 0.809045 0.480526 0.014894 0.022736
5 0.799922 0.588494 0.014894 0.022736
5 0.783816 0.587816 0.014894 0.022736
5 0.768025 0.586673 0.014894 0.022736
5 0.815374 0.588382 0.014894 0.022736
5 0.831002 0.589524 0.014894 0.022736
5 0.847270 0.590203 0.014894 0.022736
5 0.854918 0.610948 0.014894 0.022736
5 0.838649 0.610269 0.014894 0.022736
5 0.729137 0.605222 0.014894 0.022736
5 0.744766 0.606364 0.014894 0.022736
5 0.760546 0.607287 0.014894 0.022736
5 0.815048 0.628652 0.014894 0.022736
5 0.808057 0.608508 0.014894 0.022736
5 0.799596 0.628765 0.014894 0.022736
5 0.783328 0.628086 0.014894 0.022736
5 0.807401 0.648422 0.014894 0.022736
5 0.791949 0.648534 0.014894 0.022736
5 0.775681 0.647855 0.014894 0.022736
5 0.752386 0.501188 0.014894 0.022736
5 0.760570 0.522987 0.014894 0.022736
5 0.736450 0.500664 0.014894 0.022736
5 0.728941 0.523023 0.014894 0.022736
5 0.713312 0.522499 0.014894 0.022736
5 0.697898 0.522068 0.014894 0.022736
5 0.737226 0.544711 0.014894 0.022736
5 0.721774 0.543904 0.014894 0.022736
5 0.705362 0.543225 0.014894 0.022736
5 0.690030 0.543232 0.014894 0.022736
5 0.760838 0.566676 0.014894 0.022736
5 0.744723 0.566457 0.014894 0.022736
5 0.729095 0.565315 0.014894 0.022736
5 0.713312 0.564791 0.014894 0.022736
5 0.697286 0.563440 0.014894 0.022736
5 0.752564 0.585983 0.014894 0.022736
5 0.736448 0.585764 0.014894 0.022736
5 0.720820 0.584622 0.014894 0.022736
5 0.705037 0.584098 0.014894 0.022736
5 0.658149 0.583638 0.014894 0.022736
5 0.673931 0.584162 0.014894 0.022736
5 0.689560 0.584385 0.014894 0.022736
5 0.712699 0.605078 0.014894 0.022736
5 0.696916 0.604554 0.014894 0.022736
5 0.681438 0.604842 0.014894 0.022736
5 0.665810 0.604619 0.014894 0.022736
5 0.657860 0.540927 0.014894 0.022736
5 0.674272 0.541606 0.014894 0.022736
5 0.681593 0.563016 0.014894 0.022736
5 0.665810 0.562492 0.014894 0.022736
5 0.650856 0.562751 0.014894 0.022736
5 0.682240 0.519310 0.014894 0.022736
5 0.752731 0.626824 0.014894 0.022736
5 0.736951 0.625902 0.014894 0.022736
5 0.603508 0.561476 0.014894 0.022736
5 0.618947 0.561036 0.014894 0.022736
5 0.634730 0.561559 0.014894 0.022736
5 0.642622 0.582866 0.014894 0.022736
5 0.611521 0.581690 0.014894 0.022736
5 0.626960 0.582342 0.014894 0.022736
5 0.650027 0.603445 0.014894 0.022736
5 0.634366 0.602921 0.014894 0.022736
5 0.618927 0.602268 0.014894 0.022736
5 0.587604 0.561476 0.014894 0.022736
5 0.595616 0.581690 0.014894 0.022736
5 0.603022 0.602268 0.014894 0.022736
5 0.571457 0.561112 0.014894 0.022736
5 0.586875 0.601904 0.014894 0.022736
5 0.579469 0.581326 0.014894 0.022736
5 0.611399 0.540715 0.014894 0.022736
5 0.595374 0.539805 0.014894 0.022736
5 0.579227 0.539441 0.014894 0.022736
5 0.626839 0.540275 0.014894 0.022736
5 0.666480 0.517617 0.014894 0.022736
5 0.689307 0.624847 0.014894 0.022736
5 0.673547 0.624288 0.014894 0.022736
5 0.657919 0.624065 0.014894 0.022736
5 0.642136 0.622891 0.014894 0.022736
5 0.697198 0.645139 0.014894 0.022736
5 0.681438 0.644580 0.014894 0.022736
5 0.665810 0.644358 0.014894 0.022736
5 0.649732 0.643946 0.014894 0.022736
5 0.634104 0.643723 0.014894 0.022736
5 0.618321 0.642549 0.014894 0.022736
5 0.610614 0.622293 0.014894 0.022736
5 0.595033 0.622275 0.014894 0.022736
5 0.602580 0.642219 0.014894 0.022736
5 0.736232 0.666277 0.014894 0.022736
5 0.720473 0.665718 0.014894 0.022736
5 0.704844 0.665495 0.014894 0.022736
5 0.688766 0.665084 0.014894 0.022736
5 0.531016 0.580616 0.014894 0.022736
5 0.547163 0.580980 0.014894 0.022736
5 0.563067 0.580980 0.014894 0.022736
5 0.539551 0.559436 0.014894 0.022736
5 0.523647 0.558963 0.014894 0.022736
5 0.507500 0.558599 0.014894 0.022736
5 0.500317 0.580023 0.014894 0.022736
5 0.515755 0.579559 0.014894 0.022736
5 0.547285 0.538366 0.014894 0.022736
5 0.531380 0.537893 0.014894 0.022736
5 0.570801 0.601576 0.014894 0.022736
5 0.554897 0.601576 0.014894 0.022736
5 0.538750 0.601212 0.014894 0.022736
5 0.523283 0.600975 0.014894 0.022736
5 0.508022 0.599919 0.014894 0.022736
5 0.492505 0.600383 0.014894 0.022736
5 0.492659 0.558363 0.014894 0.022736
5 0.484612 0.580259 0.014894 0.022736
5 0.476800 0.600619 0.014894 0.022736
5 0.477348 0.558010 0.014894 0.022736
5 0.469301 0.579905 0.014894 0.022736
5 0.453439 0.578845 0.014894 0.022736
5 0.461253 0.600265 0.014894 0.022736
5 0.578996 0.622367 0.014894 0.022736
5 0.563092 0.622367 0.014894 0.022736
5 0.546945 0.622003 0.014894 0.022736
5 0.530757 0.621093 0.014894 0.022736
5 0.515290 0.620856 0.014894 0.022736
5 0.500130 0.621014 0.014894 0.022736
5 0.453256 0.619994 0.014894 0.022736
5 0.468804 0.620347 0.014894 0.022736
5 0.484508 0.620112 0.014894 0.022736
5 0.413799 0.598214 0.014894 0.022736
5 0.429978 0.598093 0.014894 0.022736
5 0.445366 0.599121 0.014894 0.022736
5 0.437791 0.619165 0.014894 0.022736
5 0.421666 0.619085 0.014894 0.022736
5 0.406118 0.618731 0.014894 0.022736
5 0.437764 0.576944 0.014894 0.022736
5 0.388757 0.616522 0.014894 0.022736
5 0.396438 0.596004 0.014894 0.022736
5 0.570601 0.642012 0.014894 0.022736
5 0.555032 0.642012 0.014894 0.022736
5 0.538885 0.641648 0.014894 0.022736
5 0.522950 0.641115 0.014894 0.022736
5 0.507483 0.640878 0.014894 0.022736
5 0.492239 0.641162 0.014894 0.022736
5 0.476616 0.640260 0.014894 0.022736
5 0.460408 0.639992 0.014894 0.022736
5 0.445274 0.639638 0.014894 0.022736
5 0.429809 0.638809 0.014894 0.022736
5 0.413518 0.638977 0.014894 0.022736
5 0.397971 0.638624 0.014894 0.022736
5 0.381519 0.637530 0.014894 0.022736
5 0.333392 0.636529 0.014894 0.022736
5 0.349733 0.636456 0.014894 0.022736
5 0.365281 0.636810 0.014894 0.022736
5 0.372950 0.614636 0.014894 0.022736
5 0.317165 0.634695 0.014894 0.022736
5 0.658526 0.664208 0.014894 0.022736
5 0.642447 0.663796 0.014894 0.022736
5 0.626819 0.663573 0.014894 0.022736
5 0.277093 0.655295 0.014894 0.022736
5 0.293320 0.654362 0.014894 0.022736
5 0.309661 0.657056 0.014894 0.022736
5 0.301667 0.677194 0.014894 0.022736
5 0.285941 0.676499 0.014894 0.022736
5 0.269919 0.675433 0.014894 0.022736
5 0.358240 0.658132 0.014894 0.022736
5 0.342309 0.658205 0.014894 0.022736
5 0.326081 0.657755 0.014894 0.022736
5 0.350451 0.677963 0.014894 0.022736
5 0.334520 0.678036 0.014894 0.022736
5 0.318087 0.678662 0.014894 0.022736
5 0.294289 0.697948 0.014894 0.022736
5 0.278562 0.697252 0.014894 0.022736
5 0.261618 0.695726 0.014894 0.022736
5 0.366200 0.678786 0.014894 0.022736
5 0.373439 0.657777 0.014894 0.022736
5 0.389871 0.658246 0.014894 0.022736
5 0.381724 0.678139 0.014894 0.022736
5 0.374065 0.699028 0.014894 0.022736
5 0.357961 0.698978 0.014894 0.022736
5 0.342211 0.698156 0.014894 0.022736
5 0.326378 0.697765 0.014894 0.022736
5 0.309945 0.698390 0.014894 0.022736
5 0.349944 0.718331 0.014894 0.022736
5 0.334195 0.717509 0.014894 0.022736
5 0.318361 0.717117 0.014894 0.022736
5 0.301804 0.717931 0.014894 0.022736
5 0.286147 0.717488 0.014894 0.022736
5 0.270420 0.716793 0.014894 0.022736
5 0.254546 0.674272 0.014894 0.022736
5 0.246370 0.694035 0.014894 0.022736
5 0.238069 0.714327 0.014894 0.022736
5 0.253851 0.715642 0.014894 0.022736
5 0.214546 0.694268 0.014894 0.022736
5 0.230511 0.694729 0.014894 0.022736
5 0.222437 0.715415 0.014894 0.022736
5 0.206655 0.714099 0.014894 0.022736
5 0.230021 0.652608 0.014894 0.022736
5 0.222130 0.672439 0.014894 0.022736
5 0.182980 0.690271 0.014894 0.022736
5 0.190872 0.711418 0.014894 0.022736
5 0.245755 0.734858 0.014894 0.022736
5 0.230075 0.734927 0.014894 0.022736
5 0.214341 0.734631 0.014894 0.022736
5 0.197738 0.734084 0.014894 0.022736
5 0.181956 0.731402 0.014894 0.022736
5 0.190974 0.671363 0.014894 0.022736
5 0.142191 0.710956 0.014894 0.022736
5 0.158027 0.710945 0.014894 0.022736
5 0.173708 0.710877 0.014894 0.022736
5 0.158486 0.669518 0.014894 0.022736
5 0.166378 0.690664 0.014894 0.022736
5 0.149213 0.690123 0.014894 0.022736
5 0.165919 0.730861 0.014894 0.022736
5 0.134402 0.730941 0.014894 0.022736
5 0.149980 0.731710 0.014894 0.022736
5 0.157310 0.751922 0.014894 0.022736
5 0.141629 0.751991 0.014894 0.022736
5 0.237864 0.756141 0.014894 0.022736
5 0.222130 0.755845 0.014894 0.022736
5 0.205527 0.755299 0.014894 0.022736
4 0.564710 0.503314 0.870581 0.307292
