6 0.574179 0.655777 0.851641 0.688447
5 0.454309 0.521662 0.014362 0.022491
5 0.245581 0.623580 0.015783 0.018939
5 0.269807 0.641454 0.013731 0.020597
5 0.267124 0.601326 0.013731 0.023674
5 0.240530 0.543324 0.014520 0.020833
5 0.319760 0.578717 0.014205 0.022491
5 0.287800 0.537524 0.012784 0.021544
5 0.301610 0.537524 0.014520 0.022964
5 0.316446 0.536932 0.013889 0.018466
5 0.310290 0.557173 0.013889 0.020123
5 0.347617 0.533736 0.012153 0.018703
5 0.350063 0.575876 0.011679 0.022017
5 0.356692 0.553859 0.012626 0.020123
5 0.367740 0.508523 0.012942 0.018466
5 0.352667 0.510298 0.013100 0.019176
5 0.326468 0.557528 0.012468 0.020833
5 0.336411 0.578007 0.013100 0.020123
5 0.398516 0.502486 0.012942 0.018703
5 0.386837 0.549006 0.013889 0.021307
5 0.401357 0.548769 0.014205 0.023674
5 0.416351 0.544863 0.014836 0.022017
5 0.431897 0.545218 0.014047 0.020833
5 0.437500 0.521188 0.015467 0.022017
5 0.422033 0.522491 0.012626 0.019886
5 0.387942 0.482481 0.014836 0.018466
5 0.343750 0.448390 0.014520 0.019413
5 0.328756 0.446970 0.014205 0.017992
5 0.406960 0.524503 0.012784 0.021070
5 0.429135 0.499882 0.014205 0.020123
5 0.443971 0.498224 0.013573 0.020123
5 0.281092 0.559777 0.010417 0.016335
5 0.272885 0.579664 0.014205 0.021544
5 0.328598 0.598958 0.014520 0.019413
5 0.418640 0.478101 0.014362 0.020597
5 0.465278 0.475379 0.014520 0.024621
5 0.460148 0.499171 0.015625 0.022491
5 0.434580 0.476681 0.012784 0.019176
5 0.432055 0.434777 0.013731 0.019650
5 0.476641 0.498224 0.014836 0.023911
5 0.469697 0.521307 0.013889 0.023201
5 0.458176 0.565933 0.014836 0.023911
5 0.473643 0.566643 0.014836 0.023911
5 0.510969 0.469223 0.014994 0.025095
5 0.499684 0.517282 0.014836 0.025095
5 0.479719 0.543797 0.014047 0.024148
5 0.480745 0.473958 0.014520 0.023201
5 0.490215 0.493963 0.013573 0.024384
5 0.493450 0.541312 0.012784 0.021544
5 0.488400 0.562737 0.013731 0.023201
5 0.503157 0.561553 0.014520 0.021307
5 0.508049 0.537642 0.014836 0.022727
5 0.497711 0.401752 0.013731 0.018939
5 0.516256 0.445194 0.014836 0.023438
5 0.525095 0.466383 0.013573 0.022727
5 0.535511 0.488755 0.014205 0.022491
5 0.529277 0.511719 0.014047 0.024384
5 0.523122 0.535393 0.014678 0.022964
5 0.518703 0.559777 0.016256 0.024384
5 0.510732 0.581439 0.016098 0.023201
5 0.526752 0.579782 0.014047 0.020833
5 0.534091 0.561908 0.013258 0.023911
5 0.504656 0.493371 0.014994 0.021307
5 0.538589 0.532434 0.012784 0.023201
5 0.549242 0.556345 0.013258 0.020833
5 0.562816 0.554214 0.012942 0.020833
5 0.593923 0.553205 0.014977 0.023167
5 0.578596 0.551801 0.012403 0.025273
5 0.569444 0.530540 0.014836 0.021307
5 0.559343 0.508641 0.011995 0.021544
5 0.550110 0.485914 0.012784 0.019650
5 0.574100 0.507576 0.014362 0.022727
5 0.583886 0.529948 0.013731 0.024384
5 0.589883 0.507694 0.014994 0.022964
5 0.599747 0.527580 0.015152 0.023911
5 0.615057 0.526160 0.013889 0.022964
5 0.606218 0.504735 0.014520 0.023674
5 0.586884 0.462476 0.013731 0.023438
5 0.571417 0.463068 0.014994 0.025568
5 0.500789 0.446023 0.015467 0.024148
5 0.553188 0.417969 0.013573 0.019176
5 0.560527 0.396899 0.014047 0.021544
5 0.576231 0.394176 0.014205 0.021307
5 0.592093 0.393584 0.014678 0.020123
5 0.607402 0.391809 0.014362 0.020833
5 0.622159 0.389323 0.015152 0.020123
5 0.617819 0.457268 0.014047 0.024858
5 0.611742 0.480942 0.014205 0.022491
5 0.584438 0.414536 0.013573 0.021307
5 0.600063 0.413826 0.014836 0.020833
5 0.593592 0.437855 0.014520 0.022017
5 0.609138 0.435606 0.013415 0.017519
5 0.632023 0.454190 0.014047 0.020123
5 0.626263 0.479285 0.013573 0.020597
5 0.635969 0.498580 0.015941 0.025095
5 0.620581 0.501065 0.012942 0.019176
5 0.629577 0.524384 0.015152 0.026042
5 0.623737 0.546875 0.013889 0.019886
5 0.608902 0.548769 0.013889 0.021780
5 0.657197 0.473366 0.013573 0.022017
5 0.666193 0.493608 0.015467 0.023201
5 0.672348 0.471591 0.014205 0.021307
5 0.663984 0.450758 0.014836 0.022727
5 0.661537 0.403172 0.013731 0.020360
5 0.652699 0.382812 0.013731 0.020833
5 0.669744 0.426728 0.015941 0.024858
5 0.686632 0.472538 0.015625 0.021780
5 0.681266 0.495502 0.013731 0.022727
5 0.697128 0.493253 0.014205 0.022491
5 0.723406 0.395952 0.015309 0.021070
5 0.727509 0.490530 0.014047 0.020833
5 0.690814 0.516098 0.014836 0.021780
5 0.723327 0.513849 0.016098 0.022491
5 0.752289 0.511127 0.014994 0.025095
5 0.758996 0.487926 0.013573 0.019886
5 0.742819 0.490767 0.014994 0.021307
5 0.734770 0.468513 0.016572 0.022727
5 0.702494 0.470881 0.013889 0.020833
5 0.712595 0.492188 0.014520 0.023201
5 0.709359 0.559541 0.015941 0.022491
5 0.746449 0.534209 0.014047 0.022964
5 0.755840 0.554687 0.014520 0.020360
5 0.769886 0.552912 0.013573 0.021070
5 0.785038 0.550545 0.015467 0.022017
5 0.781645 0.505800 0.013415 0.023438
5 0.767361 0.507576 0.013258 0.020833
5 0.772964 0.484730 0.012784 0.019176
5 0.770912 0.441525 0.013415 0.023201
5 0.780066 0.463542 0.013415 0.020360
5 0.787642 0.484257 0.014362 0.022017
5 0.784722 0.395597 0.014836 0.017992
5 0.793403 0.375355 0.015152 0.026752
5 0.338305 0.513968 0.012784 0.020360
5 0.292219 0.516098 0.013731 0.020360
5 0.381234 0.572562 0.014678 0.021544
5 0.421480 0.590554 0.014047 0.022017
5 0.466461 0.588068 0.014362 0.019886
5 0.451783 0.589370 0.014362 0.019176
5 0.868134 0.519413 0.013731 0.023201
5 0.851878 0.520715 0.014994 0.024384
5 0.882655 0.515507 0.016572 0.023911
5 0.827573 0.500355 0.014678 0.021070
5 0.842251 0.497396 0.014047 0.022727
5 0.830256 0.545218 0.015309 0.024148
5 0.797191 0.504025 0.014836 0.021307
5 0.812184 0.503433 0.014836 0.023911
5 0.849274 0.474195 0.013889 0.021780
5 0.855587 0.451705 0.015152 0.021780
5 0.803504 0.483073 0.012626 0.020123
5 0.845881 0.543679 0.014047 0.022964
5 0.859691 0.540838 0.014520 0.019176
5 0.874605 0.493134 0.013731 0.019886
5 0.865372 0.473130 0.014836 0.023438
5 0.880129 0.471236 0.014994 0.022964
5 0.904198 0.492069 0.016414 0.024384
5 0.897885 0.515270 0.015783 0.024384
5 0.891256 0.537879 0.014836 0.023674
5 0.871370 0.449219 0.013258 0.022017
5 0.886837 0.447443 0.014520 0.022727
5 0.896070 0.468987 0.014362 0.022254
5 0.848011 0.429332 0.014520 0.021544
5 0.831203 0.432884 0.014994 0.021070
5 0.817708 0.481179 0.014205 0.022491
5 0.799716 0.395597 0.013889 0.019886
5 0.910669 0.468395 0.016414 0.023438
5 0.907670 0.421520 0.014520 0.023438
5 0.884706 0.398319 0.014047 0.022017
5 0.899858 0.397254 0.015625 0.022254
5 0.888100 0.491832 0.013889 0.021070
5 0.932055 0.444957 0.014678 0.022491
5 0.923690 0.421875 0.015941 0.025095
5 0.940262 0.420573 0.013415 0.020597
5 0.947917 0.443537 0.012626 0.020123
5 0.936790 0.489583 0.014678 0.020833
5 0.920376 0.489583 0.015625 0.023201
5 0.950679 0.487571 0.013731 0.020123
5 0.963857 0.440933 0.015152 0.023911
5 0.954072 0.420218 0.014205 0.018939
5 0.945944 0.397017 0.013415 0.019886
5 0.956282 0.465436 0.014520 0.023674
5 0.988636 0.457623 0.014836 0.022254
5 0.997711 0.413707 0.004577 0.018703
5 0.993134 0.435014 0.013731 0.021544
5 0.994476 0.478338 0.011048 0.023438
5 0.993213 0.391927 0.013573 0.022017
5 0.995896 0.522846 0.008207 0.023438
