6 0.300679 0.654711 0.601357 0.690578
4 0.289236 0.428030 0.578472 0.242898
5 0.007227 0.476807 0.014453 0.021973
5 0.004297 0.457031 0.008594 0.017578
5 0.021777 0.476807 0.014648 0.021973
5 0.015918 0.454834 0.014648 0.021973
5 0.039355 0.476807 0.014648 0.021973
5 0.032031 0.454834 0.011719 0.021973
5 0.068652 0.481201 0.014648 0.021973
5 0.102344 0.481201 0.011719 0.021973
5 0.317676 0.496582 0.014648 0.026367
5 0.332324 0.498779 0.014648 0.021973
5 0.348438 0.498779 0.011719 0.021973
5 0.540332 0.665771 0.014648 0.021973
5 0.099414 0.522949 0.017578 0.017578
5 0.084766 0.520752 0.011719 0.021973
5 0.162402 0.525146 0.014648 0.021973
5 0.207813 0.529541 0.011719 0.021973
