6 0.313706 0.639887 0.627411 0.720226
5 0.004760 0.338284 0.009520 0.026838
5 0.010164 0.358868 0.016504 0.026838
5 0.027316 0.315399 0.016504 0.026838
5 0.009858 0.316123 0.016504 0.026838
5 0.018989 0.338266 0.016504 0.026838
5 0.027589 0.359739 0.016504 0.026838
5 0.044850 0.359016 0.016504 0.026838
5 0.036250 0.337987 0.016504 0.026838
5 0.018508 0.294599 0.016236 0.024288
5 0.004882 0.294261 0.009765 0.024288
5 0.062778 0.314314 0.016504 0.026838
5 0.044777 0.315037 0.016504 0.026838
5 0.053546 0.336909 0.016504 0.026838
5 0.061965 0.359468 0.016504 0.026838
5 0.078683 0.356573 0.016504 0.026838
5 0.070626 0.336087 0.016504 0.026838
5 0.095419 0.353045 0.016504 0.026838
5 0.087006 0.329163 0.016504 0.026838
5 0.112763 0.351636 0.016504 0.026838
5 0.104350 0.327753 0.016504 0.026838
5 0.121779 0.325959 0.016504 0.026838
5 0.129595 0.352533 0.016504 0.026838
5 0.086835 0.379144 0.016504 0.026838
5 0.138440 0.326984 0.016504 0.026838
5 0.162337 0.353426 0.016504 0.026838
5 0.204541 0.337497 0.016504 0.026838
5 0.238717 0.336652 0.016504 0.026838
5 0.221287 0.337239 0.016504 0.026838
5 0.229701 0.359224 0.016504 0.026838
5 0.246877 0.358742 0.016504 0.026838
5 0.212664 0.315162 0.016504 0.026838
5 0.229978 0.314231 0.016504 0.026838
5 0.255964 0.335962 0.016504 0.026838
5 0.272520 0.380212 0.016504 0.026838
5 0.281416 0.354926 0.016504 0.026838
5 0.299025 0.353512 0.016504 0.026838
5 0.333040 0.355141 0.016504 0.026838
5 0.315792 0.354021 0.016504 0.026838
5 0.341483 0.330715 0.016504 0.026838
5 0.324236 0.329596 0.016504 0.026838
5 0.306986 0.328544 0.016504 0.026838
5 0.307348 0.378119 0.016504 0.026838
5 0.349323 0.355503 0.016504 0.026838
5 0.408720 0.379069 0.016504 0.026838
5 0.391570 0.379487 0.016504 0.026838
5 0.374236 0.379018 0.016504 0.026838
5 0.340726 0.379272 0.016504 0.026838
5 0.357382 0.378769 0.016504 0.026838
5 0.400402 0.357495 0.016504 0.026838
5 0.383686 0.357783 0.016504 0.026838
5 0.366352 0.357314 0.016504 0.026838
5 0.409846 0.335922 0.016504 0.026838
5 0.375536 0.335350 0.016504 0.026838
5 0.384720 0.313698 0.016504 0.026838
5 0.365700 0.400732 0.016504 0.026838
5 0.416951 0.400383 0.016504 0.026838
5 0.373283 0.422945 0.016504 0.026838
5 0.390530 0.422115 0.016504 0.026838
5 0.459195 0.377009 0.016504 0.026838
5 0.442075 0.378658 0.016504 0.026838
5 0.425044 0.378643 0.016504 0.026838
5 0.433331 0.400195 0.016504 0.026838
5 0.450363 0.399001 0.016504 0.026838
5 0.467513 0.398583 0.016504 0.026838
5 0.468473 0.355983 0.016504 0.026838
5 0.451353 0.357632 0.016504 0.026838
5 0.434321 0.357616 0.016504 0.026838
5 0.493886 0.374891 0.016504 0.026838
5 0.476766 0.376541 0.016504 0.026838
5 0.485054 0.396883 0.016504 0.026838
5 0.441399 0.420616 0.016504 0.026838
5 0.458431 0.419422 0.016504 0.026838
5 0.475581 0.419004 0.016504 0.026838
5 0.493121 0.417304 0.016504 0.026838
5 0.467159 0.440716 0.016504 0.026838
5 0.484414 0.439825 0.016504 0.026838
5 0.501849 0.438598 0.016504 0.026838
5 0.440975 0.463272 0.016504 0.026838
5 0.458230 0.462381 0.016504 0.026838
5 0.475666 0.461154 0.016504 0.026838
5 0.527612 0.415411 0.016504 0.026838
5 0.518905 0.437774 0.016504 0.026838
5 0.510157 0.459261 0.016504 0.026838
5 0.536656 0.393644 0.016504 0.026838
5 0.510788 0.373612 0.016504 0.026838
5 0.426411 0.335739 0.016504 0.026838
5 0.443547 0.335913 0.016504 0.026838
5 0.460878 0.335368 0.016504 0.026838
5 0.477082 0.334268 0.016504 0.026838
5 0.536580 0.436402 0.016504 0.026838
5 0.528117 0.458371 0.016504 0.026838
5 0.545553 0.457145 0.016504 0.026838
5 0.501430 0.480774 0.016504 0.026838
5 0.518866 0.479547 0.016504 0.026838
5 0.536411 0.478723 0.016504 0.026838
5 0.553597 0.477351 0.016504 0.026838
5 0.483312 0.483161 0.016504 0.026838
5 0.510122 0.500973 0.016504 0.026838
5 0.527557 0.499747 0.016504 0.026838
5 0.545102 0.498923 0.016504 0.026838
5 0.562288 0.497550 0.016504 0.026838
5 0.535431 0.520958 0.016504 0.026838
5 0.552617 0.519586 0.016504 0.026838
5 0.526701 0.541981 0.016504 0.026838
5 0.544245 0.541157 0.016504 0.026838
5 0.561432 0.539785 0.016504 0.026838
