5 0.001831 0.491832 0.003662 0.020597
5 0.005145 0.470644 0.010290 0.020833
5 0.010448 0.490294 0.013573 0.020360
5 0.019287 0.466619 0.013889 0.020360
5 0.031676 0.466383 0.013100 0.019886
5 0.046275 0.468868 0.015152 0.024384
5 0.038542 0.442353 0.013889 0.020597
5 0.023311 0.444129 0.014678 0.023201
5 0.024811 0.489110 0.013258 0.020360
5 0.061900 0.470407 0.014205 0.025095
5 0.077841 0.470644 0.014836 0.026042
5 0.091967 0.467566 0.013415 0.022254
5 0.085811 0.444721 0.013415 0.021070
5 0.069792 0.444602 0.016098 0.023674
5 0.054324 0.441761 0.013889 0.018939
5 0.113037 0.490530 0.014520 0.025095
5 0.107355 0.466027 0.013573 0.017282
5 0.115636 0.445847 0.014678 0.020597
5 0.122071 0.466027 0.015467 0.021070
5 0.135920 0.470820 0.012784 0.019650
5 0.148627 0.470644 0.013415 0.020360
5 0.149732 0.444602 0.014994 0.018466
5 0.177509 0.466383 0.016256 0.022727
5 0.155571 0.492543 0.015625 0.022964
5 0.192977 0.466383 0.014362 0.022254
5 0.200000 0.442353 0.016098 0.018703
5 0.208049 0.466383 0.012626 0.019886
5 0.167566 0.441880 0.014362 0.017282
5 0.183744 0.443300 0.012942 0.013968
5 0.185874 0.489938 0.013100 0.020597
5 0.171591 0.489465 0.012626 0.021070
5 0.231487 0.491004 0.013415 0.021307
5 0.240167 0.466146 0.014994 0.019886
5 0.230382 0.442235 0.012784 0.016572
5 0.256029 0.464725 0.013889 0.018466
5 0.261395 0.488991 0.013258 0.022491
5 0.276783 0.490649 0.013415 0.023438
5 0.292408 0.489347 0.012784 0.019886
5 0.287989 0.464962 0.012468 0.019886
5 0.272759 0.466027 0.012942 0.018229
5 0.267945 0.445786 0.013100 0.019886
5 0.284044 0.442708 0.014678 0.018939
5 0.302194 0.466027 0.013731 0.019176
5 0.308033 0.489820 0.013100 0.023201
5 0.322790 0.491951 0.012942 0.024621
5 0.318924 0.465317 0.014362 0.019650
5 0.333444 0.466501 0.013415 0.020123
5 0.337547 0.491477 0.012784 0.019886
5 0.352383 0.491596 0.014678 0.022017
5 0.367298 0.492424 0.014520 0.022727
5 0.348043 0.467211 0.012626 0.020123
5 0.342361 0.444957 0.014836 0.020597
5 0.335811 0.422230 0.013731 0.022964
5 0.344334 0.402107 0.014678 0.021070
5 0.359801 0.403054 0.014047 0.020597
5 0.378662 0.468277 0.014205 0.020360
5 0.383791 0.491004 0.014047 0.020360
5 0.363747 0.467803 0.013731 0.021307
5 0.411867 0.490530 0.014047 0.019886
5 0.407150 0.467448 0.013415 0.023438
5 0.403756 0.440696 0.012942 0.020597
5 0.388289 0.443419 0.014520 0.019413
5 0.373453 0.443655 0.014520 0.021307
5 0.392945 0.466856 0.013731 0.020833
5 0.402573 0.514441 0.014047 0.021307
5 0.372901 0.514323 0.013415 0.019650
5 0.348438 0.536222 0.013100 0.018939
5 0.437768 0.532670 0.014678 0.019886
5 0.422301 0.533026 0.014047 0.021070
5 0.417566 0.512311 0.011521 0.019886
5 0.431850 0.511955 0.012942 0.019650
5 0.446686 0.510772 0.013573 0.021070
5 0.440767 0.487689 0.012784 0.020833
5 0.435401 0.466619 0.014678 0.022727
5 0.420960 0.465317 0.012626 0.021070
5 0.383949 0.421757 0.014362 0.021544
5 0.467483 0.530421 0.014205 0.018229
5 0.465941 0.571378 0.014520 0.019650
5 0.459154 0.553504 0.014836 0.017992
5 0.452999 0.531250 0.013258 0.018939
5 0.486695 0.591974 0.014362 0.018229
5 0.502794 0.587950 0.015941 0.023438
5 0.488589 0.550900 0.012153 0.019413
5 0.482513 0.529948 0.012311 0.018229
5 0.500295 0.630781 0.014793 0.018961
5 0.484964 0.632798 0.014793 0.018961
5 0.478777 0.613433 0.014793 0.018961
5 0.508363 0.649742 0.014793 0.018961
5 0.509440 0.608994 0.014793 0.018961
5 0.494108 0.610204 0.014793 0.018961
6 0.283396 0.704427 0.566793 0.591146
