6 0.287883 0.651547 0.575766 0.696905
5 0.312456 0.354608 0.014510 0.023581
5 0.297661 0.355996 0.014510 0.023581
5 0.304712 0.333800 0.014510 0.023581
5 0.336529 0.331511 0.014510 0.023581
5 0.319570 0.376563 0.014267 0.023258
5 0.304620 0.377927 0.014267 0.023258
5 0.289064 0.379291 0.014267 0.023258
5 0.389863 0.396186 0.014267 0.023258
5 0.382750 0.374232 0.014510 0.023581
5 0.375539 0.351501 0.014510 0.023581
5 0.360055 0.350700 0.014510 0.023581
5 0.367159 0.372790 0.014510 0.023581
5 0.373952 0.397147 0.014267 0.023258
5 0.352231 0.328994 0.014510 0.023581
5 0.344112 0.351350 0.014510 0.023581
5 0.335515 0.374645 0.014267 0.023258
5 0.399644 0.332358 0.014510 0.023581
5 0.406934 0.351661 0.014510 0.023581
5 0.414038 0.373751 0.014510 0.023581
5 0.421792 0.396347 0.014267 0.023258
5 0.444403 0.410139 0.014267 0.023258
5 0.436648 0.391114 0.014510 0.023581
5 0.429453 0.373281 0.014510 0.023581
5 0.423170 0.352879 0.014510 0.023581
5 0.288151 0.427012 0.014267 0.023258
5 0.303707 0.425648 0.014267 0.023258
5 0.319309 0.422916 0.014267 0.023258
5 0.335255 0.420998 0.014267 0.023258
5 0.381278 0.419824 0.014267 0.023258
5 0.366375 0.418613 0.014267 0.023258
5 0.350773 0.421346 0.014267 0.023258
5 0.327132 0.398273 0.014267 0.023258
5 0.343077 0.396355 0.014267 0.023258
5 0.358596 0.395725 0.014267 0.023258
5 0.241796 0.336145 0.014510 0.023581
5 0.258797 0.336759 0.014510 0.023581
5 0.250049 0.358695 0.014267 0.023258
5 0.266635 0.358704 0.014267 0.023258
5 0.281928 0.357340 0.014267 0.023258
5 0.295474 0.450011 0.014267 0.023258
5 0.311487 0.447102 0.014267 0.023258
5 0.326059 0.448146 0.014267 0.023258
5 0.342005 0.448802 0.014267 0.023258
5 0.280949 0.404333 0.014267 0.023258
5 0.273349 0.380956 0.014510 0.023581
5 0.211044 0.383209 0.014267 0.023258
5 0.226437 0.381966 0.014267 0.023258
5 0.241969 0.381139 0.014267 0.023258
5 0.186949 0.357979 0.014267 0.023258
5 0.203177 0.360493 0.014267 0.023258
5 0.218709 0.359666 0.014267 0.023258
5 0.210359 0.337836 0.014267 0.023258
5 0.163451 0.383030 0.014267 0.023258
5 0.179321 0.383039 0.014267 0.023258
5 0.195449 0.383823 0.014267 0.023258
5 0.187432 0.405585 0.014267 0.023258
5 0.203560 0.406369 0.014267 0.023258
5 0.219155 0.405755 0.014267 0.023258
5 0.171562 0.405576 0.014267 0.023258
5 0.247605 0.452951 0.014267 0.023258
5 0.109101 0.404167 0.014267 0.023258
5 0.124267 0.404352 0.014267 0.023258
5 0.139808 0.405664 0.014267 0.023258
5 0.155403 0.405050 0.014267 0.023258
5 0.148124 0.427947 0.014267 0.023258
5 0.132763 0.428736 0.014267 0.023258
5 0.117105 0.428481 0.014267 0.023258
5 0.109453 0.357142 0.014267 0.023258
5 0.124619 0.355742 0.014267 0.023258
5 0.140043 0.354940 0.014267 0.023258
5 0.155520 0.355207 0.014267 0.023258
5 0.171562 0.354500 0.014267 0.023258
5 0.124941 0.314694 0.014267 0.023258
5 0.116450 0.335185 0.014267 0.023258
5 0.180602 0.331075 0.014267 0.023258
5 0.164326 0.328612 0.014267 0.023258
5 0.148261 0.331339 0.014267 0.023258
5 0.094503 0.360486 0.014267 0.023258
5 0.079311 0.359865 0.014267 0.023258
5 0.087488 0.340769 0.014267 0.023258
5 0.064331 0.358640 0.014267 0.023258
5 0.073053 0.338999 0.014267 0.023258
5 0.055803 0.379961 0.014267 0.023258
5 0.070784 0.381186 0.014267 0.023258
5 0.086291 0.381491 0.014267 0.023258
5 0.102294 0.380990 0.014267 0.023258
5 0.047381 0.400334 0.014267 0.023258
5 0.061729 0.401718 0.014267 0.023258
5 0.077448 0.402812 0.014267 0.023258
5 0.093029 0.402311 0.014267 0.023258
5 0.101241 0.426158 0.014267 0.023258
5 0.084607 0.426344 0.014267 0.023258
5 0.010621 0.381491 0.014267 0.023258
5 0.025961 0.380327 0.014267 0.023258
5 0.004658 0.405712 0.009317 0.023258
5 0.018023 0.405354 0.014267 0.023258
5 0.001187 0.337197 0.002374 0.023258
5 0.027848 0.335698 0.014267 0.023258
5 0.043540 0.336025 0.014267 0.023258
5 0.058838 0.337053 0.014267 0.023258
5 0.012571 0.335764 0.014267 0.023258
5 0.019342 0.357075 0.014267 0.023258
5 0.035034 0.357402 0.014267 0.023258
5 0.005102 0.358301 0.010205 0.023258
5 0.049837 0.357899 0.014267 0.023258
5 0.139682 0.452356 0.014267 0.023258
5 0.154326 0.452461 0.014267 0.023258
5 0.124262 0.452280 0.014267 0.023258
5 0.109114 0.451567 0.014267 0.023258
5 0.179673 0.427585 0.014267 0.023258
5 0.348274 0.472133 0.014267 0.023258
5 0.333173 0.473104 0.014267 0.023258
5 0.303431 0.473161 0.014267 0.023258
5 0.318721 0.472423 0.014267 0.023258
5 0.460639 0.334897 0.014267 0.023258
5 0.431765 0.334855 0.014267 0.023258
5 0.415191 0.333000 0.014267 0.023258
5 0.446655 0.335989 0.014267 0.023258
5 0.460032 0.409936 0.014267 0.023258
5 0.257230 0.428242 0.014267 0.023258
5 0.249490 0.404426 0.014267 0.023258
5 0.406232 0.396186 0.014267 0.023258
5 0.476453 0.410182 0.014267 0.023258
5 0.487205 0.389466 0.014510 0.023581
5 0.496337 0.369085 0.014510 0.023581
5 0.468268 0.389311 0.014267 0.023258
5 0.478366 0.371541 0.014510 0.023581
5 0.469315 0.353313 0.014267 0.023258
