6 0.290025 0.694129 0.580051 0.611742
4 0.306376 0.481061 0.410038 0.160038
4 0.061664 0.445431 0.014362 0.019176
4 0.046039 0.467685 0.029198 0.018703
4 0.085259 0.469105 0.016730 0.021070
4 0.016919 0.446496 0.015467 0.024148
5 0.007686 0.468158 0.013731 0.022964
5 0.022838 0.468632 0.016572 0.022964
5 0.004514 0.445194 0.009028 0.022964
5 0.003883 0.489465 0.007765 0.022491
5 0.015657 0.490412 0.013889 0.021544
5 0.029861 0.489820 0.015467 0.023201
5 0.044776 0.489583 0.013731 0.022254
5 0.046907 0.445194 0.016414 0.023438
5 0.031124 0.446023 0.015783 0.024621
5 0.024100 0.421283 0.014362 0.022017
5 0.038621 0.423651 0.015941 0.020597
5 0.054719 0.420810 0.013731 0.021544
5 0.069081 0.419152 0.014678 0.020123
5 0.075868 0.444484 0.015625 0.022017
5 0.085101 0.422112 0.014836 0.021780
5 0.092124 0.445431 0.014678 0.023438
5 0.101121 0.422467 0.015309 0.023911
5 0.099306 0.468632 0.016098 0.022491
5 0.068529 0.467685 0.015783 0.021544
5 0.075868 0.488991 0.014362 0.022964
5 0.059691 0.488755 0.014836 0.021544
5 0.090546 0.489465 0.013731 0.021544
5 0.097806 0.511009 0.015625 0.023438
5 0.082497 0.511482 0.014047 0.020123
5 0.067345 0.511127 0.013731 0.018939
5 0.051878 0.510298 0.014994 0.022017
5 0.106171 0.490530 0.017519 0.023201
5 0.122664 0.490649 0.014205 0.021544
5 0.138526 0.491004 0.013415 0.023201
5 0.153362 0.489465 0.014362 0.021070
5 0.144918 0.511719 0.014836 0.021070
5 0.130240 0.511127 0.012942 0.021307
5 0.114220 0.511719 0.014362 0.021544
5 0.168750 0.491004 0.017045 0.025095
5 0.207260 0.509470 0.013573 0.020360
5 0.222806 0.511482 0.015309 0.021070
5 0.231250 0.490294 0.012942 0.019886
5 0.216651 0.489938 0.013731 0.020123
5 0.237247 0.512311 0.015152 0.019886
5 0.253819 0.513021 0.013573 0.020833
5 0.269523 0.512547 0.014362 0.020833
5 0.271417 0.470052 0.013415 0.021070
5 0.262579 0.453598 0.014678 0.021307
5 0.254924 0.470999 0.015783 0.020123
5 0.247270 0.451823 0.014678 0.020123
5 0.284517 0.432173 0.014047 0.020123
5 0.288778 0.409446 0.016256 0.024384
5 0.269208 0.432055 0.014678 0.021307
5 0.254521 0.432503 0.014836 0.021307
5 0.240009 0.430753 0.015625 0.021070
5 0.284912 0.511955 0.014520 0.022017
5 0.345360 0.513968 0.015783 0.020833
5 0.301720 0.511482 0.013415 0.020597
5 0.315925 0.512429 0.014678 0.021544
5 0.322475 0.532434 0.014520 0.022254
5 0.306534 0.532670 0.014205 0.021307
5 0.291698 0.532434 0.014520 0.020833
5 0.276468 0.532197 0.013415 0.020833
5 0.260843 0.532197 0.014678 0.019413
5 0.251057 0.555398 0.015941 0.024148
5 0.244113 0.533499 0.014678 0.023438
5 0.228804 0.533736 0.014678 0.023911
5 0.267472 0.554332 0.013731 0.022017
5 0.283728 0.554451 0.013415 0.021307
5 0.297617 0.555161 0.014362 0.023201
5 0.313321 0.554451 0.013889 0.020833
5 0.328235 0.554924 0.014678 0.021780
5 0.343624 0.555279 0.013889 0.021544
5 0.358854 0.554332 0.014047 0.021544
5 0.351515 0.533736 0.015152 0.022491
5 0.337074 0.533499 0.013100 0.019176
5 0.330366 0.511600 0.013573 0.020833
5 0.366746 0.532907 0.014678 0.021780
5 0.359801 0.511600 0.013731 0.019413
5 0.375672 0.512666 0.014047 0.020123
5 0.390256 0.513258 0.014836 0.019886
5 0.382765 0.532670 0.013889 0.021307
5 0.390262 0.554451 0.014047 0.020360
5 0.374479 0.554096 0.014678 0.021544
5 0.365641 0.576468 0.014678 0.020833
5 0.350174 0.574811 0.014994 0.023674
5 0.258712 0.576705 0.014836 0.019413
5 0.406124 0.553504 0.013573 0.021307
5 0.413305 0.534564 0.014047 0.019886
5 0.397601 0.533381 0.014520 0.022254
5 0.428693 0.534091 0.013573 0.021307
5 0.437058 0.513968 0.014836 0.020833
5 0.452525 0.511482 0.014836 0.020597
5 0.457497 0.532197 0.015309 0.017519
5 0.436585 0.555398 0.015152 0.018939
5 0.428378 0.575284 0.013889 0.023201
5 0.451894 0.554214 0.014205 0.020833
5 0.421039 0.554569 0.013100 0.020597
5 0.443924 0.533381 0.017519 0.021780
5 0.397917 0.575639 0.015467 0.021070
5 0.388763 0.596946 0.015152 0.020123
5 0.404230 0.597301 0.015152 0.022727
5 0.419539 0.596236 0.014520 0.020597
5 0.434770 0.596236 0.014994 0.019176
5 0.450947 0.596117 0.016098 0.022254
5 0.465941 0.595289 0.012942 0.018229
5 0.457102 0.616832 0.015152 0.021544
5 0.427352 0.616596 0.014047 0.022017
5 0.411648 0.617424 0.014520 0.020833
5 0.473437 0.574574 0.014994 0.023201
5 0.444318 0.575521 0.016098 0.022254
5 0.480777 0.594460 0.015152 0.020360
5 0.487090 0.615767 0.012626 0.018939
5 0.496717 0.594697 0.015467 0.021307
5 0.449284 0.636596 0.016888 0.020597
5 0.434229 0.636819 0.017677 0.023674
5 0.456708 0.657079 0.016888 0.022017
5 0.441162 0.658262 0.015152 0.022491
5 0.480303 0.636245 0.014836 0.022491
5 0.494981 0.635890 0.016730 0.019413
5 0.473280 0.615767 0.014678 0.022254
5 0.471564 0.658026 0.015152 0.021544
5 0.526389 0.677320 0.015467 0.021307
5 0.535148 0.656605 0.012784 0.019176
5 0.541777 0.678385 0.013731 0.020123
5 0.511088 0.636719 0.015625 0.021544
5 0.519681 0.616951 0.014678 0.021307
5 0.534833 0.616832 0.014362 0.021544
5 0.527652 0.635653 0.017045 0.024148
5 0.542172 0.636482 0.012311 0.019176
5 0.527809 0.595881 0.016414 0.022254
5 0.520391 0.574692 0.015152 0.022017
5 0.505082 0.531368 0.015152 0.022017
5 0.512534 0.553149 0.014589 0.019650
5 0.529388 0.554332 0.014836 0.018703
5 0.503425 0.657079 0.016572 0.022491
5 0.509738 0.678030 0.014678 0.018939
5 0.549511 0.698627 0.014362 0.019413
5 0.517945 0.698035 0.014047 0.020597
5 0.526626 0.718277 0.016572 0.019886
5 0.509107 0.718632 0.016256 0.021070
5 0.487090 0.656723 0.013573 0.020360
