6 0.558950 0.680654 0.882099 0.638692
4 0.410516 0.442148 0.018500 0.028172
4 0.463151 0.452713 0.040756 0.052400
4 0.522296 0.440199 0.064815 0.070398
4 0.539318 0.399158 0.013734 0.025721
4 0.618533 0.435913 0.063494 0.074467
4 0.701323 0.429189 0.075637 0.089705
4 0.796027 0.422869 0.117866 0.093368
4 0.896226 0.387946 0.023864 0.027965
4 0.946856 0.439970 0.026330 0.049735
4 0.983511 0.439864 0.032978 0.134991
5 0.797184 0.519764 0.015283 0.024324
5 0.804144 0.497387 0.015283 0.024324
5 0.788313 0.497880 0.015283 0.024324
5 0.764927 0.521773 0.015283 0.024324
5 0.781115 0.521012 0.015283 0.024324
5 0.755680 0.499580 0.015283 0.024324
5 0.771868 0.498819 0.015283 0.024324
5 0.723285 0.502623 0.015283 0.024324
5 0.739712 0.501325 0.015283 0.024324
5 0.740526 0.548002 0.015283 0.024324
5 0.774121 0.546407 0.015283 0.024324
5 0.806086 0.543608 0.015283 0.024324
5 0.699473 0.524858 0.015283 0.024324
5 0.715766 0.524868 0.015283 0.024324
5 0.706979 0.502431 0.015283 0.024324
5 0.698862 0.481000 0.015283 0.024324
5 0.715035 0.480990 0.015283 0.024324
5 0.746412 0.477613 0.015283 0.024324
5 0.762701 0.475193 0.015283 0.024324
5 0.770614 0.454679 0.015283 0.024324
5 0.738652 0.456177 0.015283 0.024324
5 0.665569 0.481122 0.015283 0.024324
5 0.674333 0.504011 0.015283 0.024324
5 0.690883 0.502866 0.015283 0.024324
5 0.682227 0.481476 0.015283 0.024324
5 0.690453 0.459660 0.015283 0.024324
5 0.641356 0.415336 0.015283 0.024324
5 0.649435 0.436740 0.015283 0.024324
5 0.665832 0.436851 0.015283 0.024324
5 0.657177 0.415462 0.015283 0.024324
5 0.657304 0.458323 0.015283 0.024324
5 0.650071 0.480937 0.015283 0.024324
5 0.642838 0.504465 0.015283 0.024324
5 0.658335 0.504649 0.015283 0.024324
5 0.651213 0.526393 0.015283 0.024324
5 0.666863 0.524636 0.015283 0.024324
5 0.683242 0.524569 0.015283 0.024324
5 0.562405 0.460333 0.015283 0.024324
5 0.578709 0.460848 0.015283 0.024324
5 0.594413 0.460759 0.015283 0.024324
5 0.610376 0.461263 0.015283 0.024324
5 0.618217 0.437410 0.015283 0.024324
5 0.586916 0.437875 0.015283 0.024324
5 0.602914 0.438665 0.015283 0.024324
5 0.618071 0.483686 0.015283 0.024324
5 0.602401 0.484062 0.015283 0.024324
5 0.585963 0.483931 0.015283 0.024324
5 0.569953 0.482537 0.015283 0.024324
5 0.633899 0.483027 0.015283 0.024324
5 0.610608 0.506816 0.015283 0.024324
5 0.626425 0.505341 0.015283 0.024324
5 0.506235 0.485145 0.015283 0.024324
5 0.521646 0.483969 0.015283 0.024324
5 0.545536 0.504401 0.015283 0.024324
5 0.554268 0.482439 0.015283 0.024324
5 0.529955 0.506711 0.015283 0.024324
5 0.561720 0.503897 0.015283 0.024324
5 0.578262 0.505665 0.015283 0.024324
5 0.537570 0.482558 0.015283 0.024324
5 0.467716 0.465408 0.015283 0.024324
5 0.483003 0.464325 0.015283 0.024324
5 0.498431 0.463844 0.015283 0.024324
5 0.514571 0.462144 0.015283 0.024324
5 0.506946 0.441687 0.015283 0.024324
5 0.490814 0.486921 0.015283 0.024324
5 0.467812 0.509139 0.015283 0.024324
5 0.421055 0.509258 0.015283 0.024324
5 0.428521 0.486745 0.015283 0.024324
5 0.435832 0.464700 0.015283 0.024324
5 0.443130 0.442355 0.015283 0.024324
5 0.426878 0.441565 0.015283 0.024324
5 0.419580 0.463910 0.015283 0.024324
5 0.412269 0.485955 0.015283 0.024324
5 0.275522 0.508783 0.015283 0.024324
5 0.291882 0.508274 0.015283 0.024324
5 0.308327 0.509071 0.015283 0.024324
5 0.324814 0.509491 0.015283 0.024324
5 0.347539 0.486671 0.015283 0.024324
5 0.331522 0.487237 0.015283 0.024324
5 0.315547 0.487709 0.015283 0.024324
5 0.282492 0.486441 0.015283 0.024324
5 0.299218 0.486533 0.015283 0.024324
5 0.236515 0.532065 0.015283 0.024324
5 0.252875 0.531557 0.015283 0.024324
5 0.829599 0.565063 0.015283 0.024324
5 0.845852 0.566398 0.015283 0.024324
5 0.878900 0.568836 0.015283 0.024324
5 0.887243 0.590453 0.015283 0.024324
5 0.870991 0.589117 0.015283 0.024324
5 0.920022 0.588054 0.015283 0.024324
5 0.976376 0.562509 0.015283 0.024324
5 0.960545 0.563002 0.015283 0.024324
5 0.944313 0.563781 0.015283 0.024324
5 0.969068 0.539831 0.015283 0.024324
5 0.952836 0.540610 0.015283 0.024324
5 0.976482 0.517126 0.015283 0.024324
5 0.960652 0.517618 0.015283 0.024324
5 0.944420 0.518398 0.015283 0.024324
5 0.952197 0.495227 0.015283 0.024324
5 0.968429 0.494447 0.015283 0.024324
5 0.984259 0.493955 0.015283 0.024324
5 0.958947 0.471436 0.015283 0.024324
5 0.942502 0.473654 0.015283 0.024324
5 0.902120 0.409311 0.015283 0.024324
5 0.909797 0.431147 0.015283 0.024324
5 0.916848 0.453012 0.015283 0.024324
5 0.933819 0.451335 0.015283 0.024324
5 0.926029 0.429446 0.015283 0.024324
5 0.917424 0.409067 0.015283 0.024324
5 0.861563 0.437483 0.015283 0.024324
5 0.845118 0.431147 0.015283 0.024324
5 0.869898 0.409321 0.015283 0.024324
5 0.853014 0.409038 0.015283 0.024324
5 0.886216 0.411427 0.015283 0.024324
5 0.877969 0.386686 0.015283 0.024324
5 0.862090 0.386159 0.015283 0.024324
5 0.973767 0.425654 0.015283 0.024324
5 0.948249 0.406332 0.015283 0.024324
5 0.983632 0.405843 0.015283 0.024324
5 0.973360 0.387622 0.015283 0.024324
5 0.996254 0.492522 0.007493 0.024324
5 0.554459 0.527417 0.015283 0.024324
5 0.538770 0.528911 0.015283 0.024324
5 0.570208 0.526422 0.015283 0.024324
5 0.586749 0.528191 0.015283 0.024324
5 0.603725 0.528844 0.015283 0.024324
5 0.554022 0.439842 0.015283 0.024324
5 0.570637 0.438649 0.015283 0.024324
5 0.745821 0.434670 0.015283 0.024324
5 0.754423 0.454026 0.015283 0.024324
5 0.795249 0.475690 0.015283 0.024324
