6 0.316412 0.640994 0.632825 0.718012
5 0.001904 0.415709 0.003808 0.025922
5 0.005985 0.393743 0.011970 0.025922
5 0.005985 0.438395 0.011970 0.025922
5 0.020501 0.438755 0.015587 0.025922
5 0.044627 0.417869 0.015587 0.025922
5 0.052910 0.394463 0.015587 0.025922
5 0.085013 0.393041 0.015587 0.025922
5 0.101524 0.439316 0.015587 0.025922
5 0.117946 0.439213 0.015587 0.025922
5 0.125756 0.416160 0.015587 0.025922
5 0.142178 0.416057 0.015587 0.025922
5 0.149850 0.392901 0.015587 0.025922
5 0.133428 0.393004 0.015587 0.025922
5 0.150224 0.437950 0.015587 0.025922
5 0.199471 0.392085 0.015587 0.025922
5 0.183049 0.392596 0.015587 0.025922
5 0.174348 0.369349 0.015587 0.025922
5 0.215676 0.391984 0.015587 0.025922
5 0.232098 0.391882 0.015587 0.025922
5 0.207700 0.415401 0.015587 0.025922
5 0.224122 0.414890 0.015587 0.025922
5 0.240826 0.414415 0.015587 0.025922
5 0.257248 0.414313 0.015587 0.025922
5 0.174560 0.415307 0.015587 0.025922
5 0.174647 0.460628 0.015587 0.025922
5 0.191068 0.460117 0.015587 0.025922
5 0.231954 0.436569 0.015587 0.025922
5 0.248836 0.437078 0.015587 0.025922
5 0.265221 0.436304 0.015587 0.025922
5 0.231924 0.480993 0.015587 0.025922
5 0.240397 0.459041 0.015587 0.025922
5 0.247972 0.480358 0.015587 0.024747
5 0.223779 0.459002 0.015587 0.025922
5 0.290039 0.414118 0.015587 0.025922
5 0.281678 0.436286 0.015587 0.025922
5 0.289511 0.458148 0.015587 0.025922
5 0.298337 0.436326 0.015587 0.025922
5 0.256146 0.501305 0.015587 0.024916
5 0.264691 0.479787 0.015587 0.025551
5 0.313166 0.478826 0.015587 0.025922
5 0.321631 0.456970 0.015587 0.025922
5 0.329929 0.478553 0.015587 0.025922
5 0.321218 0.499703 0.015587 0.025922
5 0.372033 0.413189 0.015587 0.025922
5 0.363207 0.435011 0.015587 0.025922
5 0.338857 0.413189 0.015587 0.025922
5 0.346937 0.435040 0.015587 0.025922
5 0.370920 0.457046 0.015587 0.025922
5 0.378999 0.478347 0.015587 0.025922
5 0.362729 0.478377 0.015587 0.025922
5 0.412035 0.435203 0.015587 0.025922
5 0.395765 0.435233 0.015587 0.025922
5 0.419090 0.368911 0.015587 0.025922
5 0.419981 0.456926 0.015587 0.025922
5 0.419776 0.498664 0.015587 0.025922
5 0.402776 0.499377 0.015587 0.025922
5 0.386728 0.499448 0.015587 0.025922
5 0.337853 0.499671 0.015587 0.025922
5 0.354123 0.499641 0.015587 0.025922
5 0.329335 0.520356 0.015587 0.025922
5 0.345605 0.520327 0.015587 0.025922
