6 0.291051 0.653291 0.582102 0.693419
5 0.005224 0.413944 0.010448 0.022491
5 0.040988 0.437855 0.016256 0.023911
5 0.042487 0.390152 0.014205 0.023674
5 0.058822 0.390271 0.018466 0.027225
5 0.075079 0.391927 0.014362 0.021544
5 0.081155 0.416075 0.014836 0.024858
5 0.097096 0.414299 0.016098 0.026042
5 0.112721 0.413826 0.014205 0.024621
5 0.104198 0.436670 0.017361 0.024148
5 0.128819 0.413116 0.016414 0.025568
5 0.127399 0.457386 0.015152 0.023201
5 0.151626 0.391335 0.014047 0.020360
5 0.121875 0.390980 0.014205 0.024384
5 0.175636 0.369285 0.013505 0.020616
5 0.191275 0.368930 0.013505 0.020616
5 0.198857 0.390611 0.013505 0.020616
5 0.190920 0.414070 0.013742 0.022038
5 0.206796 0.413714 0.013742 0.022038
5 0.228832 0.435395 0.013742 0.022038
5 0.251580 0.415137 0.013742 0.022038
5 0.259162 0.437173 0.013742 0.022038
5 0.275275 0.391679 0.013742 0.022038
5 0.221938 0.413116 0.014520 0.024148
5 0.229277 0.390862 0.013415 0.022727
5 0.245297 0.391809 0.016098 0.023674
5 0.252715 0.368490 0.014205 0.023438
5 0.237484 0.368253 0.014678 0.021544
5 0.299747 0.368845 0.013889 0.025568
5 0.338100 0.393466 0.013573 0.023674
5 0.322396 0.392282 0.014678 0.023674
5 0.331629 0.370739 0.013889 0.020833
5 0.308112 0.347301 0.014836 0.021780
5 0.323816 0.346591 0.014362 0.020360
5 0.361458 0.372277 0.014205 0.021544
5 0.384422 0.393466 0.014047 0.023674
5 0.366272 0.437973 0.014047 0.021780
5 0.382371 0.437855 0.014994 0.023438
5 0.398625 0.437618 0.015783 0.022964
5 0.446765 0.393348 0.015309 0.022964
5 0.437453 0.415365 0.014678 0.023438
5 0.431140 0.393111 0.013415 0.020597
5 0.415830 0.392756 0.014994 0.023674
5 0.424195 0.371449 0.014678 0.022727
5 0.408176 0.371212 0.014836 0.021307
5 0.500505 0.414418 0.014836 0.023438
5 0.527494 0.391809 0.016098 0.021780
5 0.455051 0.372277 0.013889 0.022017
5 0.492219 0.393584 0.016256 0.021070
5 0.484880 0.414891 0.014520 0.022491
