6 0.276373 0.649148 0.552746 0.701705
5 0.359457 0.461080 0.012326 0.016851
5 0.333633 0.513272 0.010922 0.014979
5 0.328796 0.453707 0.011234 0.014278
5 0.322086 0.430653 0.011547 0.014044
5 0.331995 0.411811 0.010767 0.015213
5 0.337456 0.433577 0.011390 0.015682
5 0.351889 0.436738 0.009362 0.016851
5 0.381223 0.440717 0.012483 0.016851
5 0.374124 0.461546 0.010767 0.014510
5 0.374747 0.556688 0.011390 0.015213
5 0.382213 0.538352 0.013415 0.022254
5 0.360117 0.554214 0.014994 0.021780
5 0.345754 0.553859 0.013415 0.022017
5 0.329814 0.554451 0.014994 0.019413
5 0.314504 0.553859 0.012468 0.019650
5 0.309612 0.532434 0.012784 0.018939
5 0.293119 0.533262 0.012942 0.018703
5 0.321765 0.501302 0.014362 0.024858
5 0.302352 0.513376 0.013415 0.017756
5 0.287595 0.512192 0.013573 0.020597
5 0.271891 0.511009 0.012784 0.018703
5 0.278520 0.532434 0.011837 0.017992
5 0.264315 0.532197 0.013100 0.019886
5 0.257134 0.510062 0.012311 0.020123
5 0.266446 0.488163 0.011995 0.018939
5 0.338179 0.533026 0.012784 0.019176
5 0.281360 0.489110 0.014362 0.018466
5 0.310717 0.491832 0.013731 0.019650
5 0.295407 0.491241 0.012468 0.017992
5 0.252162 0.486624 0.012468 0.019650
5 0.284912 0.553622 0.012626 0.016809
5 0.299274 0.553385 0.013889 0.019176
5 0.304956 0.575047 0.015152 0.017992
5 0.319792 0.575166 0.013573 0.020123
5 0.336679 0.574692 0.015467 0.022964
5 0.352383 0.574574 0.014047 0.023201
5 0.367102 0.577050 0.011390 0.016617
5 0.382292 0.578125 0.012311 0.018939
5 0.397364 0.577770 0.014047 0.018703
5 0.412989 0.578243 0.011837 0.016335
5 0.407749 0.556103 0.011234 0.016383
5 0.406578 0.517720 0.011390 0.016383
5 0.353917 0.529889 0.011547 0.016851
5 0.350563 0.479219 0.012326 0.016617
5 0.476559 0.592263 0.011859 0.015682
5 0.461995 0.600616 0.013889 0.020360
5 0.448106 0.599905 0.013258 0.017045
5 0.433349 0.599313 0.013100 0.017756
5 0.419460 0.598130 0.012468 0.018229
5 0.404624 0.598011 0.014362 0.021307
5 0.388842 0.598130 0.013100 0.015862
5 0.372901 0.598366 0.013731 0.017282
5 0.357749 0.596591 0.013731 0.017992
5 0.342282 0.597301 0.012784 0.016572
5 0.327525 0.595052 0.016098 0.020597
5 0.327999 0.595170 0.015467 0.021780
5 0.425142 0.619910 0.013731 0.018229
5 0.439268 0.620265 0.014205 0.018466
5 0.455366 0.620147 0.014836 0.020597
5 0.483617 0.609715 0.013889 0.020567
5 0.471228 0.621567 0.014994 0.017756
5 0.462468 0.640270 0.013573 0.020597
5 0.446370 0.638613 0.014205 0.019650
5 0.478567 0.641690 0.013889 0.018703
5 0.484485 0.662879 0.013731 0.018466
5 0.468466 0.660985 0.013258 0.018939
5 0.453157 0.659446 0.013258 0.019650
5 0.437216 0.659091 0.013258 0.017992
5 0.423539 0.658090 0.012734 0.019779
5 0.408097 0.658617 0.012784 0.018939
5 0.401783 0.638021 0.014047 0.020360
5 0.410859 0.619081 0.014836 0.021307
5 0.396023 0.618845 0.014205 0.020360
5 0.380240 0.618253 0.015783 0.020597
5 0.386158 0.638139 0.013731 0.022491
5 0.372033 0.636837 0.011364 0.017992
5 0.392859 0.658617 0.014534 0.019886
5 0.413699 0.677912 0.013258 0.018703
5 0.430508 0.677083 0.014362 0.019413
5 0.459391 0.678504 0.013415 0.017992
5 0.490878 0.681937 0.011995 0.017282
5 0.482301 0.699574 0.012418 0.019413
5 0.466651 0.698864 0.011521 0.016572
5 0.442582 0.716264 0.013889 0.018229
5 0.457576 0.716383 0.012942 0.018939
5 0.434985 0.697680 0.011406 0.018466
5 0.426720 0.716974 0.014362 0.017282
5 0.411411 0.715791 0.014362 0.016809
5 0.394918 0.716619 0.015467 0.017992
5 0.383396 0.677083 0.013573 0.019886
5 0.363905 0.618016 0.014994 0.021070
5 0.349306 0.616951 0.012942 0.020833
5 0.335101 0.615530 0.013258 0.022254
5 0.311821 0.594697 0.015625 0.021780
5 0.296591 0.593868 0.013573 0.020123
5 0.302746 0.612689 0.012626 0.019886
5 0.318213 0.615649 0.015783 0.019650
5 0.310795 0.634233 0.016730 0.022727
5 0.294223 0.632457 0.013573 0.019176
5 0.325158 0.635180 0.015783 0.020360
5 0.331866 0.655658 0.015941 0.021070
5 0.346780 0.655658 0.014205 0.019176
5 0.316635 0.654238 0.016730 0.021544
5 0.301720 0.653646 0.014362 0.018466
5 0.286277 0.652180 0.011390 0.016151
5 0.308278 0.672076 0.011078 0.015213
5 0.293142 0.672076 0.011078 0.015213
5 0.329186 0.692673 0.011078 0.015213
5 0.338079 0.674884 0.011078 0.015213
5 0.365229 0.714671 0.011078 0.015213
5 0.359299 0.694543 0.011078 0.015213
5 0.387541 0.734330 0.011078 0.015213
5 0.403300 0.734564 0.011078 0.015213
5 0.417811 0.734330 0.011078 0.015213
5 0.409541 0.753523 0.011078 0.015213
5 0.394094 0.752820 0.011078 0.015213
5 0.431229 0.773416 0.011078 0.015213
5 0.363823 0.752351 0.011078 0.015213
5 0.333396 0.750009 0.011078 0.015213
5 0.312956 0.729882 0.011078 0.015213
5 0.291267 0.708816 0.011078 0.015213
5 0.249219 0.530123 0.011547 0.017789
5 0.234396 0.528719 0.011547 0.017789
5 0.218324 0.528016 0.011547 0.017789
5 0.230807 0.568390 0.011547 0.016619
5 0.245942 0.570263 0.011547 0.016619
5 0.236892 0.589221 0.011547 0.016619
5 0.241417 0.550836 0.011547 0.016619
5 0.208807 0.547090 0.011547 0.016619
5 0.199913 0.566518 0.011547 0.016619
5 0.215360 0.566986 0.011547 0.016619
5 0.202877 0.526262 0.011547 0.016619
5 0.212396 0.506134 0.011547 0.016619
5 0.243758 0.507772 0.011547 0.016619
5 0.284326 0.444344 0.011547 0.016619
5 0.290256 0.468217 0.011547 0.016619
5 0.275589 0.467282 0.011547 0.016619
5 0.196324 0.503795 0.011547 0.016619
5 0.187743 0.524392 0.011547 0.016619
5 0.178693 0.543116 0.011547 0.016619
5 0.184467 0.563712 0.011547 0.016619
5 0.184467 0.563712 0.011547 0.016619
5 0.170107 0.562943 0.011547 0.016619
5 0.154722 0.561918 0.011547 0.016619
5 0.146174 0.580893 0.011547 0.016619
5 0.148567 0.539609 0.011547 0.016619
5 0.163439 0.541918 0.011547 0.016619
5 0.157115 0.520379 0.011547 0.016619
5 0.171987 0.521918 0.011547 0.016619
5 0.166174 0.500379 0.011547 0.016619
5 0.181046 0.502173 0.011547 0.016619
5 0.151302 0.496787 0.011547 0.016619
5 0.136772 0.496018 0.011547 0.016619
5 0.121045 0.493968 0.011547 0.016619
5 0.112669 0.514482 0.011547 0.016619
5 0.119165 0.536790 0.011547 0.016619
5 0.103950 0.534995 0.011547 0.016619
5 0.094378 0.555509 0.011547 0.016619
5 0.136772 0.600125 0.011547 0.016619
5 0.116430 0.578331 0.011547 0.016619
5 0.151815 0.601409 0.011547 0.016619
5 0.161046 0.583459 0.011547 0.016619
5 0.167200 0.602689 0.011547 0.016619
5 0.174380 0.622947 0.011547 0.016619
5 0.189252 0.624998 0.011547 0.016619
5 0.204637 0.625511 0.011547 0.016619
5 0.219852 0.626795 0.011547 0.016619
5 0.212842 0.606795 0.011547 0.016619
5 0.197457 0.605000 0.011547 0.016619
5 0.191645 0.584742 0.011547 0.016619
5 0.176259 0.583459 0.011547 0.016619
5 0.124634 0.559100 0.011547 0.016619
5 0.100702 0.576792 0.011547 0.016619
5 0.085658 0.575511 0.011547 0.016619
5 0.078136 0.554998 0.011547 0.016619
5 0.072323 0.532434 0.011547 0.016619
5 0.087366 0.533717 0.011547 0.016619
5 0.063434 0.553205 0.011547 0.016619
5 0.070784 0.574744 0.011547 0.016619
5 0.055057 0.573205 0.011547 0.016619
5 0.048220 0.552180 0.011547 0.016619
5 0.042236 0.530897 0.011547 0.016619
5 0.051296 0.506795 0.011547 0.016619
5 0.081553 0.509614 0.011547 0.016619
5 0.096425 0.513203 0.011547 0.016619
5 0.089416 0.488845 0.011547 0.016619
5 0.045740 0.484486 0.013086 0.019183
5 0.028475 0.486025 0.013086 0.019183
5 0.036338 0.507820 0.013086 0.019183
5 0.020783 0.507306 0.013086 0.019183
5 0.005714 0.506281 0.011428 0.019183
5 0.011894 0.528075 0.013086 0.019183
5 0.027279 0.529100 0.013086 0.019183
5 0.033603 0.551664 0.013086 0.019183
5 0.018048 0.549100 0.013086 0.019183
5 0.024714 0.570639 0.013086 0.019183
5 0.009500 0.569356 0.013086 0.019183
5 0.004688 0.547817 0.009376 0.019183
5 0.003747 0.587817 0.007494 0.019183
5 0.020611 0.650125 0.013086 0.019183
5 0.035825 0.650895 0.013086 0.019183
5 0.051211 0.652434 0.013086 0.019183
5 0.083690 0.614998 0.012060 0.018158
5 0.068305 0.613973 0.012060 0.018158
5 0.052920 0.612947 0.012060 0.018158
5 0.062151 0.593459 0.012060 0.018158
5 0.077366 0.594484 0.012060 0.018158
5 0.091896 0.595767 0.012060 0.018158
5 0.107451 0.597306 0.012060 0.018158
5 0.113775 0.618331 0.012060 0.018158
5 0.098903 0.617306 0.012060 0.018158
5 0.143690 0.620895 0.012060 0.018158
5 0.150186 0.640639 0.012060 0.018158
5 0.157366 0.660384 0.012060 0.018158
5 0.148818 0.680128 0.012060 0.018158
5 0.164033 0.681153 0.012060 0.018158
5 0.172580 0.662692 0.012060 0.018158
5 0.165571 0.642434 0.012060 0.018158
5 0.256171 0.649614 0.012060 0.018158
5 0.275317 0.572945 0.012060 0.018158
5 0.290360 0.574228 0.012060 0.018158
5 0.269675 0.689103 0.012060 0.018158
5 0.261469 0.707308 0.012060 0.018158
5 0.131551 0.716025 0.012060 0.018158
5 0.247623 0.667820 0.012060 0.018158
5 0.146937 0.718589 0.012060 0.018158
5 0.236170 0.762692 0.012060 0.018158
5 0.251042 0.763717 0.012060 0.018158
5 0.265743 0.765000 0.012060 0.018158
5 0.257708 0.783719 0.012060 0.018158
5 0.002400 0.482891 0.004800 0.019183
5 0.013267 0.485523 0.013086 0.019183
5 0.006171 0.462240 0.012342 0.020597
5 0.075000 0.486151 0.013258 0.019650
5 0.083996 0.466501 0.013573 0.019176
5 0.085101 0.427557 0.014520 0.022254
5 0.093939 0.445312 0.015467 0.021307
5 0.159596 0.478101 0.012942 0.019650
5 0.174432 0.479995 0.014836 0.022491
5 0.191004 0.483073 0.014205 0.020123
5 0.129609 0.473958 0.014205 0.022727
5 0.114536 0.470881 0.014994 0.023674
5 0.123611 0.450047 0.015467 0.023674
5 0.036411 0.466264 0.016256 0.021544
5 0.020391 0.463778 0.014205 0.021307
5 0.001673 0.525923 0.003346 0.021070
5 0.013763 0.439749 0.015467 0.020597
5 0.056297 0.377959 0.014678 0.022017
5 0.063715 0.399148 0.014047 0.021780
4 0.188794 0.435843 0.097538 0.089015
5 0.127557 0.517401 0.011995 0.019176
5 0.142551 0.518348 0.014205 0.022964
5 0.105066 0.491477 0.016572 0.022727
5 0.278914 0.420928 0.013573 0.019886
5 0.263763 0.420099 0.015467 0.020597
5 0.247743 0.418205 0.013415 0.019176
5 0.232118 0.420573 0.014362 0.021544
5 0.292961 0.422112 0.014520 0.021307
5 0.300458 0.404119 0.012468 0.018939
5 0.286332 0.401634 0.013889 0.018229
5 0.240562 0.398201 0.015152 0.019886
5 0.392156 0.500710 0.015309 0.022727
5 0.365878 0.483546 0.013889 0.021544
5 0.479593 0.510890 0.013100 0.019413
5 0.486853 0.531132 0.013100 0.022017
5 0.492298 0.552438 0.013573 0.022017
5 0.501926 0.530777 0.013258 0.020833
5 0.471859 0.450876 0.015941 0.019650
5 0.442188 0.576823 0.012784 0.021070
5 0.487958 0.628788 0.015625 0.017519
5 0.261158 0.570076 0.014678 0.020833
5 0.253267 0.591264 0.013415 0.022017
