6 0.554260 0.635586 0.891481 0.728829
4 0.608914 0.356153 0.015776 0.029158
4 0.532754 0.354715 0.023316 0.080187
4 0.445215 0.346570 0.117684 0.094639
4 0.253352 0.399341 0.232189 0.195893
5 0.831314 0.356565 0.015136 0.022377
5 0.846994 0.358066 0.015136 0.022377
5 0.878354 0.357900 0.015136 0.022377
5 0.862340 0.357566 0.015136 0.022377
5 0.941408 0.355564 0.015136 0.022377
5 0.925394 0.356232 0.015136 0.022377
5 0.909825 0.355898 0.015136 0.022377
5 0.894034 0.357232 0.015136 0.022377
5 0.918032 0.379096 0.015136 0.022377
5 0.902240 0.380431 0.015136 0.022377
5 0.994941 0.378448 0.010119 0.022377
5 0.981803 0.378380 0.015136 0.022377
5 0.965990 0.378597 0.015136 0.022377
5 0.949218 0.379381 0.015136 0.022377
5 0.973216 0.401748 0.015136 0.022377
5 0.957915 0.354209 0.015136 0.022377
5 0.995506 0.330692 0.008987 0.022377
5 0.981706 0.329291 0.015136 0.022377
5 0.965693 0.329958 0.015136 0.022377
5 0.949144 0.329992 0.015136 0.022377
5 0.990129 0.354209 0.015136 0.022377
5 0.822780 0.382724 0.015136 0.022377
5 0.838213 0.382370 0.015136 0.022377
5 0.853824 0.381982 0.015136 0.022377
5 0.815483 0.358049 0.015136 0.022377
5 0.798785 0.357678 0.015136 0.022377
5 0.766133 0.358977 0.015136 0.022377
5 0.749683 0.359905 0.015136 0.022377
5 0.741891 0.336529 0.015136 0.022377
5 0.758217 0.334302 0.015136 0.022377
5 0.806356 0.380930 0.015136 0.022377
5 0.773430 0.382733 0.015136 0.022377
5 0.757569 0.382553 0.015136 0.022377
5 0.781001 0.358580 0.015136 0.022377
5 0.624675 0.358969 0.015136 0.022377
5 0.640605 0.358665 0.015136 0.022377
5 0.703026 0.359905 0.015136 0.022377
5 0.718821 0.359437 0.015136 0.022377
5 0.592462 0.357878 0.015136 0.022377
5 0.585146 0.380698 0.015136 0.022377
5 0.520202 0.333974 0.015136 0.022377
5 0.503541 0.334522 0.015136 0.022377
5 0.512724 0.358048 0.015136 0.022377
5 0.544336 0.358536 0.015136 0.022377
5 0.520607 0.380234 0.015136 0.022377
5 0.481436 0.356464 0.015136 0.022377
5 0.426160 0.380617 0.015136 0.022377
5 0.377780 0.381289 0.015136 0.022377
5 0.386112 0.358980 0.015136 0.022377
5 0.370433 0.401851 0.015136 0.022377
5 0.362011 0.381692 0.015136 0.022377
5 0.346243 0.380079 0.015136 0.022377
5 0.322680 0.401582 0.015136 0.022377
5 0.338806 0.401582 0.015136 0.022377
5 0.250054 0.463821 0.015136 0.022377
5 0.232937 0.463684 0.015136 0.022377
5 0.225523 0.485515 0.015136 0.022377
5 0.242640 0.485652 0.015136 0.022377
5 0.282504 0.464946 0.015136 0.022377
5 0.314902 0.423110 0.015136 0.022377
5 0.217977 0.507330 0.015136 0.022377
5 0.209140 0.484712 0.015136 0.022377
5 0.200774 0.505115 0.015136 0.022377
5 0.192968 0.527190 0.015136 0.022377
5 0.176959 0.526541 0.015136 0.022377
