6 0.545399 0.634350 0.909203 0.731299
5 0.397228 0.448620 0.015103 0.023061
5 0.380612 0.449841 0.015103 0.023061
5 0.404592 0.428346 0.015103 0.023061
5 0.388410 0.428657 0.015103 0.023061
4 0.351993 0.351932 0.282234 0.136934
5 0.412476 0.408201 0.015103 0.023061
5 0.395515 0.407603 0.015103 0.023061
5 0.429710 0.408045 0.015103 0.023061
5 0.421401 0.427936 0.015103 0.023061
5 0.413863 0.448490 0.015103 0.023061
5 0.438209 0.427436 0.015103 0.023061
5 0.430065 0.447970 0.015103 0.023061
5 0.372988 0.470375 0.015103 0.023061
5 0.389950 0.469934 0.015103 0.023061
5 0.406238 0.469024 0.015103 0.023061
5 0.422700 0.468764 0.015103 0.023061
5 0.379746 0.407863 0.015103 0.023061
5 0.371515 0.429047 0.015103 0.023061
5 0.364410 0.450101 0.015103 0.023061
5 0.356786 0.471155 0.015103 0.023061
5 0.437577 0.387093 0.015103 0.023061
5 0.446171 0.407198 0.015103 0.023061
5 0.462157 0.405216 0.015103 0.023061
5 0.519701 0.425253 0.015103 0.023061
5 0.503262 0.425421 0.015103 0.023061
5 0.487044 0.425498 0.015103 0.023061
5 0.470567 0.426031 0.015103 0.023061
5 0.454337 0.426532 0.015103 0.023061
5 0.446493 0.447475 0.015103 0.023061
5 0.438942 0.468640 0.015103 0.023061
5 0.462104 0.447658 0.015103 0.023061
5 0.478719 0.446437 0.015103 0.023061
5 0.471441 0.467751 0.015103 0.023061
5 0.520466 0.465865 0.015103 0.023061
5 0.487730 0.466841 0.015103 0.023061
5 0.495355 0.446307 0.015103 0.023061
5 0.504192 0.466581 0.015103 0.023061
5 0.511778 0.445787 0.015103 0.023061
5 0.478621 0.405193 0.015103 0.023061
5 0.494582 0.404549 0.015103 0.023061
5 0.510799 0.404472 0.015103 0.023061
5 0.527238 0.404305 0.015103 0.023061
5 0.543331 0.403526 0.015103 0.023061
5 0.536105 0.425097 0.015103 0.023061
5 0.528390 0.445632 0.015103 0.023061
5 0.557970 0.359141 0.015103 0.023061
5 0.540839 0.361010 0.015103 0.023061
5 0.524192 0.362579 0.015103 0.023061
5 0.517797 0.384307 0.015103 0.023061
5 0.534132 0.383049 0.015103 0.023061
5 0.550641 0.381803 0.015103 0.023061
5 0.530629 0.340465 0.015103 0.023061
5 0.547795 0.339207 0.015103 0.023061
5 0.520974 0.318662 0.015103 0.023061
5 0.473215 0.299039 0.015103 0.023061
5 0.509899 0.298871 0.015103 0.023061
5 0.471450 0.343112 0.015103 0.023061
5 0.508619 0.363825 0.015103 0.023061
5 0.539454 0.318195 0.015103 0.023061
5 0.529799 0.296392 0.015103 0.023061
5 0.567584 0.379764 0.015103 0.023061
5 0.559655 0.402086 0.015103 0.023061
5 0.552429 0.423657 0.015103 0.023061
5 0.544714 0.444191 0.015103 0.023061
5 0.584056 0.380065 0.015103 0.023061
5 0.575925 0.401935 0.015103 0.023061
5 0.568700 0.423205 0.015103 0.023061
5 0.560683 0.444342 0.015103 0.023061
5 0.600728 0.380818 0.015103 0.023061
5 0.592497 0.402086 0.015103 0.023061
5 0.585171 0.422904 0.015103 0.023061
5 0.577154 0.444041 0.015103 0.023061
5 0.592492 0.360330 0.015103 0.023061
5 0.608963 0.359727 0.015103 0.023061
5 0.624631 0.359275 0.015103 0.023061
5 0.598819 0.338786 0.015103 0.023061
5 0.615190 0.338033 0.015103 0.023061
5 0.605548 0.316942 0.015103 0.023061
5 0.623325 0.316641 0.015103 0.023061
5 0.640801 0.315888 0.015103 0.023061
5 0.575950 0.352915 0.017528 0.031926
5 0.613468 0.294740 0.015103 0.023061
5 0.631245 0.294439 0.015103 0.023061
5 0.648424 0.294154 0.015103 0.023061
5 0.657891 0.315762 0.015103 0.023061
4 0.655143 0.348979 0.063730 0.044660
5 0.649366 0.337301 0.015103 0.023061
5 0.675077 0.314590 0.015103 0.023061
5 0.690990 0.314862 0.015103 0.023061
4 0.851378 0.396407 0.297244 0.248770
5 0.707494 0.314883 0.015103 0.023061
5 0.716478 0.293060 0.015103 0.023061
5 0.699973 0.293039 0.015103 0.023061
5 0.684060 0.292767 0.015103 0.023061
5 0.699878 0.335974 0.015103 0.023061
5 0.692067 0.356919 0.015103 0.023061
5 0.683801 0.377878 0.015103 0.023061
5 0.667347 0.378595 0.015103 0.023061
5 0.650876 0.379437 0.015103 0.023061
5 0.633714 0.378863 0.015103 0.023061
5 0.617206 0.380109 0.015103 0.023061
5 0.748801 0.377062 0.015103 0.023061
5 0.732782 0.377452 0.015103 0.023061
5 0.716202 0.376987 0.015103 0.023061
5 0.700565 0.377393 0.015103 0.023061
5 0.625481 0.400687 0.015103 0.023061
5 0.641989 0.399441 0.015103 0.023061
5 0.659041 0.399851 0.015103 0.023061
5 0.675622 0.399173 0.015103 0.023061
5 0.692076 0.398456 0.015103 0.023061
5 0.708839 0.397971 0.015103 0.023061
5 0.724477 0.397565 0.015103 0.023061
5 0.741874 0.397264 0.015103 0.023061
5 0.757995 0.396568 0.015103 0.023061
5 0.609002 0.401396 0.015103 0.023061
5 0.798123 0.325117 0.015103 0.023061
5 0.774342 0.396498 0.015103 0.023061
5 0.601041 0.422420 0.015103 0.023061
5 0.634025 0.421021 0.015103 0.023061
5 0.650533 0.419775 0.015103 0.023061
5 0.667585 0.420186 0.015103 0.023061
5 0.684165 0.419507 0.015103 0.023061
5 0.700620 0.418791 0.015103 0.023061
5 0.717383 0.418305 0.015103 0.023061
5 0.815147 0.416507 0.015103 0.023061
5 0.750418 0.417598 0.015103 0.023061
5 0.766538 0.416902 0.015103 0.023061
5 0.782772 0.416320 0.015103 0.023061
5 0.799006 0.416136 0.015103 0.023061
5 0.617546 0.421730 0.015103 0.023061
5 0.709498 0.439528 0.015103 0.023061
5 0.726262 0.439043 0.015103 0.023061
5 0.676464 0.440924 0.015103 0.023061
5 0.659792 0.441464 0.015103 0.023061
5 0.642903 0.441759 0.015103 0.023061
5 0.626425 0.442468 0.015103 0.023061
5 0.609919 0.443158 0.015103 0.023061
5 0.593542 0.443451 0.015103 0.023061
5 0.693044 0.440245 0.015103 0.023061
5 0.758835 0.437996 0.015103 0.023061
5 0.774848 0.437461 0.015103 0.023061
5 0.791298 0.437688 0.015103 0.023061
5 0.806777 0.436372 0.015103 0.023061
5 0.822918 0.436742 0.015103 0.023061
5 0.742323 0.439291 0.015103 0.023061
5 0.569791 0.465249 0.015103 0.023061
5 0.585977 0.464091 0.015103 0.023061
5 0.602221 0.464251 0.015103 0.023061
5 0.618670 0.463743 0.015103 0.023061
5 0.635104 0.463482 0.015103 0.023061
5 0.651796 0.462880 0.015103 0.023061
5 0.668249 0.462508 0.015103 0.023061
5 0.685105 0.461144 0.015103 0.023061
5 0.701959 0.460740 0.015103 0.023061
5 0.718413 0.460847 0.015103 0.023061
5 0.734670 0.460742 0.015103 0.023061
5 0.751048 0.459881 0.015103 0.023061
5 0.767455 0.459061 0.015103 0.023061
5 0.783679 0.458685 0.015103 0.023061
5 0.799917 0.458595 0.015103 0.023061
5 0.815785 0.457962 0.015103 0.023061
5 0.832230 0.457469 0.015103 0.023061
5 0.587001 0.506425 0.015103 0.023061
5 0.603187 0.505268 0.015103 0.023061
5 0.619432 0.505428 0.015103 0.023061
5 0.635880 0.504920 0.015103 0.023061
5 0.651888 0.505938 0.015103 0.023061
5 0.668580 0.505336 0.015103 0.023061
5 0.660398 0.483575 0.015103 0.023061
5 0.643635 0.483644 0.015103 0.023061
5 0.627129 0.484334 0.015103 0.023061
5 0.610752 0.484628 0.015103 0.023061
5 0.594365 0.485217 0.015103 0.023061
5 0.577893 0.485518 0.015103 0.023061
5 0.570757 0.507039 0.015103 0.023061
5 0.306014 0.431290 0.015103 0.023061
5 0.322698 0.431059 0.015103 0.023061
5 0.338880 0.430906 0.015103 0.023061
5 0.355689 0.430496 0.015103 0.023061
5 0.348151 0.451050 0.015103 0.023061
5 0.340527 0.471584 0.015103 0.023061
5 0.324072 0.471372 0.015103 0.023061
5 0.307804 0.471510 0.015103 0.023061
5 0.291285 0.472131 0.015103 0.023061
5 0.298910 0.451077 0.015103 0.023061
5 0.331516 0.451180 0.015103 0.023061
5 0.315112 0.450817 0.015103 0.023061
5 0.267271 0.535268 0.015103 0.023061
5 0.284785 0.534375 0.015103 0.023061
5 0.301053 0.534237 0.015103 0.023061
5 0.317508 0.534449 0.015103 0.023061
5 0.333767 0.534020 0.015103 0.023061
5 0.349969 0.533240 0.015103 0.023061
5 0.383219 0.531889 0.015103 0.023061
5 0.399681 0.531629 0.015103 0.023061
5 0.407046 0.510835 0.015103 0.023061
5 0.390844 0.511355 0.015103 0.023061
5 0.374390 0.511485 0.015103 0.023061
5 0.358317 0.512163 0.015103 0.023061
5 0.341844 0.512966 0.015103 0.023061
5 0.308497 0.514045 0.015103 0.023061
5 0.275348 0.513942 0.015103 0.023061
5 0.283357 0.492391 0.015103 0.023061
5 0.300041 0.492160 0.015103 0.023061
5 0.292093 0.513682 0.015103 0.023061
5 0.316585 0.492143 0.015103 0.023061
5 0.333394 0.491869 0.015103 0.023061
5 0.325494 0.513101 0.015103 0.023061
5 0.349581 0.491912 0.015103 0.023061
5 0.365572 0.491387 0.015103 0.023061
5 0.381845 0.490804 0.015103 0.023061
5 0.398382 0.490801 0.015103 0.023061
5 0.415190 0.490301 0.015103 0.023061
5 0.366931 0.532799 0.015103 0.023061
5 0.240423 0.430708 0.015103 0.023061
5 0.256916 0.431049 0.015103 0.023061
5 0.273099 0.430467 0.015103 0.023061
5 0.289239 0.431059 0.015103 0.023061
5 0.281702 0.451612 0.015103 0.023061
5 0.274077 0.472146 0.015103 0.023061
5 0.266563 0.493003 0.015103 0.023061
5 0.259045 0.513663 0.015103 0.023061
5 0.251535 0.535011 0.015103 0.023061
5 0.235748 0.535514 0.015103 0.023061
5 0.219862 0.535938 0.015103 0.023061
5 0.203778 0.535544 0.015103 0.023061
5 0.211188 0.514790 0.015103 0.023061
5 0.227456 0.514674 0.015103 0.023061
5 0.243192 0.514178 0.015103 0.023061
5 0.250136 0.492705 0.015103 0.023061
5 0.234259 0.493294 0.015103 0.023061
5 0.218529 0.494098 0.015103 0.023061
5 0.225599 0.472550 0.015103 0.023061
5 0.257622 0.471934 0.015103 0.023061
5 0.265543 0.451313 0.015103 0.023061
5 0.249234 0.452095 0.015103 0.023061
5 0.233032 0.451925 0.015103 0.023061
5 0.241831 0.472930 0.015103 0.023061
5 0.296965 0.411459 0.015103 0.023061
5 0.198375 0.409933 0.015103 0.023061
5 0.214498 0.409940 0.015103 0.023061
5 0.230532 0.409914 0.015103 0.023061
5 0.224310 0.430872 0.015103 0.023061
5 0.216908 0.452604 0.015103 0.023061
5 0.200821 0.452044 0.015103 0.023061
5 0.184292 0.452553 0.015103 0.023061
5 0.191577 0.431817 0.015103 0.023061
5 0.208076 0.431097 0.015103 0.023061
5 0.212976 0.366687 0.015103 0.023061
5 0.204547 0.388237 0.015103 0.023061
5 0.196003 0.324219 0.015103 0.023061
5 0.188316 0.346214 0.015103 0.023061
5 0.165624 0.409153 0.015103 0.023061
5 0.181747 0.409160 0.015103 0.023061
5 0.175325 0.430317 0.015103 0.023061
5 0.168070 0.451264 0.015103 0.023061
5 0.151541 0.451773 0.015103 0.023061
5 0.158827 0.431037 0.015103 0.023061
5 0.160998 0.473375 0.015103 0.023061
5 0.153274 0.494822 0.015103 0.023061
5 0.170090 0.494380 0.015103 0.023061
5 0.186449 0.494152 0.015103 0.023061
5 0.202394 0.494089 0.015103 0.023061
5 0.209908 0.473232 0.015103 0.023061
5 0.177523 0.472984 0.015103 0.023061
5 0.554926 0.506909 0.015103 0.023061
5 0.538405 0.507320 0.015103 0.023061
5 0.488637 0.509155 0.015103 0.023061
5 0.455920 0.509310 0.015103 0.023061
5 0.440178 0.510100 0.015103 0.023061
5 0.472511 0.510082 0.015103 0.023061
5 0.505076 0.508142 0.015103 0.023061
5 0.521990 0.508064 0.015103 0.023061
5 0.479994 0.487866 0.015103 0.023061
5 0.463764 0.488367 0.015103 0.023061
5 0.430828 0.489772 0.015103 0.023061
5 0.447636 0.489271 0.015103 0.023061
5 0.496472 0.487333 0.015103 0.023061
5 0.512689 0.487256 0.015103 0.023061
5 0.529226 0.486794 0.015103 0.023061
5 0.546022 0.486345 0.015103 0.023061
5 0.562394 0.485903 0.015103 0.023061
5 0.423905 0.510688 0.015103 0.023061
5 0.416457 0.531569 0.015103 0.023061
5 0.432630 0.531716 0.015103 0.023061
5 0.448707 0.531275 0.015103 0.023061
5 0.464841 0.530485 0.015103 0.023061
5 0.480942 0.530963 0.015103 0.023061
5 0.497263 0.530330 0.015103 0.023061
5 0.513605 0.529318 0.015103 0.023061
5 0.530519 0.529239 0.015103 0.023061
5 0.546934 0.528495 0.015103 0.023061
5 0.563455 0.528084 0.015103 0.023061
5 0.579428 0.527954 0.015103 0.023061
5 0.595672 0.527340 0.015103 0.023061
5 0.628220 0.527397 0.015103 0.023061
5 0.676887 0.483750 0.015103 0.023061
5 0.693742 0.482386 0.015103 0.023061
5 0.710596 0.481982 0.015103 0.023061
5 0.727051 0.482089 0.015103 0.023061
5 0.685725 0.504841 0.015103 0.023061
5 0.718631 0.503525 0.015103 0.023061
5 0.735085 0.503632 0.015103 0.023061
5 0.661246 0.526456 0.015103 0.023061
5 0.677735 0.526630 0.015103 0.023061
5 0.694947 0.525623 0.015103 0.023061
5 0.711099 0.525219 0.015103 0.023061
5 0.775817 0.480255 0.015103 0.023061
5 0.792041 0.479879 0.015103 0.023061
5 0.808279 0.479789 0.015103 0.023061
5 0.824147 0.479156 0.015103 0.023061
5 0.759410 0.481075 0.015103 0.023061
5 0.751913 0.502557 0.015103 0.023061
5 0.768320 0.501737 0.015103 0.023061
5 0.784544 0.501361 0.015103 0.023061
5 0.800782 0.501272 0.015103 0.023061
5 0.743287 0.524468 0.015103 0.023061
5 0.792746 0.522197 0.015103 0.023061
5 0.188807 0.577798 0.015103 0.023061
5 0.205329 0.578084 0.015103 0.023061
5 0.220923 0.577222 0.015103 0.023061
5 0.237432 0.577712 0.015103 0.023061
5 0.253249 0.577303 0.015103 0.023061
5 0.269395 0.577230 0.015103 0.023061
5 0.286575 0.576307 0.015103 0.023061
5 0.303413 0.576376 0.015103 0.023061
5 0.319672 0.575946 0.015103 0.023061
5 0.335874 0.575167 0.015103 0.023061
5 0.352074 0.576195 0.015103 0.023061
5 0.368471 0.575122 0.015103 0.023061
5 0.384607 0.575189 0.015103 0.023061
5 0.401056 0.574475 0.015103 0.023061
5 0.417926 0.574033 0.015103 0.023061
5 0.450746 0.572412 0.015103 0.023061
5 0.459021 0.594319 0.015103 0.023061
5 0.442605 0.595063 0.015103 0.023061
5 0.499510 0.571244 0.015103 0.023061
5 0.483169 0.572256 0.015103 0.023061
5 0.426132 0.594929 0.015103 0.023061
5 0.434612 0.573201 0.015103 0.023061
5 0.196143 0.556936 0.015103 0.023061
5 0.212411 0.556271 0.015103 0.023061
5 0.244293 0.556247 0.015103 0.023061
5 0.260591 0.556436 0.015103 0.023061
5 0.228878 0.556104 0.015103 0.023061
5 0.294402 0.555972 0.015103 0.023061
5 0.276862 0.556318 0.015103 0.023061
5 0.311399 0.555027 0.015103 0.023061
5 0.376140 0.553412 0.015103 0.023061
5 0.360295 0.553411 0.015103 0.023061
5 0.327749 0.554892 0.015103 0.023061
5 0.344222 0.554090 0.015103 0.023061
5 0.409810 0.552614 0.015103 0.023061
5 0.425301 0.552156 0.015103 0.023061
5 0.441043 0.552019 0.015103 0.023061
5 0.392603 0.553022 0.015103 0.023061
5 0.457842 0.551639 0.015103 0.023061
5 0.473722 0.551450 0.015103 0.023061
5 0.489833 0.551422 0.015103 0.023061
5 0.506090 0.551220 0.015103 0.023061
5 0.522506 0.550476 0.015103 0.023061
5 0.538616 0.550065 0.015103 0.023061
5 0.393572 0.595844 0.015103 0.023061
5 0.410441 0.595011 0.015103 0.023061
5 0.377298 0.596296 0.015103 0.023061
5 0.360377 0.596491 0.015103 0.023061
5 0.344678 0.597040 0.015103 0.023061
5 0.327780 0.596535 0.015103 0.023061
5 0.311578 0.597315 0.015103 0.023061
5 0.295319 0.597744 0.015103 0.023061
5 0.278864 0.597532 0.015103 0.023061
5 0.262668 0.598125 0.015103 0.023061
5 0.246522 0.598199 0.015103 0.023061
5 0.230284 0.598450 0.015103 0.023061
5 0.214196 0.598117 0.015103 0.023061
5 0.198602 0.598979 0.015103 0.023061
5 0.182080 0.598694 0.015103 0.023061
5 0.831062 0.414487 0.015103 0.023061
5 0.839934 0.435457 0.015103 0.023061
5 0.758776 0.315541 0.015103 0.023061
5 0.872460 0.436413 0.015103 0.023061
5 0.880784 0.456975 0.015103 0.023061
5 0.888817 0.435457 0.015103 0.023061
5 0.801388 0.543636 0.015103 0.023061
5 0.785150 0.543725 0.015103 0.023061
5 0.669805 0.548387 0.015103 0.023061
5 0.686413 0.547314 0.015103 0.023061
5 0.719538 0.547199 0.015103 0.023061
5 0.646150 0.569784 0.015103 0.023061
5 0.662639 0.569067 0.015103 0.023061
5 0.679018 0.568238 0.015103 0.023061
5 0.604417 0.549417 0.015103 0.023061
5 0.620662 0.549577 0.015103 0.023061
5 0.571972 0.549094 0.015103 0.023061
5 0.889693 0.478119 0.015103 0.023061
5 0.906050 0.477163 0.015103 0.023061
5 0.914540 0.499081 0.015103 0.023061
5 0.922573 0.477563 0.015103 0.023061
5 0.857980 0.521291 0.015103 0.023061
5 0.849693 0.499747 0.015103 0.023061
5 0.971059 0.433091 0.015103 0.023061
5 0.954613 0.433583 0.015103 0.023061
5 0.938607 0.433598 0.015103 0.023061
5 0.922232 0.434925 0.015103 0.023061
5 0.963549 0.453997 0.015103 0.023061
5 0.979572 0.412566 0.015103 0.023061
5 0.947130 0.455249 0.015103 0.023061
5 0.972484 0.476266 0.015103 0.023061
5 0.947328 0.498742 0.015103 0.023061
5 0.994003 0.412962 0.011994 0.023061
5 0.994501 0.455400 0.010998 0.023061
5 0.930339 0.412977 0.015103 0.023061
5 0.190226 0.620476 0.015103 0.023061
5 0.206493 0.619812 0.015103 0.023061
5 0.199282 0.640305 0.015103 0.023061
5 0.238529 0.619787 0.015103 0.023061
5 0.255369 0.619280 0.015103 0.023061
5 0.271254 0.619278 0.015103 0.023061
5 0.287943 0.619396 0.015103 0.023061
5 0.303911 0.618960 0.015103 0.023061
5 0.320435 0.619087 0.015103 0.023061
5 0.337083 0.618808 0.015103 0.023061
5 0.353679 0.618260 0.015103 0.023061
5 0.370222 0.616952 0.015103 0.023061
5 0.386249 0.617348 0.015103 0.023061
5 0.402147 0.616678 0.015103 0.023061
5 0.435125 0.615559 0.015103 0.023061
5 0.451924 0.615179 0.015103 0.023061
5 0.467804 0.614990 0.015103 0.023061
5 0.418685 0.616875 0.015103 0.023061
5 0.483915 0.614962 0.015103 0.023061
5 0.500172 0.614761 0.015103 0.023061
5 0.516588 0.614017 0.015103 0.023061
5 0.532698 0.613606 0.015103 0.023061
5 0.215693 0.640751 0.015103 0.023061
5 0.231985 0.640486 0.015103 0.023061
5 0.247376 0.640222 0.015103 0.023061
5 0.264112 0.640568 0.015103 0.023061
5 0.279760 0.639897 0.015103 0.023061
5 0.296553 0.639901 0.015103 0.023061
5 0.312809 0.639964 0.015103 0.023061
5 0.329367 0.639684 0.015103 0.023061
5 0.411219 0.637859 0.015103 0.023061
5 0.361769 0.638812 0.015103 0.023061
5 0.378366 0.638262 0.015103 0.023061
5 0.394688 0.637769 0.015103 0.023061
5 0.427454 0.638667 0.015103 0.023061
5 0.443894 0.637352 0.015103 0.023061
5 0.460694 0.636972 0.015103 0.023061
5 0.573743 0.633921 0.015103 0.023061
5 0.557633 0.634332 0.015103 0.023061
5 0.541217 0.635076 0.015103 0.023061
5 0.556671 0.592220 0.015103 0.023061
5 0.540561 0.592631 0.015103 0.023061
5 0.208301 0.661460 0.015103 0.023061
5 0.224501 0.661748 0.015103 0.023061
5 0.240793 0.661484 0.015103 0.023061
5 0.256395 0.661377 0.015103 0.023061
5 0.272603 0.661882 0.015103 0.023061
5 0.289201 0.661211 0.015103 0.023061
5 0.305044 0.661215 0.015103 0.023061
5 0.321300 0.661278 0.015103 0.023061
5 0.337858 0.660998 0.015103 0.023061
5 0.314338 0.681808 0.015103 0.023061
5 0.330593 0.681872 0.015103 0.023061
5 0.347151 0.681592 0.015103 0.023061
5 0.298495 0.681804 0.015103 0.023061
5 0.265372 0.682287 0.015103 0.023061
5 0.249769 0.682394 0.015103 0.023061
5 0.233478 0.682658 0.015103 0.023061
5 0.217278 0.682370 0.015103 0.023061
5 0.354474 0.660742 0.015103 0.023061
5 0.371071 0.660194 0.015103 0.023061
5 0.387614 0.658886 0.015103 0.023061
5 0.403254 0.658895 0.015103 0.023061
5 0.419539 0.658612 0.015103 0.023061
5 0.436077 0.658808 0.015103 0.023061
5 0.452517 0.657493 0.015103 0.023061
5 0.363106 0.681805 0.015103 0.023061
5 0.379702 0.681258 0.015103 0.023061
5 0.396246 0.679949 0.015103 0.023061
5 0.411886 0.679959 0.015103 0.023061
5 0.428170 0.679675 0.015103 0.023061
5 0.728039 0.567779 0.015103 0.023061
4 0.189715 0.389764 0.022638 0.026575
