6 0.281897 0.680753 0.563794 0.638494
5 0.110654 0.547558 0.014894 0.022736
5 0.118658 0.567851 0.014894 0.022736
5 0.110484 0.588275 0.014894 0.022736
5 0.102650 0.567343 0.014894 0.022736
5 0.094646 0.588143 0.014894 0.022736
5 0.078638 0.587635 0.014894 0.022736
5 0.086642 0.607928 0.014894 0.022736
5 0.063080 0.586452 0.014894 0.022736
5 0.047072 0.586959 0.014894 0.022736
5 0.031740 0.585437 0.014894 0.022736
5 0.070972 0.566667 0.014894 0.022736
5 0.086304 0.567681 0.014894 0.022736
5 0.039293 0.564807 0.014894 0.022736
5 0.055527 0.565821 0.014894 0.022736
5 0.048312 0.544345 0.014894 0.022736
5 0.203566 0.591708 0.014894 0.022736
5 0.188069 0.591191 0.014894 0.022736
5 0.172061 0.591964 0.014894 0.022736
5 0.156930 0.590908 0.014894 0.022736
5 0.141093 0.589496 0.014894 0.022736
5 0.125761 0.587974 0.014894 0.022736
5 0.149136 0.569694 0.014894 0.022736
5 0.164468 0.570812 0.014894 0.022736
5 0.180306 0.570610 0.014894 0.022736
5 0.196064 0.570993 0.014894 0.022736
5 0.234402 0.551658 0.014894 0.022736
5 0.227121 0.572083 0.014894 0.022736
5 0.157028 0.550055 0.014894 0.022736
5 0.172718 0.550366 0.014894 0.022736
5 0.188556 0.550164 0.014894 0.022736
5 0.211578 0.530371 0.014894 0.022736
5 0.218777 0.549895 0.014894 0.022736
5 0.203477 0.549963 0.014894 0.022736
5 0.211425 0.570115 0.014894 0.022736
5 0.257999 0.531804 0.014894 0.022736
5 0.242630 0.531063 0.014894 0.022736
5 0.226792 0.531265 0.014894 0.022736
5 0.281033 0.552465 0.014894 0.022736
5 0.265856 0.552720 0.014894 0.022736
5 0.250287 0.551711 0.014894 0.022736
5 0.234160 0.592127 0.014894 0.022736
5 0.350841 0.576455 0.014894 0.022736
5 0.335272 0.575446 0.014894 0.022736
5 0.320131 0.575282 0.014894 0.022736
5 0.304506 0.573519 0.014894 0.022736
5 0.257629 0.572315 0.014894 0.022736
5 0.242162 0.572450 0.014894 0.022736
5 0.273467 0.572113 0.014894 0.022736
5 0.288611 0.572358 0.014894 0.022736
5 0.312472 0.554311 0.014894 0.022736
5 0.296577 0.553150 0.014894 0.022736
5 0.350887 0.534434 0.014894 0.022736
5 0.335587 0.534836 0.014894 0.022736
5 0.320043 0.534151 0.014894 0.022736
5 0.343020 0.596366 0.014894 0.022736
5 0.327237 0.595892 0.014894 0.022736
5 0.312096 0.595192 0.014894 0.022736
5 0.280576 0.592804 0.014894 0.022736
5 0.265146 0.592773 0.014894 0.022736
5 0.249594 0.592761 0.014894 0.022736
5 0.296114 0.595036 0.014894 0.022736
5 0.287917 0.614122 0.014894 0.022736
5 0.272746 0.613174 0.014894 0.022736
5 0.257316 0.613144 0.014894 0.022736
5 0.241764 0.613131 0.014894 0.022736
5 0.226329 0.612498 0.014894 0.022736
5 0.171920 0.632116 0.014894 0.022736
5 0.179915 0.611919 0.014894 0.022736
5 0.003578 0.584580 0.007155 0.022736
5 0.015356 0.585155 0.014894 0.022736
5 0.024089 0.564795 0.014894 0.022736
5 0.062932 0.628348 0.014894 0.022736
5 0.047444 0.627545 0.014894 0.022736
5 0.031501 0.627255 0.014894 0.022736
5 0.016019 0.626116 0.014894 0.022736
5 0.003771 0.626951 0.007542 0.022736
5 0.358742 0.555616 0.014894 0.022736
5 0.374413 0.557085 0.014894 0.022736
5 0.366633 0.535170 0.014894 0.022736
5 0.382509 0.535256 0.014894 0.022736
5 0.374832 0.515031 0.014894 0.022736
5 0.235235 0.511362 0.014894 0.022736
5 0.219508 0.511399 0.014894 0.022736
5 0.218882 0.591369 0.014894 0.022736
5 0.211052 0.611740 0.014894 0.022736
5 0.280215 0.634198 0.014894 0.022736
5 0.233557 0.632639 0.014894 0.022736
5 0.218122 0.632005 0.014894 0.022736
5 0.202844 0.631248 0.014894 0.022736
5 0.265044 0.633250 0.014894 0.022736
5 0.249109 0.632651 0.014894 0.022736
5 0.445507 0.537062 0.014894 0.022736
5 0.429631 0.536975 0.014894 0.022736
5 0.413884 0.536240 0.014894 0.022736
5 0.438552 0.477073 0.014894 0.022736
5 0.429920 0.497097 0.014894 0.022736
5 0.406718 0.437349 0.014894 0.022736
5 0.390842 0.437263 0.014894 0.022736
5 0.382416 0.416999 0.014894 0.022736
5 0.366098 0.418203 0.014894 0.022736
5 0.389916 0.556876 0.014894 0.022736
5 0.436427 0.557714 0.014894 0.022736
5 0.478887 0.497376 0.014894 0.022736
5 0.487267 0.477263 0.014894 0.022736
5 0.486289 0.517070 0.014894 0.022736
5 0.452489 0.557085 0.014894 0.022736
5 0.444560 0.577712 0.014894 0.022736
5 0.428992 0.577960 0.014894 0.022736
5 0.413571 0.577377 0.014894 0.022736
5 0.397946 0.578128 0.014894 0.022736
5 0.382051 0.576967 0.014894 0.022736
5 0.452242 0.597615 0.014894 0.022736
5 0.436673 0.597864 0.014894 0.022736
5 0.421253 0.597280 0.014894 0.022736
5 0.397788 0.616764 0.014894 0.022736
5 0.413209 0.617348 0.014894 0.022736
5 0.374073 0.596662 0.014894 0.022736
5 0.483530 0.637076 0.014894 0.022736
5 0.475989 0.616822 0.014894 0.022736
5 0.446528 0.496872 0.014894 0.022736
5 0.374505 0.436596 0.014894 0.022736
5 0.389254 0.637152 0.014894 0.022736
5 0.357800 0.636555 0.014894 0.022736
5 0.326813 0.635909 0.014894 0.022736
5 0.311536 0.635151 0.014894 0.022736
5 0.342248 0.636543 0.014894 0.022736
5 0.374083 0.636205 0.014894 0.022736
5 0.365809 0.617003 0.014894 0.022736
5 0.350257 0.616991 0.014894 0.022736
5 0.334822 0.616357 0.014894 0.022736
5 0.319545 0.615599 0.014894 0.022736
5 0.210146 0.652370 0.014894 0.022736
5 0.194868 0.651613 0.014894 0.022736
5 0.225580 0.653004 0.014894 0.022736
5 0.163997 0.651453 0.014894 0.022736
5 0.147829 0.651508 0.014894 0.022736
5 0.132698 0.650452 0.014894 0.022736
5 0.116860 0.649040 0.014894 0.022736
5 0.101847 0.649192 0.014894 0.022736
5 0.140510 0.630365 0.014894 0.022736
5 0.171746 0.671771 0.014894 0.022736
5 0.155578 0.671826 0.014894 0.022736
5 0.140447 0.671419 0.014894 0.022736
4 0.208744 0.509943 0.417487 0.291193
