6 0.582150 0.703362 0.835701 0.593277
5 0.355622 0.578686 0.009959 0.016667
5 0.350051 0.558035 0.011839 0.020348
5 0.358630 0.534844 0.009664 0.014801
5 0.343314 0.534844 0.010600 0.014801
5 0.387402 0.538468 0.009599 0.016134
5 0.372740 0.537607 0.008685 0.015000
5 0.378988 0.559377 0.011714 0.018890
5 0.385560 0.580118 0.009468 0.014207
5 0.401586 0.581494 0.009561 0.016366
5 0.418627 0.579482 0.010893 0.015893
5 0.409309 0.559152 0.008827 0.016070
5 0.424553 0.557661 0.011302 0.017824
5 0.431753 0.536106 0.008341 0.015549
5 0.375868 0.601574 0.010601 0.016278
5 0.390873 0.601688 0.008651 0.017687
5 0.404034 0.601880 0.010115 0.016892
5 0.361441 0.599197 0.009762 0.014486
5 0.353433 0.621518 0.008344 0.017694
5 0.368897 0.621813 0.009287 0.017102
5 0.347544 0.599858 0.008406 0.015213
5 0.332699 0.599484 0.009492 0.012689
5 0.332836 0.643790 0.009370 0.016667
5 0.340003 0.621094 0.010290 0.016257
5 0.297980 0.667713 0.009891 0.014207
5 0.364216 0.684654 0.008996 0.016719
5 0.491793 0.540009 0.016414 0.024148
5 0.486619 0.492330 0.009962 0.016184
5 0.497790 0.513376 0.017677 0.025805
5 0.525884 0.548887 0.017992 0.028646
5 0.538273 0.529356 0.014362 0.026989
5 0.525095 0.522135 0.013573 0.023438
5 0.482165 0.567827 0.015152 0.026278
5 0.534457 0.594195 0.009362 0.016908
5 0.519877 0.595604 0.010189 0.017360
5 0.513573 0.571259 0.015783 0.025095
5 0.542985 0.614358 0.009844 0.016989
5 0.557442 0.614801 0.010350 0.016101
5 0.549948 0.634732 0.010355 0.016309
5 0.562928 0.502306 0.010275 0.016603
5 0.578076 0.504295 0.009400 0.014666
5 0.596907 0.503551 0.016414 0.024148
5 0.664080 0.526046 0.009306 0.014370
5 0.703114 0.483634 0.011682 0.015367
5 0.700863 0.506671 0.010734 0.014683
5 0.643419 0.506785 0.010664 0.016091
5 0.658430 0.504077 0.009517 0.016598
5 0.685338 0.547375 0.010459 0.019148
5 0.693097 0.527621 0.010196 0.016823
5 0.708365 0.526660 0.011533 0.015597
5 0.700492 0.547296 0.010387 0.016032
5 0.715093 0.548215 0.011968 0.017872
5 0.729815 0.549877 0.012216 0.018234
5 0.723134 0.525168 0.009506 0.017351
5 0.730279 0.502223 0.011562 0.017034
5 0.744896 0.504941 0.011204 0.017734
5 0.715314 0.502725 0.010437 0.016851
5 0.769509 0.495334 0.009926 0.015684
5 0.761082 0.513918 0.015800 0.027994
5 0.778977 0.518175 0.013870 0.021117
5 0.785611 0.497209 0.010956 0.017659
5 0.791992 0.475971 0.009908 0.017202
5 0.776517 0.476652 0.011709 0.015017
5 0.762066 0.565249 0.012006 0.019384
5 0.796089 0.566406 0.011793 0.019927
5 0.659618 0.570161 0.011499 0.018556
5 0.674705 0.568693 0.011291 0.017398
5 0.682330 0.590080 0.010754 0.017559
5 0.655701 0.547261 0.011162 0.017737
5 0.633362 0.520904 0.012252 0.017701
5 0.844299 0.584392 0.012727 0.018608
5 0.850241 0.517682 0.011195 0.019541
5 0.865404 0.518035 0.011927 0.019654
5 0.857273 0.496274 0.011843 0.016970
5 0.842951 0.496728 0.011610 0.017287
5 0.821378 0.477138 0.012260 0.015985
5 0.836329 0.476693 0.011779 0.016873
5 0.903253 0.499160 0.013051 0.019782
5 0.897850 0.473849 0.011323 0.018880
5 0.882180 0.476929 0.013518 0.020897
5 0.850341 0.476056 0.010997 0.018558
5 0.933283 0.494190 0.011559 0.019908
5 0.926926 0.518317 0.011471 0.023177
5 0.919200 0.496250 0.012129 0.019879
5 0.924850 0.472169 0.011264 0.016108
5 0.962123 0.489212 0.011632 0.018826
5 0.977738 0.490916 0.010832 0.018686
5 0.971907 0.519531 0.017677 0.032907
5 0.934566 0.578925 0.012151 0.018920
5 0.957531 0.538559 0.017435 0.024943
5 0.988767 0.535921 0.012442 0.021101
5 0.996896 0.509912 0.006209 0.021063
5 0.992353 0.488284 0.009356 0.015786
5 0.970241 0.469920 0.009719 0.016937
5 0.308378 0.586951 0.012655 0.017770
5 0.292318 0.587794 0.012402 0.018359
5 0.227846 0.613738 0.012382 0.016953
5 0.417164 0.535734 0.011449 0.016267
5 0.431318 0.598087 0.011157 0.016920
5 0.446102 0.594893 0.010969 0.018068
5 0.460878 0.593667 0.010764 0.018516
