6 0.279609 0.676255 0.559217 0.647491
5 0.049848 0.427468 0.014047 0.020597
5 0.065688 0.427320 0.014520 0.016572
5 0.057955 0.406013 0.014205 0.022727
5 0.049569 0.385448 0.013415 0.020123
5 0.065628 0.386010 0.013889 0.019413
5 0.080997 0.386364 0.014520 0.020360
5 0.072612 0.406399 0.013731 0.021307
5 0.080129 0.427083 0.014678 0.020833
5 0.095400 0.428801 0.014362 0.022964
5 0.102225 0.406487 0.013731 0.018939
5 0.095082 0.387995 0.013731 0.018466
5 0.109959 0.428977 0.014678 0.023201
5 0.117535 0.407405 0.014047 0.021780
5 0.132686 0.408144 0.014678 0.019886
5 0.139552 0.389441 0.014836 0.019413
5 0.146812 0.408973 0.012942 0.020597
5 0.161253 0.409564 0.014362 0.019886
5 0.175926 0.410511 0.014351 0.021307
5 0.168786 0.430161 0.013961 0.021307
5 0.161569 0.451231 0.014994 0.020360
5 0.138787 0.470850 0.014176 0.021070
5 0.191004 0.450284 0.014520 0.020833
5 0.206392 0.409683 0.014047 0.020597
5 0.190925 0.409328 0.014994 0.019413
5 0.198658 0.429096 0.014678 0.022491
5 0.213968 0.429332 0.014047 0.019650
5 0.229040 0.428385 0.013889 0.021544
5 0.220912 0.448390 0.014362 0.020833
5 0.236715 0.408883 0.014678 0.019886
5 0.221544 0.408854 0.014362 0.019413
5 0.228883 0.388731 0.013889 0.020833
5 0.213867 0.389798 0.013258 0.020360
5 0.244271 0.389796 0.014678 0.018229
5 0.251215 0.409209 0.014047 0.021070
5 0.243402 0.428240 0.013731 0.020597
5 0.258447 0.428120 0.013989 0.021070
5 0.250821 0.448685 0.014520 0.021307
5 0.258791 0.390625 0.012468 0.017519
5 0.273153 0.390152 0.013415 0.016098
5 0.266130 0.409091 0.013889 0.017519
5 0.280571 0.408854 0.014678 0.020833
5 0.273706 0.428385 0.012942 0.018229
5 0.265578 0.447917 0.012468 0.019886
5 0.280355 0.448394 0.012153 0.020360
5 0.287674 0.427320 0.013731 0.020360
5 0.273864 0.468750 0.013889 0.022254
5 0.258398 0.469254 0.014678 0.022017
5 0.294736 0.447651 0.014520 0.020833
5 0.309375 0.447325 0.014520 0.021544
5 0.301563 0.427675 0.013731 0.018229
5 0.295092 0.407552 0.013100 0.018703
5 0.310085 0.407789 0.013731 0.020597
5 0.325000 0.408026 0.012942 0.019650
5 0.316872 0.427438 0.014994 0.020123
5 0.331313 0.428385 0.013258 0.019650
5 0.324369 0.448627 0.014205 0.021780
5 0.316556 0.468781 0.014994 0.022964
5 0.302176 0.469016 0.014205 0.022254
5 0.287199 0.468572 0.014836 0.021780
5 0.338219 0.448213 0.013889 0.020597
5 0.352225 0.448153 0.014047 0.021307
5 0.345793 0.428830 0.014047 0.020597
5 0.360906 0.428149 0.013100 0.018229
5 0.332121 0.390301 0.012153 0.018939
5 0.368640 0.408144 0.013731 0.019413
5 0.375641 0.427143 0.014836 0.019650
5 0.368245 0.447798 0.013573 0.021070
5 0.360374 0.469107 0.014362 0.020833
5 0.345912 0.468868 0.014678 0.022491
5 0.331192 0.469786 0.013573 0.022017
5 0.383160 0.447798 0.013731 0.021070
5 0.389789 0.468750 0.015309 0.022727
5 0.367850 0.490885 0.014994 0.024384
5 0.382745 0.489317 0.013731 0.021307
5 0.413287 0.447119 0.012912 0.021307
5 0.405529 0.467743 0.014520 0.022491
5 0.397957 0.488310 0.014678 0.022017
5 0.437037 0.427468 0.013415 0.020597
5 0.444044 0.448627 0.014836 0.020360
5 0.428001 0.488549 0.013573 0.019886
5 0.442188 0.488281 0.013415 0.020123
5 0.450473 0.508439 0.013889 0.020193
5 0.452367 0.428149 0.013573 0.022017
5 0.481881 0.470762 0.016098 0.022017
5 0.450370 0.469263 0.015625 0.022727
5 0.428536 0.448390 0.013415 0.021307
5 0.483617 0.429096 0.014520 0.020123
5 0.496930 0.511600 0.015467 0.022254
5 0.479987 0.550071 0.014836 0.021544
5 0.434968 0.508681 0.013772 0.020597
5 0.441951 0.529119 0.014205 0.019886
5 0.384107 0.407552 0.013415 0.017756
