6 0.557765 0.693063 0.884470 0.613873
5 0.877970 0.418477 0.014672 0.023204
5 0.861887 0.420575 0.014672 0.023204
5 0.894052 0.422373 0.014672 0.023204
5 0.910135 0.424321 0.014672 0.023204
5 0.927016 0.421924 0.014672 0.023204
5 0.973917 0.421588 0.014672 0.023204
5 0.958267 0.419956 0.014672 0.023204
5 0.942744 0.419015 0.014672 0.023204
5 0.989812 0.423267 0.014672 0.023204
5 0.979914 0.444157 0.014672 0.023204
5 0.994763 0.445047 0.010475 0.023204
5 0.988023 0.468406 0.014672 0.023204
5 0.998751 0.467973 0.002498 0.023204
5 0.949980 0.469062 0.016553 0.028302
5 0.994582 0.494177 0.010837 0.026691
5 0.978212 0.493630 0.017243 0.026691
5 0.940680 0.497044 0.017562 0.029469
5 0.960295 0.493478 0.015067 0.026691
5 0.951168 0.523054 0.017563 0.029469
5 0.970792 0.520873 0.017563 0.029469
5 0.989204 0.518989 0.016059 0.027227
5 0.931597 0.524087 0.017563 0.027718
5 0.911666 0.524391 0.017563 0.027718
5 0.920772 0.497075 0.017563 0.027718
5 0.918756 0.447609 0.017637 0.027718
5 0.900304 0.447844 0.017637 0.027718
5 0.880942 0.443853 0.017638 0.027718
5 0.901277 0.496971 0.017563 0.027718
5 0.869138 0.470127 0.019411 0.027764
5 0.881225 0.496498 0.019412 0.027764
5 0.891788 0.523492 0.017562 0.027718
5 0.871236 0.520921 0.019412 0.027764
5 0.859548 0.495599 0.019412 0.027764
5 0.910268 0.472397 0.017563 0.027718
5 0.846421 0.424492 0.015067 0.026691
5 0.830150 0.424248 0.015067 0.026691
5 0.857950 0.447501 0.019412 0.027764
5 0.839429 0.448766 0.015067 0.026691
5 0.822458 0.447173 0.015067 0.026691
5 0.813839 0.422673 0.014672 0.023204
5 0.798057 0.422223 0.014672 0.023204
5 0.790365 0.446047 0.014672 0.023204
5 0.806148 0.446497 0.014672 0.023204
5 0.798456 0.469872 0.014672 0.023204
5 0.814239 0.470321 0.014672 0.023204
5 0.831395 0.472440 0.015383 0.026691
5 0.823104 0.496863 0.015383 0.026691
5 0.805923 0.496714 0.015383 0.026691
5 0.789865 0.494445 0.014672 0.023204
5 0.840387 0.497738 0.017563 0.027718
5 0.814073 0.523078 0.014672 0.023204
5 0.831826 0.521958 0.015209 0.023204
5 0.850915 0.522118 0.015209 0.023204
5 0.848036 0.471250 0.015209 0.023204
5 0.889831 0.470946 0.017637 0.027718
5 0.782174 0.422680 0.015067 0.026691
5 0.766078 0.423935 0.015067 0.026691
5 0.734446 0.427390 0.014672 0.023204
5 0.750333 0.425018 0.014672 0.023204
5 0.774373 0.446831 0.014672 0.023204
5 0.758381 0.446810 0.014672 0.023204
5 0.782630 0.467840 0.014672 0.023204
5 0.766225 0.469750 0.015067 0.026691
5 0.759327 0.498912 0.015067 0.026691
5 0.774692 0.496403 0.015067 0.026691
5 0.742751 0.449971 0.015067 0.026691
5 0.750718 0.473628 0.015067 0.026691
5 0.718567 0.426366 0.014672 0.023204
5 0.727115 0.449807 0.014672 0.023204
5 0.710277 0.403591 0.014672 0.023204
5 0.725955 0.403866 0.014672 0.023204
5 0.741842 0.402692 0.014672 0.023204
5 0.702785 0.424718 0.014672 0.023204
5 0.711185 0.448773 0.015067 0.026691
5 0.719476 0.474545 0.015067 0.026691
5 0.735206 0.474231 0.014672 0.023204
5 0.703441 0.474231 0.014672 0.023204
5 0.712384 0.499717 0.015067 0.026691
5 0.728566 0.499118 0.015067 0.026691
5 0.744095 0.500017 0.014576 0.026691
5 0.695316 0.449323 0.014893 0.026691
5 0.654947 0.428021 0.014672 0.023204
5 0.671097 0.426733 0.014672 0.023204
5 0.686730 0.425739 0.014672 0.023204
5 0.647606 0.451145 0.014672 0.023204
5 0.663756 0.449857 0.014672 0.023204
5 0.679267 0.449046 0.014672 0.023204
5 0.687464 0.472536 0.014672 0.023204
5 0.671953 0.473348 0.014672 0.023204
5 0.655803 0.474636 0.014672 0.023204
5 0.929999 0.471033 0.017563 0.027718
5 0.969084 0.468406 0.014672 0.023204
5 0.606826 0.424876 0.014672 0.023204
5 0.623417 0.428223 0.014672 0.023204
5 0.639271 0.427725 0.014672 0.023204
5 0.630922 0.405211 0.014672 0.023204
5 0.646776 0.404713 0.014672 0.023204
5 0.662452 0.405009 0.014672 0.023204
5 0.678124 0.403685 0.014672 0.023204
5 0.598990 0.400539 0.014672 0.023204
5 0.631602 0.450483 0.014672 0.023204
5 0.615629 0.449985 0.014893 0.026691
5 0.640131 0.474156 0.014893 0.026691
5 0.624238 0.474488 0.014893 0.026691
5 0.608481 0.472390 0.014672 0.023204
5 0.599515 0.448164 0.014893 0.026691
5 0.592562 0.472335 0.014893 0.026691
5 0.680636 0.497334 0.014893 0.026691
5 0.696294 0.497701 0.014672 0.023204
5 0.664854 0.498327 0.014893 0.026691
5 0.648740 0.497831 0.014893 0.026691
5 0.632831 0.498032 0.014672 0.023204
5 0.617064 0.497665 0.014893 0.026691
5 0.601502 0.498327 0.014893 0.026691
5 0.585167 0.498162 0.014893 0.026691
5 0.569715 0.498824 0.014893 0.026691
5 0.576474 0.474873 0.014672 0.023204
5 0.583953 0.448164 0.014893 0.026691
5 0.575565 0.424490 0.014893 0.026691
5 0.591484 0.421730 0.014672 0.023204
5 0.529141 0.430433 0.014672 0.023204
5 0.545100 0.428988 0.014672 0.023204
5 0.560565 0.428495 0.014672 0.023204
5 0.568667 0.450117 0.014672 0.023204
5 0.553202 0.450610 0.014672 0.023204
5 0.537243 0.452055 0.014672 0.023204
5 0.560986 0.474107 0.014672 0.023204
5 0.521110 0.452978 0.014672 0.023204
5 0.529562 0.476045 0.014672 0.023204
5 0.554038 0.498508 0.014893 0.026691
5 0.505746 0.452643 0.014672 0.023204
5 0.545304 0.474834 0.014893 0.026691
5 0.538255 0.499929 0.014893 0.026691
5 0.481441 0.429915 0.014672 0.023204
5 0.513253 0.431064 0.014672 0.023204
5 0.497331 0.430882 0.014672 0.023204
5 0.521351 0.409507 0.014672 0.023204
5 0.489440 0.408432 0.014672 0.023204
5 0.505543 0.409567 0.014672 0.023204
5 0.552901 0.408035 0.014672 0.023204
5 0.537123 0.407711 0.014672 0.023204
5 0.473624 0.408171 0.014672 0.023204
5 0.457846 0.407847 0.014672 0.023204
5 0.441882 0.407983 0.014672 0.023204
5 0.489423 0.452909 0.014672 0.023204
5 0.513854 0.476380 0.014672 0.023204
5 0.482869 0.477271 0.014893 0.026691
5 0.466971 0.478838 0.014893 0.026691
5 0.473934 0.453945 0.014893 0.026691
5 0.458499 0.453771 0.014893 0.026691
5 0.434208 0.430612 0.014672 0.023204
5 0.466137 0.430368 0.014672 0.023204
5 0.450215 0.430185 0.014672 0.023204
5 0.417860 0.431586 0.014672 0.023204
5 0.410781 0.454390 0.014672 0.023204
5 0.427129 0.453415 0.014672 0.023204
5 0.443135 0.452989 0.014672 0.023204
5 0.451197 0.477685 0.014672 0.023204
5 0.420280 0.478345 0.014893 0.026691
5 0.435850 0.477641 0.014893 0.026691
5 0.395619 0.454300 0.014893 0.026691
5 0.380083 0.455410 0.014893 0.026691
5 0.364218 0.455657 0.014893 0.026691
5 0.404461 0.477332 0.014672 0.023204
5 0.413621 0.502389 0.014893 0.026691
5 0.388303 0.478714 0.014893 0.026691
5 0.398249 0.502389 0.014893 0.026691
5 0.430108 0.502486 0.014672 0.023204
5 0.460510 0.502425 0.014893 0.026691
5 0.371251 0.432326 0.014672 0.023204
5 0.393765 0.408047 0.014672 0.023204
5 0.402537 0.431172 0.014672 0.023204
5 0.356520 0.478959 0.014672 0.023204
5 0.372997 0.478887 0.014893 0.026691
5 0.386741 0.431514 0.014893 0.026691
5 0.355616 0.433362 0.014672 0.023204
5 0.340639 0.478220 0.014672 0.023204
5 0.348241 0.456018 0.014672 0.023204
5 0.334326 0.501154 0.014672 0.023204
5 0.350207 0.501894 0.014672 0.023204
5 0.366289 0.502537 0.014893 0.026691
5 0.382861 0.503128 0.014893 0.026691
5 0.324757 0.477776 0.014672 0.023204
5 0.332064 0.455130 0.014672 0.023204
5 0.318444 0.500710 0.014672 0.023204
5 0.316577 0.455722 0.014672 0.023204
5 0.309271 0.478368 0.014672 0.023204
5 0.301774 0.501006 0.014672 0.023204
5 0.323360 0.433362 0.014672 0.023204
5 0.339883 0.433066 0.014672 0.023204
5 0.314581 0.411019 0.014672 0.023204
5 0.330709 0.410427 0.014672 0.023204
5 0.346837 0.411019 0.014672 0.023204
5 0.328309 0.526308 0.014672 0.023204
5 0.344190 0.527048 0.014672 0.023204
5 0.307809 0.434058 0.014672 0.023204
5 0.301026 0.456418 0.014672 0.023204
5 0.293023 0.478020 0.014672 0.023204
5 0.285643 0.500136 0.014672 0.023204
5 0.292259 0.434232 0.014672 0.023204
5 0.284663 0.455896 0.014672 0.023204
5 0.276660 0.477497 0.014672 0.023204
5 0.269512 0.499614 0.014672 0.023204
5 0.253149 0.499440 0.014672 0.023204
5 0.260645 0.477323 0.014672 0.023204
5 0.268300 0.455722 0.014672 0.023204
5 0.275895 0.434058 0.014672 0.023204
5 0.245954 0.520851 0.014672 0.023204
5 0.262317 0.521025 0.014672 0.023204
5 0.278448 0.521547 0.014672 0.023204
5 0.304866 0.546840 0.014672 0.023204
5 0.288544 0.546440 0.014672 0.023204
5 0.239339 0.543306 0.014672 0.023204
5 0.255702 0.543480 0.014672 0.023204
5 0.271833 0.544003 0.014672 0.023204
5 0.260229 0.434058 0.014672 0.023204
5 0.244631 0.477323 0.014672 0.023204
5 0.252633 0.455722 0.014672 0.023204
5 0.237018 0.499091 0.014672 0.023204
5 0.229823 0.520502 0.014672 0.023204
5 0.223208 0.542784 0.014672 0.023204
5 0.216013 0.564021 0.014672 0.023204
5 0.232144 0.564544 0.014672 0.023204
5 0.248507 0.564718 0.014672 0.023204
5 0.243946 0.434058 0.014672 0.023204
5 0.236750 0.455722 0.014672 0.023204
5 0.228748 0.477323 0.014672 0.023204
5 0.227664 0.433758 0.014672 0.023204
5 0.220468 0.455422 0.014672 0.023204
5 0.212466 0.477024 0.014672 0.023204
5 0.204574 0.498450 0.014672 0.023204
5 0.220856 0.498750 0.014672 0.023204
5 0.198081 0.520027 0.014672 0.023204
5 0.214363 0.520326 0.014672 0.023204
5 0.190589 0.541603 0.014672 0.023204
5 0.206872 0.541903 0.014672 0.023204
5 0.183397 0.563330 0.014672 0.023204
5 0.199679 0.563629 0.014672 0.023204
5 0.167415 0.563629 0.014672 0.023204
5 0.165617 0.520926 0.014672 0.023204
5 0.181899 0.520626 0.014672 0.023204
5 0.188791 0.498750 0.014672 0.023204
5 0.204286 0.456171 0.014672 0.023204
5 0.196283 0.477773 0.014672 0.023204
5 0.180400 0.478072 0.014672 0.023204
5 0.172909 0.499050 0.014672 0.023204
5 0.176005 0.584756 0.014672 0.023204
5 0.192287 0.585056 0.014672 0.023204
5 0.208621 0.585448 0.014672 0.023204
5 0.224951 0.586869 0.014672 0.023204
5 0.241314 0.587043 0.014672 0.023204
5 0.168214 0.607082 0.014672 0.023204
5 0.184096 0.606932 0.014672 0.023204
5 0.200430 0.607324 0.014672 0.023204
5 0.159923 0.628059 0.014672 0.023204
5 0.176904 0.628808 0.014672 0.023204
5 0.193237 0.629200 0.014672 0.023204
5 0.210234 0.628420 0.014672 0.023204
5 0.168753 0.648971 0.014672 0.023204
5 0.151771 0.648221 0.014672 0.023204
5 0.186300 0.649753 0.014672 0.023204
5 0.862230 0.547659 0.019412 0.027764
5 0.843210 0.547046 0.015209 0.023204
5 0.757484 0.401028 0.014672 0.023204
5 0.773267 0.401478 0.014672 0.023204
