6 0.568026 0.654960 0.863947 0.690080
4 0.569839 0.466974 0.860322 0.289062
5 0.398438 0.525146 0.011719 0.021973
5 0.382324 0.529541 0.014648 0.021973
5 0.376465 0.551514 0.014648 0.021973
5 0.413086 0.525146 0.011719 0.021973
5 0.366211 0.527344 0.011719 0.017578
5 0.360352 0.547119 0.011719 0.021973
5 0.335449 0.529541 0.014648 0.021973
5 0.227051 0.639404 0.014648 0.021973
5 0.212402 0.639404 0.014648 0.021973
5 0.203613 0.661377 0.014648 0.021973
5 0.344238 0.551514 0.014648 0.021973
5 0.436523 0.547119 0.011719 0.021973
5 0.442383 0.527344 0.011719 0.017578
5 0.476074 0.522949 0.014648 0.017578
5 0.732422 0.533936 0.011719 0.021973
5 0.678223 0.558105 0.014648 0.017578
5 0.725098 0.553711 0.014648 0.017578
5 0.840820 0.531738 0.011719 0.017578
5 0.988346 0.547244 0.013127 0.016974
5 0.972050 0.548774 0.013127 0.019351
5 0.755859 0.551514 0.011719 0.021973
5 0.801270 0.551514 0.014648 0.021973
5 0.818848 0.551514 0.014648 0.021973
