6 0.531619 0.633981 0.936762 0.732037
5 0.878536 0.350058 0.016504 0.025691
5 0.400753 0.352299 0.016504 0.025691
5 0.426132 0.329148 0.016504 0.025691
5 0.861369 0.349200 0.016504 0.025691
5 0.870525 0.325881 0.016504 0.025691
5 0.844202 0.348914 0.016504 0.025691
5 0.852499 0.372662 0.016504 0.025691
5 0.827225 0.349629 0.016504 0.025691
5 0.818451 0.326167 0.016504 0.025691
5 0.886738 0.373377 0.016504 0.025691
5 0.860701 0.396124 0.016504 0.025691
5 0.818737 0.373091 0.016504 0.025691
5 0.809867 0.396553 0.016504 0.025691
5 0.801665 0.373377 0.016504 0.025691
5 0.792795 0.396839 0.016504 0.025691
5 0.793272 0.350631 0.016504 0.025691
5 0.776201 0.351203 0.016504 0.025691
5 0.784593 0.373949 0.016504 0.025691
5 0.775724 0.397411 0.016504 0.025691
5 0.852704 0.419007 0.016504 0.025691
5 0.861439 0.441707 0.016504 0.025691
5 0.818378 0.419376 0.016504 0.025691
5 0.784306 0.419723 0.016504 0.025691
5 0.733535 0.375795 0.016504 0.025691
5 0.750607 0.375222 0.016504 0.025691
5 0.767433 0.374383 0.016504 0.025691
5 0.725140 0.352708 0.016504 0.025691
5 0.708068 0.352542 0.016504 0.025691
5 0.733139 0.329057 0.016504 0.025691
5 0.742271 0.352357 0.016504 0.025691
5 0.741260 0.305435 0.016504 0.025691
5 0.716557 0.329658 0.016504 0.025691
5 0.700208 0.328224 0.016504 0.025691
5 0.666321 0.329197 0.016504 0.025691
5 0.674944 0.351595 0.016504 0.025691
5 0.692016 0.351761 0.016504 0.025691
5 0.666006 0.375886 0.016504 0.025691
5 0.632068 0.329801 0.016504 0.025691
5 0.640558 0.353488 0.016504 0.025691
5 0.623875 0.353023 0.016504 0.025691
5 0.537666 0.352548 0.016504 0.025691
5 0.554737 0.352714 0.016504 0.025691
5 0.572339 0.352948 0.016504 0.025691
5 0.589866 0.352157 0.016504 0.025691
5 0.606997 0.351806 0.016504 0.025691
5 0.563213 0.328791 0.016504 0.025691
5 0.615491 0.376946 0.016504 0.025691
5 0.598066 0.376823 0.016504 0.025691
5 0.580935 0.377173 0.016504 0.025691
5 0.529626 0.377173 0.016504 0.025691
5 0.546757 0.376823 0.016504 0.025691
5 0.417606 0.351835 0.016504 0.025691
5 0.434915 0.352001 0.016504 0.025691
5 0.452041 0.351878 0.016504 0.025691
5 0.469093 0.351979 0.016504 0.025691
5 0.485868 0.352341 0.016504 0.025691
5 0.503221 0.353202 0.016504 0.025691
5 0.519785 0.352597 0.016504 0.025691
5 0.528344 0.329060 0.016504 0.025691
5 0.511304 0.329665 0.016504 0.025691
5 0.511702 0.375776 0.016504 0.025691
5 0.495138 0.376381 0.016504 0.025691
5 0.477784 0.375521 0.016504 0.025691
5 0.461010 0.375158 0.016504 0.025691
5 0.443958 0.375058 0.016504 0.025691
5 0.426832 0.375181 0.016504 0.025691
5 0.410035 0.375399 0.016504 0.025691
5 0.487174 0.399561 0.016504 0.025691
5 0.469701 0.399058 0.016504 0.025691
5 0.435756 0.398594 0.016504 0.025691
5 0.418630 0.398717 0.016504 0.025691
5 0.367432 0.353837 0.016504 0.025691
5 0.384285 0.353373 0.016504 0.025691
5 0.375186 0.328767 0.016504 0.025691
5 0.393320 0.375945 0.016504 0.025691
5 0.402089 0.399044 0.016504 0.025691
5 0.325140 0.377675 0.016504 0.025691
5 0.342633 0.377402 0.016504 0.025691
5 0.359614 0.376713 0.016504 0.025691
5 0.316169 0.353645 0.016504 0.025691
5 0.308351 0.377290 0.016504 0.025691
5 0.317121 0.400390 0.016504 0.025691
5 0.299508 0.354414 0.016504 0.025691
5 0.282463 0.355183 0.016504 0.025691
5 0.291050 0.377098 0.016504 0.025691
5 0.299819 0.400198 0.016504 0.025691
5 0.351669 0.400359 0.016504 0.025691
5 0.326348 0.424612 0.016504 0.025691
5 0.309047 0.424420 0.016504 0.025691
5 0.290922 0.329615 0.016504 0.025691
5 0.205147 0.377980 0.016504 0.025691
5 0.222192 0.377211 0.016504 0.025691
5 0.238852 0.376442 0.016504 0.025691
5 0.231343 0.400981 0.016504 0.025691
5 0.248645 0.400811 0.016504 0.025691
5 0.265675 0.401195 0.016504 0.025691
5 0.283168 0.400923 0.016504 0.025691
5 0.257593 0.425078 0.016504 0.025691
5 0.240563 0.424693 0.016504 0.025691
5 0.267846 0.449141 0.016504 0.025691
5 0.250454 0.449119 0.016504 0.025691
5 0.161425 0.401425 0.016504 0.025691
5 0.179315 0.402081 0.016504 0.025691
5 0.196715 0.401154 0.016504 0.025691
5 0.195051 0.353291 0.016504 0.025691
5 0.206114 0.424599 0.016504 0.025691
5 0.188714 0.425526 0.016504 0.025691
5 0.170824 0.424869 0.016504 0.025691
5 0.215619 0.448043 0.016504 0.025691
5 0.198219 0.448971 0.016504 0.025691
5 0.180329 0.448314 0.016504 0.025691
5 0.225440 0.472280 0.016504 0.025691
5 0.208040 0.472098 0.016504 0.025691
5 0.217625 0.494774 0.016504 0.025691
5 0.199909 0.494909 0.016504 0.025691
5 0.191882 0.518037 0.016504 0.025691
5 0.156821 0.517087 0.016504 0.025691
5 0.154983 0.471442 0.016504 0.025691
5 0.172873 0.472098 0.016504 0.025691
5 0.147950 0.539739 0.016504 0.025691
5 0.166114 0.539581 0.016504 0.025691
5 0.208194 0.517627 0.016504 0.025691
5 0.243256 0.518577 0.016504 0.025691
5 0.929460 0.349925 0.016504 0.025691
5 0.912203 0.350279 0.016504 0.025691
5 0.895216 0.349723 0.016504 0.025691
5 0.903388 0.372219 0.016504 0.025691
5 0.920375 0.372775 0.016504 0.025691
5 0.937632 0.372421 0.016504 0.025691
5 0.945715 0.395590 0.016504 0.025691
5 0.928637 0.395810 0.016504 0.025691
5 0.894731 0.395738 0.016504 0.025691
5 0.954905 0.326647 0.016504 0.025691
5 0.937648 0.327001 0.016504 0.025691
5 0.903981 0.326780 0.016504 0.025691
5 0.913768 0.302873 0.016504 0.025691
5 0.963246 0.348699 0.016504 0.025691
5 0.962517 0.301467 0.016504 0.025691
5 0.994309 0.301352 0.011382 0.025691
5 0.988369 0.324589 0.016504 0.025691
5 0.979597 0.348064 0.016504 0.025691
5 0.994125 0.348048 0.011750 0.025691
5 0.987730 0.371524 0.016504 0.025691
5 0.993909 0.395139 0.012181 0.025691
5 0.998295 0.371664 0.003409 0.025691
5 0.954280 0.372784 0.016504 0.025691
