6 0.572838 0.659091 0.854324 0.681818
5 0.430660 0.503411 0.015469 0.021778
5 0.419943 0.474770 0.014661 0.019792
5 0.401727 0.478719 0.014217 0.018475
5 0.405019 0.528651 0.013780 0.020471
5 0.333335 0.556080 0.015679 0.023099
5 0.368010 0.531716 0.013054 0.020457
5 0.386665 0.532045 0.017009 0.022431
5 0.357623 0.506915 0.014222 0.020885
5 0.342771 0.504612 0.010854 0.018909
5 0.322143 0.533691 0.010848 0.019141
5 0.261428 0.495282 0.013329 0.020438
5 0.271381 0.516688 0.012459 0.017169
5 0.279062 0.537647 0.012901 0.016518
5 0.286670 0.557839 0.012317 0.018722
5 0.274307 0.600911 0.012167 0.017311
5 0.258944 0.602723 0.013041 0.017640
5 0.243583 0.604148 0.012161 0.017860
5 0.256457 0.560362 0.012456 0.017185
5 0.216807 0.498362 0.012153 0.016941
5 0.237437 0.623234 0.012159 0.017190
5 0.253239 0.622794 0.012162 0.016312
5 0.286089 0.655817 0.012031 0.015211
5 0.287588 0.693293 0.011959 0.014455
5 0.230346 0.642649 0.012019 0.016522
5 0.221348 0.623719 0.012454 0.016186
5 0.213666 0.643527 0.012891 0.016963
5 0.222737 0.661084 0.012601 0.016529
5 0.239416 0.659659 0.010849 0.017625
5 0.248048 0.677491 0.012022 0.016645
5 0.215276 0.680343 0.012599 0.016207
5 0.232614 0.678314 0.012165 0.016754
5 0.224639 0.698615 0.012017 0.017860
5 0.189744 0.661304 0.012446 0.016967
5 0.190952 0.623116 0.012667 0.015637
5 0.197426 0.642211 0.012009 0.017839
5 0.263991 0.538849 0.012601 0.017609
5 0.352789 0.433949 0.012895 0.014515
5 0.472579 0.418696 0.012412 0.016922
5 0.448906 0.448987 0.012901 0.017597
5 0.501649 0.415187 0.011305 0.017145
5 0.467992 0.546536 0.012454 0.019157
5 0.540926 0.487609 0.013496 0.019794
5 0.535221 0.513672 0.014372 0.019912
5 0.547217 0.535125 0.012912 0.018714
5 0.528052 0.539406 0.016711 0.021129
5 0.514811 0.513011 0.014806 0.019912
5 0.558922 0.487498 0.012622 0.020890
5 0.548529 0.411345 0.012315 0.015606
5 0.552991 0.510658 0.012170 0.015864
5 0.532289 0.579574 0.012019 0.015890
5 0.629283 0.522180 0.011296 0.017621
5 0.629795 0.588902 0.010857 0.016330
5 0.642524 0.587694 0.010860 0.015232
5 0.622918 0.610080 0.011147 0.015241
5 0.577124 0.614361 0.010844 0.015900
5 0.693215 0.425402 0.015982 0.018705
5 0.764459 0.530956 0.014520 0.020256
5 0.745219 0.531068 0.015248 0.019157
5 0.755095 0.553783 0.014811 0.019825
5 0.774847 0.553783 0.014817 0.018509
5 0.772031 0.507254 0.013133 0.020246
5 0.760508 0.483660 0.012472 0.019138
5 0.796574 0.476143 0.012626 0.019247
5 0.843093 0.499458 0.013065 0.019136
5 0.837535 0.522723 0.013357 0.018267
5 0.831023 0.547358 0.012623 0.018168
5 0.812735 0.549060 0.012912 0.019593
5 0.800884 0.526070 0.013786 0.020353
5 0.819062 0.522064 0.012839 0.016951
5 0.807028 0.499678 0.011154 0.019576
5 0.877904 0.542808 0.011151 0.015646
5 0.885000 0.523054 0.011297 0.014323
5 0.929989 0.554001 0.010870 0.014335
5 0.967628 0.514602 0.007587 0.007848
5 0.997497 0.373061 0.005006 0.017157
5 0.961867 0.361428 0.011867 0.014957
5 0.979498 0.397422 0.012017 0.015850
5 0.962494 0.399399 0.012243 0.017166
5 0.946547 0.400715 0.011946 0.014534
5 0.931514 0.401264 0.011285 0.015632
5 0.979263 0.463059 0.013217 0.018272
5 0.960305 0.466207 0.013961 0.020521
5 0.940148 0.468118 0.014107 0.018949
5 0.920666 0.469129 0.012902 0.018274
5 0.967574 0.440689 0.014113 0.018040
5 0.947978 0.442488 0.013134 0.018939
