6 0.588699 0.700876 0.822601 0.598248
5 0.292929 0.453598 0.014205 0.019886
5 0.301610 0.474432 0.014520 0.023674
5 0.331992 0.475734 0.015625 0.022491
5 0.317314 0.473366 0.014678 0.020597
5 0.316288 0.433949 0.015467 0.018466
5 0.323782 0.454423 0.015467 0.021780
5 0.270368 0.473840 0.015941 0.020597
5 0.286301 0.472893 0.014205 0.020123
5 0.278330 0.452060 0.013100 0.020123
5 0.279040 0.492779 0.014205 0.020123
5 0.263179 0.493016 0.015625 0.020123
5 0.255305 0.512677 0.014205 0.018939
5 0.247795 0.532311 0.014365 0.019886
5 0.231771 0.568655 0.014994 0.020360
5 0.223643 0.548414 0.013573 0.019650
5 0.247008 0.491359 0.014534 0.020597
5 0.347775 0.476089 0.014362 0.019886
5 0.339725 0.454664 0.013415 0.018229
5 0.346433 0.433594 0.013573 0.020597
5 0.354640 0.455611 0.014205 0.023438
5 0.362295 0.476326 0.013100 0.018466
5 0.340199 0.496303 0.013415 0.019886
5 0.310298 0.495021 0.014994 0.019886
5 0.316840 0.515033 0.013731 0.017756
5 0.324416 0.535630 0.013100 0.020123
5 0.247790 0.570672 0.014836 0.020833
5 0.422033 0.517992 0.014205 0.019886
5 0.407276 0.517282 0.015309 0.022254
5 0.392045 0.515743 0.012942 0.020597
5 0.369949 0.495620 0.014520 0.020597
5 0.361585 0.435606 0.014520 0.018466
5 0.376578 0.433120 0.013573 0.020123
5 0.384864 0.454901 0.014362 0.020123
5 0.399463 0.453835 0.012942 0.019413
5 0.391493 0.433712 0.013731 0.019413
5 0.413116 0.454190 0.012784 0.020597
5 0.421717 0.433357 0.013573 0.019650
5 0.428504 0.453480 0.013258 0.019650
5 0.436632 0.434777 0.014678 0.022491
5 0.429293 0.415128 0.014205 0.018229
5 0.444997 0.415720 0.014362 0.018466
5 0.460385 0.416430 0.015152 0.019413
5 0.451547 0.434896 0.016098 0.019886
5 0.444208 0.455019 0.015625 0.019413
5 0.459044 0.455966 0.014994 0.020833
5 0.489347 0.457386 0.013100 0.016572
5 0.481376 0.476207 0.012626 0.017282
5 0.466777 0.475971 0.015309 0.022964
5 0.452099 0.476207 0.013731 0.019650
5 0.414783 0.496915 0.014520 0.018939
5 0.392361 0.475024 0.013889 0.019176
5 0.376973 0.475142 0.013731 0.020833
5 0.407039 0.475379 0.013258 0.021780
5 0.430161 0.496212 0.014362 0.021780
5 0.444602 0.496567 0.014205 0.021070
5 0.451852 0.517274 0.013889 0.021307
5 0.458891 0.497147 0.012784 0.020597
5 0.497001 0.477154 0.013889 0.020123
5 0.512153 0.477391 0.013889 0.019176
5 0.504490 0.458566 0.014520 0.016335
5 0.519141 0.459089 0.013415 0.016674
5 0.533933 0.457150 0.013889 0.017992
5 0.539925 0.437000 0.013247 0.021504
5 0.548769 0.455729 0.011679 0.018466
5 0.527021 0.477181 0.014047 0.019650
5 0.541667 0.475852 0.013258 0.018939
5 0.555950 0.476918 0.013100 0.019176
5 0.562816 0.456913 0.013258 0.019413
5 0.555398 0.436435 0.013573 0.018703
5 0.570847 0.436531 0.014205 0.020597
5 0.577576 0.456439 0.013738 0.021780
5 0.585400 0.478343 0.013100 0.020360
5 0.474037 0.496190 0.015309 0.020123
5 0.622080 0.457978 0.013100 0.016335
5 0.599995 0.478456 0.014994 0.020833
5 0.592251 0.457386 0.014362 0.020833
5 0.614741 0.478338 0.013258 0.019176
5 0.629182 0.478456 0.014678 0.021307
5 0.636995 0.458570 0.014520 0.018939
5 0.629182 0.440933 0.013100 0.016335
5 0.658228 0.439292 0.014362 0.020597
5 0.651515 0.459872 0.015152 0.019650
5 0.658770 0.478237 0.014205 0.020833
5 0.666982 0.457978 0.013889 0.019650
5 0.672823 0.436918 0.014308 0.019615
5 0.679451 0.417850 0.013889 0.017519
5 0.687872 0.437280 0.014047 0.018939
5 0.681266 0.457386 0.012468 0.018466
5 0.688052 0.477391 0.013415 0.020123
5 0.673611 0.477746 0.012626 0.018466
5 0.695549 0.457623 0.012626 0.018939
5 0.709517 0.456676 0.014362 0.021307
5 0.702652 0.436553 0.013258 0.017992
5 0.702888 0.477983 0.012784 0.019413
5 0.695470 0.497988 0.014047 0.021070
5 0.680634 0.498343 0.012468 0.019413
5 0.667140 0.497751 0.013573 0.020597
5 0.652513 0.499070 0.014678 0.021780
5 0.593023 0.499679 0.014047 0.020123
5 0.745975 0.479522 0.014994 0.020597
5 0.760890 0.478930 0.013258 0.019413
5 0.731929 0.478693 0.013415 0.020360
5 0.717251 0.478659 0.014047 0.023674
5 0.725074 0.457496 0.013573 0.021070
5 0.738873 0.458097 0.013415 0.017519
5 0.717645 0.437255 0.014520 0.020833
5 0.732616 0.438599 0.012942 0.018229
5 0.747080 0.439039 0.013731 0.019650
5 0.754340 0.458807 0.012784 0.019413
5 0.710098 0.499070 0.014520 0.021307
5 0.767992 0.459872 0.013573 0.018229
5 0.774858 0.440933 0.014047 0.018229
5 0.783144 0.459754 0.013258 0.019413
5 0.775878 0.480021 0.014205 0.021544
5 0.790088 0.479877 0.013889 0.018939
5 0.658684 0.518031 0.014295 0.021206
5 0.797348 0.499763 0.013889 0.020360
5 0.760761 0.519875 0.013889 0.019176
5 0.775640 0.520166 0.014205 0.020833
5 0.819287 0.437737 0.012626 0.019413
5 0.812500 0.418797 0.014836 0.018939
5 0.827257 0.418324 0.013731 0.016098
5 0.804795 0.438436 0.014520 0.018703
5 0.797148 0.458140 0.012626 0.017045
5 0.789773 0.439039 0.014205 0.019650
5 0.812292 0.459162 0.013100 0.020123
5 0.804924 0.478693 0.014520 0.019886
5 0.812307 0.499580 0.013100 0.020123
5 0.819681 0.479640 0.013100 0.017992
5 0.827257 0.459280 0.012784 0.019413
5 0.834639 0.438522 0.014836 0.019650
5 0.849188 0.438404 0.013889 0.021780
5 0.842172 0.460109 0.012626 0.020123
5 0.834560 0.479597 0.014047 0.020360
5 0.849174 0.480705 0.013573 0.020123
5 0.864110 0.480824 0.013889 0.021780
5 0.856376 0.460227 0.013889 0.019886
5 0.864031 0.438167 0.014362 0.024148
5 0.871040 0.461088 0.012626 0.019413
5 0.885890 0.461056 0.014205 0.020123
5 0.879104 0.481061 0.013258 0.018466
5 0.879104 0.438447 0.013889 0.020833
5 0.886053 0.419453 0.013583 0.018830
5 0.900963 0.419626 0.013100 0.017756
5 0.893390 0.439199 0.013624 0.021438
5 0.900963 0.459991 0.013100 0.020833
5 0.893229 0.480705 0.014047 0.020597
5 0.878867 0.521425 0.014362 0.019650
5 0.885732 0.501302 0.012311 0.019650
5 0.871485 0.500312 0.013258 0.020597
5 0.900368 0.500979 0.014205 0.020123
5 0.915641 0.459635 0.013731 0.019176
5 0.908065 0.480661 0.014047 0.021492
5 0.922342 0.480018 0.013100 0.018657
5 0.914782 0.501151 0.012914 0.018587
5 0.929520 0.501347 0.012914 0.018587
5 0.943737 0.500563 0.012914 0.018587
5 0.951941 0.479403 0.013100 0.018939
5 0.994239 0.481416 0.011521 0.018229
5 0.997821 0.501734 0.004358 0.018703
5 0.987504 0.501734 0.012942 0.021070
5 0.958215 0.501541 0.012914 0.018587
5 0.972693 0.501932 0.012914 0.018587
5 0.819602 0.520123 0.012942 0.021307
5 0.826626 0.500000 0.014047 0.018466
5 0.842014 0.499882 0.013573 0.019650
5 0.856692 0.500320 0.012626 0.020123
5 0.863649 0.521171 0.015083 0.021544
5 0.849195 0.519650 0.014362 0.019413
5 0.834508 0.519295 0.013433 0.020597
5 0.790150 0.519799 0.014047 0.020833
5 0.621449 0.500118 0.013415 0.019176
5 0.637153 0.498816 0.014205 0.021307
5 0.607393 0.498663 0.013889 0.020123
5 0.724242 0.498461 0.014047 0.022017
5 0.738873 0.499763 0.012784 0.018939
5 0.753551 0.500118 0.013100 0.021070
5 0.768703 0.500118 0.013415 0.019650
5 0.783653 0.499645 0.013889 0.019650
5 0.294642 0.533499 0.014520 0.020597
5 0.309607 0.534328 0.013889 0.020360
5 0.301744 0.515033 0.014836 0.022964
5 0.286919 0.552712 0.013599 0.019577
