6 0.576156 0.676612 0.847687 0.646777
5 0.847960 0.480379 0.013851 0.020899
5 0.856191 0.457506 0.013851 0.020899
5 0.863382 0.479859 0.013851 0.020899
5 0.825606 0.455296 0.013851 0.020899
5 0.840422 0.457506 0.013851 0.020899
5 0.818155 0.435022 0.013851 0.020899
5 0.810184 0.458545 0.013851 0.020899
5 0.818069 0.478689 0.013851 0.020899
5 0.757650 0.480137 0.013851 0.020899
5 0.772949 0.479472 0.013851 0.020899
5 0.787888 0.479467 0.013851 0.020899
5 0.803041 0.480020 0.013851 0.020899
5 0.765278 0.458176 0.013851 0.020899
5 0.780454 0.458249 0.013851 0.020899
5 0.743132 0.436953 0.013851 0.020899
5 0.757570 0.435550 0.013851 0.020899
5 0.787416 0.435914 0.013851 0.020899
5 0.772386 0.435175 0.013851 0.020899
5 0.721232 0.500622 0.013851 0.020899
5 0.728614 0.480506 0.013851 0.020899
5 0.735969 0.459536 0.013851 0.020899
5 0.743255 0.480322 0.013851 0.020899
5 0.750883 0.500622 0.013851 0.020899
5 0.765278 0.500437 0.013851 0.020899
5 0.764829 0.413958 0.013851 0.020899
5 0.779276 0.412107 0.013851 0.020899
5 0.810300 0.411738 0.013851 0.020899
5 0.817436 0.389223 0.013851 0.020899
5 0.801688 0.389408 0.013851 0.020899
5 0.825679 0.410261 0.013851 0.020899
5 0.773195 0.520072 0.013851 0.020899
5 0.803288 0.520621 0.013851 0.020899
5 0.818315 0.519290 0.013851 0.020899
5 0.788134 0.520067 0.013851 0.020899
5 0.887195 0.411978 0.013851 0.020899
5 0.879242 0.432661 0.013851 0.020899
5 0.917381 0.413909 0.013851 0.020899
5 0.871660 0.456910 0.013851 0.020899
5 0.832959 0.387491 0.013851 0.020899
5 0.955145 0.477813 0.013851 0.020899
5 0.940053 0.477467 0.013851 0.020899
5 0.924410 0.478032 0.013851 0.020899
5 0.909343 0.478835 0.013851 0.020899
5 0.894047 0.478506 0.013851 0.020899
5 0.962678 0.455027 0.013851 0.020899
5 0.947460 0.456187 0.013851 0.020899
5 0.932570 0.456376 0.013851 0.020899
5 0.916876 0.456049 0.013851 0.020899
5 0.932548 0.412092 0.013851 0.020899
5 0.923885 0.391942 0.013851 0.020899
5 0.975860 0.410020 0.013851 0.020899
5 0.990548 0.411903 0.013851 0.020899
5 0.983643 0.477248 0.013851 0.020899
5 0.969332 0.477060 0.013851 0.020899
5 0.995640 0.433559 0.008719 0.020899
4 0.724549 0.446221 0.068029 0.092816
4 0.750362 0.458072 0.014474 0.026054
4 0.798851 0.445407 0.022676 0.053555
4 0.492631 0.400318 0.113588 0.054865
4 0.625590 0.436232 0.012409 0.027682
4 0.685143 0.385799 0.015485 0.031818
4 0.894940 0.454482 0.032053 0.029948
4 0.864721 0.432789 0.014785 0.026711
4 0.985187 0.442963 0.029626 0.049516
4 0.334262 0.441392 0.032042 0.051308
4 0.375565 0.422025 0.018928 0.047861
4 0.248285 0.428037 0.016042 0.025330
5 0.856004 0.500604 0.013851 0.020899
5 0.870577 0.500932 0.013851 0.020899
5 0.886367 0.500129 0.013851 0.020899
5 0.902011 0.499564 0.013851 0.020899
5 0.932013 0.498976 0.013851 0.020899
5 0.947326 0.498601 0.013851 0.020899
5 0.917103 0.499910 0.013851 0.020899
5 0.991285 0.498046 0.013851 0.020899
5 0.976773 0.498744 0.013851 0.020899
5 0.962058 0.498961 0.013851 0.020899
5 0.833526 0.519956 0.013851 0.020899
5 0.848498 0.520085 0.013851 0.020899
5 0.863889 0.519681 0.013851 0.020899
5 0.878868 0.520313 0.013851 0.020899
5 0.894092 0.519861 0.013851 0.020899
5 0.909136 0.519725 0.013851 0.020899
5 0.825529 0.500948 0.013851 0.020899
5 0.604004 0.458816 0.013851 0.020899
5 0.618645 0.458444 0.013851 0.020899
5 0.633164 0.458260 0.013851 0.020899
5 0.647186 0.458242 0.013851 0.020899
5 0.662124 0.458237 0.013851 0.020899
5 0.677471 0.459123 0.013851 0.020899
5 0.691873 0.458917 0.013851 0.020899
5 0.639955 0.437035 0.013851 0.020899
5 0.654786 0.436544 0.013851 0.020899
5 0.669508 0.437098 0.013851 0.020899
5 0.648202 0.415661 0.013851 0.020899
5 0.662556 0.414366 0.013851 0.020899
5 0.706157 0.415500 0.013851 0.020899
5 0.692235 0.413233 0.013851 0.020899
5 0.611227 0.478907 0.013851 0.020899
5 0.625764 0.479616 0.013851 0.020899
5 0.640284 0.479431 0.013851 0.020899
5 0.654717 0.479877 0.013851 0.020899
5 0.669244 0.479408 0.013851 0.020899
5 0.684590 0.480295 0.013851 0.020899
5 0.698993 0.480088 0.013851 0.020899
5 0.528385 0.460797 0.013851 0.020899
5 0.543025 0.460425 0.013851 0.020899
5 0.558039 0.460092 0.013851 0.020899
5 0.573641 0.458592 0.013851 0.020899
5 0.589074 0.458142 0.013851 0.020899
5 0.596194 0.479313 0.013851 0.020899
5 0.580975 0.479634 0.013851 0.020899
5 0.566147 0.480226 0.013851 0.020899
5 0.550639 0.481448 0.013851 0.020899
5 0.535607 0.480887 0.013851 0.020899
5 0.535416 0.439228 0.013851 0.020899
5 0.520776 0.439600 0.013851 0.020899
5 0.550726 0.438599 0.013851 0.020899
5 0.527938 0.500540 0.013851 0.020899
5 0.542970 0.501101 0.013851 0.020899
5 0.558477 0.499879 0.013851 0.020899
5 0.573306 0.499287 0.013851 0.020899
5 0.588524 0.498967 0.013851 0.020899
5 0.603557 0.498560 0.013851 0.020899
5 0.454475 0.500362 0.013851 0.020899
5 0.463809 0.480887 0.013851 0.020899
5 0.469745 0.500923 0.013851 0.020899
5 0.395159 0.503215 0.013851 0.020899
5 0.409596 0.503241 0.013851 0.020899
5 0.425104 0.502019 0.013851 0.020899
5 0.439932 0.501426 0.013851 0.020899
5 0.404074 0.480927 0.013851 0.020899
5 0.432118 0.478839 0.013851 0.020899
5 0.417561 0.483271 0.013851 0.020899
5 0.389215 0.481640 0.013851 0.020899
5 0.380300 0.503928 0.013851 0.020899
5 0.448175 0.479857 0.013851 0.020899
5 0.491855 0.521963 0.013851 0.020899
5 0.507006 0.520741 0.013851 0.020899
5 0.499287 0.502132 0.013851 0.020899
5 0.484136 0.504067 0.013851 0.020899
5 0.476823 0.521402 0.013851 0.020899
5 0.513725 0.502158 0.013851 0.020899
5 0.505295 0.482135 0.013851 0.020899
5 0.344074 0.522998 0.013851 0.020899
5 0.358523 0.523310 0.013851 0.020899
5 0.372960 0.523336 0.013851 0.020899
5 0.382512 0.459428 0.013851 0.020899
5 0.399930 0.458918 0.013851 0.020899
5 0.365751 0.458619 0.013851 0.020899
5 0.389868 0.436597 0.013851 0.020899
5 0.408767 0.412245 0.013851 0.020899
5 0.422592 0.415479 0.013851 0.020899
5 0.437305 0.414718 0.013851 0.020899
5 0.394054 0.412815 0.013851 0.020899
5 0.347993 0.454053 0.013851 0.020899
5 0.305758 0.499974 0.013851 0.020899
5 0.320324 0.501340 0.013851 0.020899
5 0.336285 0.502948 0.013851 0.020899
5 0.268092 0.517782 0.013851 0.020899
5 0.251502 0.516641 0.013851 0.020899
5 0.283766 0.519292 0.013851 0.020899
5 0.298903 0.519924 0.013851 0.020899
5 0.313731 0.520631 0.013851 0.020899
5 0.328274 0.521421 0.013851 0.020899
5 0.292102 0.538657 0.013851 0.020899
5 0.244454 0.535373 0.013851 0.020899
5 0.261044 0.536515 0.013851 0.020899
5 0.306930 0.539734 0.013851 0.020899
5 0.277089 0.538025 0.013851 0.020899
5 0.269793 0.556758 0.013851 0.020899
5 0.232005 0.611745 0.013851 0.020899
5 0.239300 0.593012 0.013851 0.020899
5 0.245977 0.574279 0.013851 0.020899
5 0.240165 0.631330 0.013851 0.020899
5 0.247461 0.612409 0.013851 0.020899
5 0.255016 0.593676 0.013851 0.020899
5 0.223594 0.630388 0.013851 0.020899
5 0.215057 0.610804 0.013851 0.020899
5 0.222854 0.592259 0.013851 0.020899
5 0.230536 0.574091 0.013851 0.020899
5 0.191078 0.629070 0.013851 0.020899
5 0.206771 0.629635 0.013851 0.020899
5 0.198750 0.610525 0.013851 0.020899
5 0.198109 0.572199 0.013851 0.020899
5 0.206645 0.591784 0.013851 0.020899
5 0.212709 0.533604 0.013851 0.020899
5 0.205027 0.551772 0.013851 0.020899
5 0.221473 0.552525 0.013851 0.020899
5 0.242714 0.495926 0.013851 0.020899
5 0.235666 0.514659 0.013851 0.020899
5 0.311764 0.479322 0.013851 0.020899
5 0.343023 0.480539 0.013851 0.020899
5 0.373287 0.482336 0.013851 0.020899
5 0.219163 0.512584 0.013851 0.020899
5 0.216629 0.687140 0.013851 0.020899
5 0.232312 0.687821 0.013851 0.020899
5 0.224756 0.706554 0.013851 0.020899
5 0.200819 0.686961 0.013851 0.020899
5 0.895558 0.391955 0.013851 0.020899
5 0.302705 0.454175 0.013851 0.020899
5 0.364128 0.410353 0.013851 0.020899
5 0.385354 0.391898 0.013851 0.020899
