6 0.569839 0.658617 0.860322 0.682765
5 0.404297 0.459229 0.011719 0.021973
5 0.418945 0.459229 0.011719 0.021973
5 0.434373 0.457357 0.011719 0.021973
5 0.427734 0.479004 0.011719 0.017578
5 0.960938 0.413086 0.011719 0.017578
5 0.733887 0.465820 0.014649 0.017578
5 0.695801 0.446045 0.014648 0.021973
5 0.687012 0.426270 0.014649 0.017578
5 0.694336 0.406494 0.017578 0.021973
5 0.678223 0.406494 0.014648 0.021973
5 0.670899 0.426270 0.011719 0.017578
5 0.657715 0.468018 0.014649 0.021973
5 0.672363 0.468018 0.014648 0.021973
5 0.687012 0.468018 0.014649 0.021973
5 0.703125 0.465820 0.011719 0.017578
5 0.695801 0.487793 0.014648 0.017578
5 0.728027 0.485596 0.014649 0.021973
5 0.756833 0.484712 0.014649 0.021973
5 0.703125 0.424072 0.011719 0.021973
5 0.610840 0.468018 0.014649 0.021973
5 0.625488 0.470215 0.014648 0.017578
5 0.619629 0.489990 0.014648 0.021973
5 0.561035 0.536133 0.014648 0.017578
5 0.433054 0.414763 0.014649 0.021973
5 0.424805 0.395508 0.011719 0.017578
5 0.439453 0.395508 0.011719 0.017578
5 0.402832 0.417481 0.014648 0.017578
5 0.358887 0.417481 0.014649 0.017578
5 0.373535 0.419678 0.014648 0.021973
5 0.358887 0.459229 0.014649 0.021973
5 0.336914 0.481201 0.011719 0.021973
5 0.328125 0.461426 0.011719 0.017578
5 0.279785 0.424072 0.014648 0.021973
5 0.224121 0.446045 0.014649 0.021973
5 0.227051 0.487793 0.014648 0.017578
5 0.265137 0.465820 0.014649 0.017578
5 0.259277 0.485596 0.014649 0.021973
5 0.282715 0.465820 0.014649 0.017578
5 0.291504 0.485596 0.014648 0.021973
5 0.297363 0.463623 0.014648 0.021973
5 0.351562 0.481201 0.011719 0.021973
5 0.367676 0.481201 0.014648 0.021973
5 0.375000 0.459229 0.011719 0.021973
5 0.540527 0.410889 0.014649 0.021973
5 0.547852 0.391113 0.011719 0.017578
5 0.555774 0.410889 0.014649 0.021973
5 0.610840 0.428467 0.014649 0.021973
5 0.719238 0.424072 0.014648 0.021973
5 0.900879 0.457031 0.014648 0.017578
5 0.867919 0.376905 0.013979 0.021834
5 0.882989 0.376040 0.013979 0.021834
5 0.852914 0.377386 0.013979 0.021834
5 0.845412 0.398451 0.013979 0.021834
5 0.814760 0.399220 0.013979 0.021834
5 0.829637 0.398451 0.013979 0.021834
5 0.860737 0.397489 0.013979 0.021834
5 0.876127 0.397201 0.013979 0.021834
5 0.891325 0.396046 0.013979 0.021834
5 0.906394 0.395181 0.013979 0.021834
5 0.822908 0.419541 0.013979 0.021834
5 0.838124 0.419099 0.013979 0.021834
5 0.853929 0.418068 0.013979 0.021834
5 0.869341 0.417921 0.013979 0.021834
5 0.884458 0.415859 0.013979 0.021834
5 0.899772 0.416743 0.013979 0.021834
5 0.914497 0.416449 0.013979 0.021834
5 0.921564 0.393920 0.013979 0.021834
5 0.912926 0.374483 0.013979 0.021834
5 0.928240 0.373746 0.013979 0.021834
5 0.936584 0.393330 0.013979 0.021834
5 0.929712 0.415123 0.013979 0.021834
5 0.923135 0.436180 0.013979 0.021834
5 0.907821 0.437063 0.013979 0.021834
5 0.892802 0.437358 0.013979 0.021834
5 0.877096 0.437505 0.013979 0.021834
5 0.846959 0.438683 0.013979 0.021834
5 0.816037 0.440303 0.013979 0.021834
5 0.785311 0.441628 0.013979 0.021834
5 0.770684 0.442806 0.013979 0.021834
5 0.755959 0.443395 0.013979 0.021834
5 0.755959 0.443395 0.013979 0.021834
5 0.748695 0.464010 0.013979 0.021834
5 0.763813 0.463126 0.013979 0.021834
5 0.771764 0.484035 0.013979 0.021834
5 0.809361 0.462095 0.013979 0.021834
5 0.854910 0.459739 0.013979 0.021834
5 0.777163 0.422338 0.013979 0.021834
5 0.762340 0.422044 0.013979 0.021834
5 0.783642 0.400693 0.013979 0.021834
5 0.799054 0.399957 0.013979 0.021834
5 0.848137 0.480796 0.013979 0.021834
5 0.841265 0.501263 0.013979 0.021834
5 0.870518 0.459150 0.013979 0.021834
5 0.931970 0.456500 0.013979 0.021834
5 0.983003 0.392596 0.013979 0.021834
5 0.968411 0.393184 0.013979 0.021834
5 0.974973 0.372324 0.013979 0.021834
5 0.990152 0.371149 0.013979 0.021834
5 0.991599 0.412569 0.013979 0.021834
5 0.976736 0.413239 0.013979 0.021834
5 0.588000 0.449951 0.013979 0.021834
5 0.603445 0.449412 0.013979 0.021834
5 0.595183 0.429657 0.013979 0.021834
5 0.579858 0.430376 0.013979 0.021834
5 0.563935 0.431273 0.013979 0.021834
5 0.571238 0.411339 0.013979 0.021834
5 0.602726 0.410980 0.013979 0.021834
5 0.524904 0.412776 0.013979 0.021834
5 0.517361 0.392482 0.013979 0.021834
5 0.501078 0.393380 0.013979 0.021834
5 0.509579 0.412776 0.013979 0.021834
5 0.517361 0.432351 0.013979 0.021834
5 0.532926 0.432890 0.013979 0.021834
5 0.541666 0.452286 0.013979 0.021834
5 0.493866 0.413596 0.013979 0.021834
5 0.502337 0.432861 0.013979 0.021834
5 0.485942 0.434295 0.013979 0.021834
5 0.495232 0.453970 0.013979 0.021834
5 0.510535 0.453355 0.013979 0.021834
5 0.417862 0.416611 0.013979 0.021834
5 0.440632 0.435162 0.013979 0.021834
5 0.455080 0.395632 0.013979 0.021834
5 0.470569 0.434469 0.013979 0.021834
5 0.381337 0.437243 0.013979 0.021834
5 0.389428 0.458741 0.013979 0.021834
5 0.397519 0.479893 0.013979 0.021834
5 0.411043 0.437763 0.013979 0.021834
5 0.297166 0.422344 0.013979 0.021834
5 0.263903 0.424077 0.013979 0.021834
