5 0.001594 0.382576 0.003188 0.021307
5 0.015499 0.419271 0.014205 0.020360
5 0.007213 0.400805 0.014362 0.019886
5 0.030019 0.418324 0.013573 0.020833
5 0.001436 0.446378 0.002872 0.023438
5 0.045170 0.417614 0.014520 0.025568
5 0.061190 0.418916 0.015941 0.022491
5 0.054167 0.441406 0.013573 0.022017
5 0.068134 0.398082 0.013731 0.022017
5 0.080919 0.390388 0.014047 0.020360
5 0.076657 0.418916 0.015309 0.024858
5 0.100174 0.432765 0.015625 0.025568
5 0.085180 0.438210 0.014678 0.021780
5 0.106723 0.408026 0.015467 0.023438
5 0.144918 0.427912 0.011679 0.021070
5 0.137658 0.405540 0.014205 0.020833
5 0.160227 0.428622 0.014205 0.022017
5 0.200000 0.402344 0.017992 0.023438
5 0.207181 0.422822 0.014362 0.022727
5 0.222017 0.422467 0.015625 0.023438
5 0.228251 0.399858 0.014520 0.024621
5 0.220360 0.382102 0.014836 0.019886
5 0.251689 0.415956 0.014047 0.023201
5 0.258475 0.394768 0.015309 0.022964
5 0.266840 0.415838 0.014362 0.021070
5 0.274258 0.393703 0.014994 0.021780
5 0.288857 0.392164 0.014520 0.022017
5 0.366430 0.384588 0.013731 0.021544
5 0.368640 0.467803 0.015625 0.024621
5 0.353883 0.470170 0.014205 0.022727
5 0.383712 0.463660 0.014520 0.022017
5 0.375821 0.444839 0.017361 0.025095
5 0.345676 0.448272 0.015467 0.022017
5 0.398785 0.420573 0.017519 0.022964
5 0.406360 0.437737 0.014362 0.019886
5 0.390578 0.400687 0.015625 0.021544
5 0.414173 0.418205 0.014205 0.022964
5 0.414962 0.457741 0.015152 0.023438
5 0.429167 0.416430 0.013889 0.022254
5 0.436821 0.396070 0.014994 0.022254
5 0.407781 0.479640 0.015941 0.024148
5 0.445423 0.455611 0.015783 0.023911
5 0.430271 0.455729 0.013573 0.022254
5 0.436664 0.435724 0.014047 0.021544
5 0.444871 0.415838 0.015625 0.022491
5 0.462311 0.415246 0.014520 0.022727
5 0.469650 0.492306 0.022569 0.022017
5 0.442266 0.516690 0.015152 0.022017
5 0.417093 0.498580 0.014362 0.022727
5 0.471938 0.431818 0.018624 0.021307
5 0.462863 0.454309 0.016888 0.024148
5 0.443687 0.375710 0.015152 0.021780
5 0.435717 0.353338 0.014362 0.020597
5 0.420328 0.355114 0.014836 0.021780
5 0.405335 0.356179 0.014520 0.020597
5 0.389157 0.359848 0.014994 0.022727
5 0.373690 0.360914 0.015625 0.027225
5 0.358617 0.363755 0.014520 0.022491
5 0.342282 0.365885 0.014047 0.022491
5 0.311111 0.369081 0.015467 0.023674
5 0.295013 0.368016 0.014836 0.022491
5 0.279467 0.373935 0.014994 0.022964
5 0.290436 0.435724 0.013573 0.020597
5 0.305666 0.432528 0.014362 0.024148
5 0.312768 0.409446 0.015309 0.022017
5 0.320502 0.430753 0.016572 0.022017
5 0.328157 0.408262 0.015152 0.024384
5 0.319871 0.388613 0.015309 0.022491
5 0.336285 0.428267 0.014362 0.021307
5 0.352620 0.426136 0.014836 0.022727
5 0.470597 0.536932 0.020991 0.033617
5 0.451263 0.533499 0.016730 0.024858
5 0.483144 0.563447 0.019571 0.026989
5 0.499795 0.522964 0.016572 0.023201
5 0.480540 0.448627 0.016572 0.022727
5 0.479119 0.412524 0.015941 0.021544
5 0.470360 0.393703 0.016098 0.022254
5 0.510054 0.461529 0.016572 0.022964
5 0.515657 0.574337 0.018624 0.027462
5 0.496638 0.581913 0.019097 0.027936
5 0.397957 0.380133 0.011741 0.023195
5 0.453079 0.395098 0.013172 0.019896
6 0.278583 0.661813 0.557165 0.676373
