6 0.321602 0.603068 0.643205 0.793864
5 0.123499 0.277593 0.015136 0.022377
5 0.107055 0.276621 0.015136 0.022377
5 0.089638 0.276499 0.015136 0.022377
5 0.115155 0.254870 0.015136 0.022377
5 0.098711 0.253898 0.015136 0.022377
5 0.081295 0.253777 0.015136 0.022377
5 0.140672 0.324860 0.015136 0.022377
5 0.123661 0.324617 0.015136 0.022377
5 0.106326 0.324252 0.015136 0.022377
5 0.098144 0.299221 0.015136 0.022377
5 0.115074 0.300437 0.015136 0.022377
5 0.131519 0.301409 0.015136 0.022377
5 0.029676 0.298699 0.015136 0.022377
5 0.072951 0.323772 0.015136 0.022377
5 0.056401 0.322818 0.015136 0.022377
5 0.038065 0.275419 0.015136 0.022377
5 0.028936 0.251754 0.015136 0.022377
5 0.046431 0.253524 0.015136 0.022377
5 0.012558 0.251082 0.015136 0.022377
5 0.072475 0.275923 0.015136 0.022377
5 0.080809 0.300563 0.015136 0.022377
5 0.064364 0.299591 0.015136 0.022377
5 0.046885 0.299318 0.015136 0.022377
5 0.055089 0.276600 0.015136 0.022377
5 0.089981 0.323875 0.015554 0.027725
5 0.020409 0.275020 0.015554 0.027725
5 0.038568 0.323628 0.015136 0.022377
5 0.021250 0.323971 0.015136 0.022377
5 0.005833 0.275164 0.011667 0.027725
5 0.013157 0.298843 0.015136 0.022377
5 0.001871 0.298166 0.003743 0.022377
5 0.005848 0.323334 0.011697 0.022377
5 0.226420 0.276870 0.015136 0.022377
5 0.208661 0.279138 0.015136 0.022377
5 0.192184 0.278734 0.015136 0.022377
5 0.175020 0.278158 0.015136 0.022377
5 0.132467 0.254466 0.015136 0.022377
5 0.148679 0.302680 0.015136 0.022377
5 0.165971 0.302108 0.015136 0.022377
5 0.183636 0.302658 0.015136 0.022377
5 0.200502 0.302302 0.015136 0.022377
5 0.234868 0.302438 0.015136 0.022377
5 0.218089 0.302108 0.015136 0.022377
5 0.140423 0.278781 0.015136 0.022377
5 0.235341 0.255600 0.015136 0.022377
5 0.218052 0.255473 0.015136 0.022377
5 0.201293 0.255915 0.015136 0.022377
5 0.184130 0.255339 0.015136 0.022377
5 0.149572 0.255621 0.015136 0.022377
5 0.166735 0.256197 0.015136 0.022377
5 0.072209 0.231908 0.015136 0.022377
5 0.089626 0.231871 0.015136 0.022377
5 0.123698 0.232597 0.015136 0.022377
5 0.140803 0.233752 0.015136 0.022377
5 0.157966 0.234328 0.015136 0.022377
5 0.106704 0.232843 0.015136 0.022377
5 0.175292 0.233694 0.015136 0.022377
5 0.157342 0.325024 0.015136 0.022377
5 0.174528 0.324769 0.015136 0.022377
5 0.191559 0.326745 0.015136 0.022377
5 0.208636 0.326072 0.015136 0.022377
5 0.225907 0.325878 0.015136 0.022377
5 0.242682 0.326699 0.015136 0.022377
5 0.293725 0.281341 0.015136 0.022377
5 0.277295 0.280849 0.015136 0.022377
5 0.260409 0.279985 0.015136 0.022377
5 0.243245 0.279410 0.015136 0.022377
5 0.251861 0.303909 0.015136 0.022377
5 0.258966 0.328149 0.015136 0.022377
5 0.292803 0.328510 0.015136 0.022377
5 0.309782 0.328871 0.015136 0.022377
5 0.301661 0.305990 0.015136 0.022377
5 0.268318 0.304473 0.015136 0.022377
5 0.276350 0.327937 0.015136 0.022377
5 0.285394 0.304586 0.015136 0.022377
5 0.285750 0.257111 0.015136 0.022377
5 0.268707 0.256158 0.015136 0.022377
5 0.251821 0.255295 0.015136 0.022377
5 0.192667 0.233958 0.015136 0.022377
5 0.209426 0.233516 0.015136 0.022377
5 0.226715 0.233643 0.015136 0.022377
5 0.243195 0.233338 0.015136 0.022377
5 0.377627 0.283416 0.015136 0.022377
5 0.360472 0.283078 0.015136 0.022377
5 0.343897 0.282370 0.015136 0.022377
5 0.327147 0.281484 0.015136 0.022377
5 0.310736 0.282359 0.015136 0.022377
5 0.318356 0.304668 0.015136 0.022377
5 0.326584 0.328774 0.015136 0.022377
5 0.343075 0.328982 0.015136 0.022377
5 0.335349 0.305052 0.015136 0.022377
5 0.351702 0.305461 0.015136 0.022377
5 0.359838 0.329080 0.015136 0.022377
5 0.369089 0.305419 0.015136 0.022377
5 0.376808 0.329032 0.015136 0.022377
5 0.385356 0.305736 0.015136 0.022377
5 0.393581 0.329703 0.015136 0.022377
5 0.319075 0.259596 0.015136 0.022377
5 0.335824 0.260482 0.015136 0.022377
5 0.302560 0.259540 0.015136 0.022377
5 0.299986 0.350380 0.015136 0.022377
5 0.334035 0.350973 0.015136 0.022377
5 0.350526 0.351181 0.015136 0.022377
5 0.367289 0.351278 0.015136 0.022377
5 0.384260 0.351230 0.015136 0.022377
5 0.401653 0.351747 0.015136 0.022377
5 0.427552 0.284396 0.015136 0.022377
5 0.410790 0.283863 0.015136 0.022377
5 0.394214 0.283939 0.015136 0.022377
5 0.402412 0.306049 0.015136 0.022377
5 0.410809 0.328099 0.015136 0.022377
5 0.418261 0.350298 0.015136 0.022377
5 0.435231 0.350250 0.015136 0.022377
5 0.452624 0.350766 0.015136 0.022377
5 0.435805 0.306520 0.015136 0.022377
5 0.418492 0.306203 0.015136 0.022377
5 0.427649 0.328052 0.015136 0.022377
5 0.444029 0.327743 0.015136 0.022377
5 0.410279 0.374684 0.015136 0.022377
5 0.427801 0.372647 0.015136 0.022377
5 0.444772 0.372599 0.015136 0.022377
5 0.460466 0.372331 0.015136 0.022377
5 0.417859 0.396249 0.015136 0.022377
5 0.435643 0.395780 0.015136 0.022377
5 0.452221 0.395536 0.015136 0.022377
5 0.469222 0.393112 0.015136 0.022377
5 0.487150 0.263223 0.015136 0.022377
5 0.477968 0.284647 0.015136 0.022377
5 0.461261 0.283939 0.015136 0.022377
5 0.443628 0.284200 0.015136 0.022377
5 0.452403 0.305736 0.015136 0.022377
5 0.460628 0.327939 0.015136 0.022377
5 0.478118 0.327903 0.015136 0.022377
5 0.495872 0.327464 0.015136 0.022377
5 0.512644 0.327351 0.015136 0.022377
5 0.504289 0.305540 0.015136 0.022377
5 0.486584 0.306595 0.015136 0.022377
5 0.469459 0.306049 0.015136 0.022377
5 0.369131 0.261655 0.015136 0.022377
5 0.385719 0.262178 0.015136 0.022377
5 0.402295 0.262102 0.015136 0.022377
5 0.419057 0.262635 0.015136 0.022377
5 0.469515 0.349308 0.015136 0.022377
5 0.486482 0.349076 0.015136 0.022377
5 0.503583 0.349420 0.015136 0.022377
5 0.520486 0.349112 0.015136 0.022377
5 0.453289 0.262962 0.015136 0.022377
5 0.469995 0.263670 0.015136 0.022377
5 0.444663 0.241005 0.015136 0.022377
5 0.461369 0.241713 0.015136 0.022377
5 0.478524 0.241266 0.015136 0.022377
5 0.428075 0.241463 0.015136 0.022377
5 0.478093 0.370311 0.015136 0.022377
5 0.495060 0.370079 0.015136 0.022377
5 0.512161 0.370423 0.015136 0.022377
5 0.529064 0.370115 0.015136 0.022377
5 0.487301 0.391503 0.015136 0.022377
5 0.504268 0.391271 0.015136 0.022377
5 0.521369 0.391616 0.015136 0.022377
5 0.538272 0.391307 0.015136 0.022377
5 0.528611 0.412620 0.015136 0.022377
5 0.460673 0.417675 0.015136 0.022377
5 0.477674 0.415250 0.015136 0.022377
5 0.495753 0.413641 0.015136 0.022377
5 0.512720 0.413410 0.015136 0.022377
5 0.546724 0.413445 0.015136 0.022377
5 0.581774 0.413445 0.015136 0.022377
5 0.563661 0.412620 0.015136 0.022377
5 0.555077 0.391616 0.015136 0.022377
5 0.573322 0.391307 0.015136 0.022377
5 0.537925 0.349333 0.015136 0.022377
5 0.546509 0.370337 0.015136 0.022377
5 0.522336 0.262809 0.015136 0.022377
5 0.547910 0.284795 0.015136 0.022377
5 0.530854 0.284482 0.015136 0.022377
5 0.539713 0.262685 0.015136 0.022377
5 0.513361 0.285043 0.015136 0.022377
5 0.545904 0.327798 0.015136 0.022377
5 0.529132 0.327911 0.015136 0.022377
5 0.572825 0.347319 0.015136 0.022377
5 0.485430 0.436504 0.015136 0.022377
5 0.503508 0.434895 0.015136 0.022377
5 0.537411 0.434545 0.015136 0.022377
5 0.572759 0.434097 0.015136 0.022377
5 0.591021 0.432685 0.015136 0.022377
5 0.554480 0.434699 0.015136 0.022377
5 0.520476 0.434663 0.015136 0.022377
5 0.468429 0.438928 0.015136 0.022377
5 0.599373 0.453939 0.015136 0.022377
5 0.493782 0.457757 0.015136 0.022377
5 0.511861 0.456148 0.015136 0.022377
5 0.545763 0.455798 0.015136 0.022377
5 0.562832 0.455952 0.015136 0.022377
5 0.581111 0.455351 0.015136 0.022377
5 0.528828 0.455916 0.015136 0.022377
5 0.608322 0.433356 0.015136 0.022377
