5 0.458503 0.493632 0.015969 0.023867
5 0.441899 0.493120 0.015969 0.023867
5 0.425931 0.493230 0.015969 0.023867
5 0.532305 0.468132 0.015969 0.023867
5 0.548486 0.467809 0.015969 0.023867
5 0.564521 0.468534 0.015969 0.023867
5 0.541336 0.447224 0.015969 0.023867
5 0.557518 0.446901 0.015969 0.023867
5 0.573553 0.447625 0.015969 0.023868
5 0.567075 0.425294 0.015969 0.023867
5 0.550002 0.425125 0.015969 0.023867
5 0.600013 0.424151 0.015969 0.023867
5 0.663056 0.464940 0.015969 0.023867
5 0.647129 0.469769 0.015969 0.023867
5 0.630948 0.468785 0.015969 0.023867
5 0.609052 0.492541 0.015969 0.023867
5 0.593562 0.492143 0.015969 0.023867
5 0.602748 0.515494 0.015969 0.023867
5 0.416413 0.471642 0.015969 0.023867
5 0.432382 0.471880 0.015969 0.023867
5 0.448986 0.472392 0.015969 0.023867
5 0.420128 0.516560 0.015969 0.023867
5 0.435748 0.516102 0.015969 0.023867
5 0.451539 0.515569 0.015969 0.023867
5 0.476726 0.540988 0.015969 0.023867
5 0.460586 0.541695 0.015969 0.023867
5 0.444154 0.539193 0.015969 0.023867
5 0.466390 0.517146 0.015969 0.023868
5 0.482297 0.518006 0.015969 0.023867
5 0.465932 0.469084 0.015969 0.023868
5 0.483922 0.469084 0.015969 0.023868
5 0.515957 0.470128 0.015969 0.023867
5 0.375765 0.520109 0.015969 0.023867
5 0.389611 0.518409 0.015969 0.023867
5 0.405284 0.517520 0.015969 0.023867
5 0.365760 0.497119 0.015969 0.023867
5 0.380207 0.494696 0.015969 0.023867
5 0.395580 0.494169 0.015969 0.023867
5 0.411987 0.495014 0.015969 0.023868
5 0.761938 0.539114 0.014202 0.021778
5 0.776524 0.538197 0.014202 0.021778
5 0.791868 0.537564 0.014202 0.021778
5 0.807725 0.538029 0.014202 0.021778
5 0.752870 0.518668 0.014202 0.021778
5 0.769198 0.520037 0.014202 0.021778
5 0.799201 0.516113 0.014202 0.021778
5 0.784978 0.517281 0.014202 0.021778
5 0.807367 0.496678 0.014202 0.021778
5 0.815237 0.516308 0.014202 0.021778
5 0.867140 0.495698 0.014202 0.021778
5 0.852264 0.496540 0.014202 0.021778
5 0.837355 0.496519 0.014202 0.021778
5 0.822334 0.495314 0.014202 0.021778
5 0.784227 0.558191 0.014202 0.021778
5 0.798595 0.558253 0.014202 0.021778
5 0.813504 0.558763 0.014202 0.021778
5 0.843654 0.559097 0.014202 0.021778
5 0.828053 0.559228 0.014202 0.021778
5 0.769015 0.559202 0.014202 0.021778
5 0.745161 0.540774 0.015969 0.023867
5 0.760654 0.498567 0.015969 0.023867
5 0.776945 0.496346 0.015969 0.023867
5 0.769198 0.472765 0.015969 0.023867
5 0.751199 0.474986 0.015969 0.023867
5 0.744592 0.497066 0.014202 0.021778
5 0.729476 0.496332 0.014202 0.021778
5 0.714320 0.495541 0.014202 0.021778
5 0.721580 0.517193 0.015969 0.023867
5 0.737792 0.517350 0.014202 0.021778
5 0.730045 0.539051 0.014202 0.021778
5 0.722195 0.560057 0.014202 0.021778
5 0.737406 0.561437 0.014202 0.021778
5 0.753483 0.560474 0.014202 0.021778
5 0.713264 0.539065 0.015969 0.023868
5 0.669437 0.493832 0.014202 0.021778
5 0.684820 0.489326 0.014202 0.021778
5 0.699937 0.490060 0.014202 0.021778
5 0.694043 0.465466 0.014202 0.021778
5 0.675444 0.517059 0.014202 0.021778
5 0.690284 0.513141 0.014202 0.021778
5 0.705439 0.513932 0.014202 0.021778
5 0.708738 0.470251 0.014202 0.021778
5 0.785489 0.471947 0.014202 0.021778
5 0.835976 0.537858 0.014202 0.021778
5 0.829477 0.516991 0.014202 0.021778
5 0.596134 0.538178 0.015969 0.023867
5 0.530137 0.515588 0.014202 0.021778
5 0.544187 0.516536 0.014202 0.021778
5 0.588187 0.517082 0.014202 0.021778
5 0.573289 0.519225 0.014202 0.021778
5 0.582315 0.471269 0.015969 0.023867
5 0.599702 0.469627 0.014202 0.021778
5 0.194902 0.637847 0.014202 0.021778
5 0.211172 0.640167 0.014202 0.021778
5 0.178654 0.636730 0.014202 0.021778
5 0.219342 0.620415 0.014202 0.021778
5 0.203072 0.618095 0.014202 0.021778
5 0.186824 0.616978 0.014202 0.021778
5 0.194417 0.597226 0.014202 0.021778
5 0.210665 0.598342 0.014202 0.021778
5 0.202010 0.577185 0.014202 0.021778
5 0.217874 0.578734 0.014202 0.021778
5 0.186439 0.574878 0.014202 0.021778
5 0.271989 0.565470 0.014202 0.021778
5 0.264780 0.585078 0.014202 0.021778
5 0.256802 0.563596 0.014202 0.021778
5 0.259205 0.494679 0.014202 0.021778
5 0.253246 0.517171 0.014202 0.021778
5 0.248055 0.540239 0.014202 0.021778
5 0.281216 0.473773 0.014202 0.021778
5 0.275257 0.496265 0.014202 0.021778
5 0.270067 0.519333 0.014202 0.021778
5 0.291213 0.498572 0.014202 0.021778
5 0.295634 0.473341 0.014202 0.021778
5 0.311109 0.474350 0.014202 0.021778
5 0.345107 0.521069 0.014202 0.021778
5 0.361195 0.522384 0.014202 0.021778
5 0.355706 0.474298 0.015969 0.023867
5 0.370919 0.470925 0.015969 0.023867
5 0.401331 0.472055 0.014202 0.021778
5 0.407946 0.448640 0.014202 0.021778
5 0.377434 0.449378 0.014202 0.021778
5 0.437303 0.448074 0.015969 0.023867
5 0.248989 0.469124 0.014202 0.021778
5 0.192670 0.553652 0.014202 0.021778
5 0.208241 0.555958 0.014202 0.021778
5 0.224105 0.557507 0.014202 0.021778
5 0.212651 0.682463 0.014202 0.021778
5 0.196381 0.680142 0.014202 0.021778
5 0.180132 0.679026 0.014202 0.021778
5 0.187404 0.658124 0.014202 0.021778
5 0.171156 0.657007 0.014202 0.021778
5 0.991195 0.455996 0.015969 0.023867
5 0.996173 0.499253 0.007654 0.021778
5 0.984386 0.500355 0.014202 0.021778
6 0.567175 0.717766 0.865650 0.564469
