6 0.540723 0.650775 0.918553 0.698450
4 0.928888 0.493295 0.142224 0.373155
5 0.890731 0.431661 0.016414 0.025547
5 0.949137 0.366563 0.016414 0.025547
5 0.957249 0.473032 0.016414 0.025547
5 0.882754 0.452955 0.016414 0.025547
5 0.866260 0.453563 0.016414 0.025547
5 0.841518 0.432067 0.016414 0.025547
5 0.923449 0.472829 0.016414 0.025547
5 0.907522 0.474363 0.014692 0.023061
5 0.875025 0.475279 0.016414 0.025547
5 0.858492 0.474730 0.014692 0.023061
5 0.842251 0.475279 0.014692 0.023061
5 0.850433 0.496619 0.014692 0.023061
5 0.899401 0.495062 0.014692 0.023061
5 0.883648 0.495154 0.014692 0.023061
5 0.932123 0.494867 0.014692 0.023061
5 0.915591 0.494082 0.014692 0.023061
5 0.964650 0.493991 0.014692 0.023061
5 0.948572 0.494569 0.014692 0.023061
5 0.980686 0.492530 0.014692 0.023061
5 0.956534 0.515123 0.014692 0.023061
5 0.940262 0.515507 0.014692 0.023061
5 0.923813 0.515805 0.014692 0.023061
5 0.891446 0.516430 0.014692 0.023061
5 0.883556 0.537891 0.014692 0.023061
5 0.899309 0.537799 0.014692 0.023061
5 0.915498 0.536820 0.014692 0.023061
5 0.931632 0.536494 0.014692 0.023061
5 0.948024 0.536965 0.014692 0.023061
5 0.924056 0.558964 0.014692 0.023061
5 0.891334 0.559329 0.014692 0.023061
5 0.875411 0.559763 0.014692 0.023061
5 0.826157 0.560176 0.014692 0.023061
5 0.834421 0.538490 0.014692 0.023061
5 0.817582 0.497340 0.016414 0.025547
5 0.843190 0.517385 0.014692 0.023061
5 0.850801 0.538185 0.015104 0.023061
5 0.858959 0.559276 0.015103 0.023061
5 0.842643 0.559674 0.015103 0.023061
5 0.817476 0.539694 0.015104 0.023061
5 0.826309 0.518348 0.015103 0.023061
5 0.809414 0.519084 0.015103 0.023061
5 0.801072 0.539589 0.015103 0.023061
5 0.800277 0.454221 0.015104 0.023061
5 0.808882 0.475781 0.015103 0.023061
5 0.808328 0.432781 0.015103 0.023061
5 0.849410 0.411190 0.015103 0.023061
5 0.866327 0.411325 0.015103 0.023061
5 0.858094 0.431951 0.015103 0.023061
5 0.783612 0.496709 0.015103 0.023061
5 0.800830 0.497085 0.015104 0.023061
5 0.759820 0.519370 0.015103 0.023061
5 0.776767 0.519068 0.015104 0.023061
5 0.767827 0.497340 0.016414 0.025547
5 0.751135 0.497387 0.015103 0.023061
5 0.758658 0.433205 0.016414 0.025547
5 0.743276 0.476056 0.015104 0.023061
5 0.751229 0.454724 0.015103 0.023061
5 0.775461 0.432971 0.015103 0.023061
5 0.766479 0.411640 0.015103 0.023061
5 0.749919 0.411640 0.015103 0.023061
5 0.733920 0.411359 0.015103 0.023061
5 0.726061 0.390168 0.015104 0.023061
5 0.742060 0.390448 0.015104 0.023061
5 0.749264 0.369818 0.015103 0.023061
5 0.725968 0.432691 0.015104 0.023061
5 0.718389 0.454022 0.015103 0.023061
5 0.734669 0.454864 0.015104 0.023061
5 0.727277 0.476056 0.015104 0.023061
5 0.702961 0.496497 0.015104 0.023061
5 0.719241 0.497340 0.015103 0.023061
5 0.735801 0.497199 0.015104 0.023061
5 0.743316 0.518602 0.015103 0.023061
5 0.727982 0.518414 0.015103 0.023061
5 0.711422 0.518554 0.015104 0.023061
5 0.695143 0.517712 0.015103 0.023061
5 0.785161 0.539938 0.015104 0.023061
5 0.768329 0.540929 0.015104 0.023061
5 0.751825 0.540161 0.015104 0.023061
5 0.736031 0.540490 0.015103 0.023061
5 0.793483 0.561321 0.015103 0.023061
5 0.760855 0.562144 0.015104 0.023061
5 0.744236 0.561893 0.015104 0.023061
5 0.728442 0.562222 0.015103 0.023061
5 0.695555 0.561845 0.015104 0.023061
5 0.703373 0.540630 0.015103 0.023061
5 0.712115 0.561705 0.015103 0.023061
5 0.653622 0.409361 0.015103 0.023061
5 0.669901 0.410203 0.015104 0.023061
5 0.686208 0.410063 0.015103 0.023061
5 0.701796 0.410251 0.015103 0.023061
5 0.661186 0.387433 0.015104 0.023061
5 0.670413 0.364199 0.015103 0.023061
5 0.694766 0.385507 0.015103 0.023061
5 0.628082 0.388194 0.015104 0.023061
5 0.636670 0.410964 0.015103 0.023061
5 0.620391 0.410122 0.015104 0.023061
5 0.710167 0.431940 0.015103 0.023061
5 0.694199 0.431752 0.015104 0.023061
5 0.677639 0.432082 0.015103 0.023061
5 0.661613 0.432191 0.015103 0.023061
5 0.645042 0.432653 0.015103 0.023061
5 0.702557 0.453629 0.015103 0.023061
5 0.686588 0.453441 0.015104 0.023061
5 0.670028 0.453771 0.015103 0.023061
5 0.653622 0.454071 0.015103 0.023061
5 0.637431 0.454342 0.015103 0.023061
5 0.694566 0.475508 0.015103 0.023061
5 0.662038 0.475651 0.015103 0.023061
5 0.645631 0.475950 0.015103 0.023061
5 0.629441 0.476221 0.015104 0.023061
5 0.662603 0.519076 0.015103 0.023061
5 0.670594 0.497197 0.015103 0.023061
5 0.686771 0.496688 0.015104 0.023061
5 0.654367 0.497783 0.015104 0.023061
5 0.621831 0.498284 0.015104 0.023061
5 0.605469 0.497910 0.015103 0.023061
5 0.638065 0.497340 0.015103 0.023061
5 0.678941 0.517852 0.015104 0.023061
5 0.646746 0.519504 0.015103 0.023061
5 0.630009 0.519714 0.015103 0.023061
5 0.613992 0.520332 0.015103 0.023061
5 0.597738 0.520285 0.015103 0.023061
5 0.670884 0.541043 0.015103 0.023061
5 0.654546 0.540798 0.015104 0.023061
5 0.621952 0.541435 0.015104 0.023061
5 0.605935 0.542053 0.015104 0.023061
5 0.589681 0.542006 0.015103 0.023061
5 0.687086 0.539433 0.015104 0.023061
5 0.638689 0.541225 0.015103 0.023061
5 0.663372 0.562438 0.015103 0.023061
5 0.646816 0.562845 0.015104 0.023061
5 0.630632 0.562947 0.015104 0.023061
5 0.614004 0.563483 0.015104 0.023061
5 0.597878 0.563774 0.015103 0.023061
5 0.581624 0.563727 0.015104 0.023061
5 0.687616 0.583785 0.015103 0.023061
5 0.720292 0.583687 0.015103 0.023061
5 0.736509 0.583041 0.015103 0.023061
5 0.638666 0.584944 0.015104 0.023061
5 0.622482 0.585045 0.015104 0.023061
5 0.606065 0.585106 0.015103 0.023061
5 0.573475 0.585825 0.015104 0.023061
5 0.745063 0.603951 0.015103 0.023061
5 0.728846 0.604597 0.015103 0.023061
5 0.647220 0.605854 0.015104 0.023061
5 0.631037 0.605955 0.015104 0.023061
5 0.614619 0.606016 0.015103 0.023061
5 0.598461 0.606967 0.015104 0.023061
5 0.672196 0.627077 0.015104 0.023061
5 0.639594 0.627239 0.015103 0.023061
5 0.615726 0.650123 0.015103 0.023061
5 0.507244 0.457999 0.015104 0.023061
5 0.523511 0.456585 0.015104 0.023061
5 0.540222 0.457199 0.015103 0.023061
5 0.572750 0.456143 0.015103 0.023061
5 0.588888 0.455394 0.015103 0.023061
5 0.605319 0.454864 0.015103 0.023061
5 0.621880 0.454724 0.015104 0.023061
5 0.556477 0.456869 0.015103 0.023061
5 0.613728 0.476778 0.015104 0.023061
5 0.597625 0.477261 0.015104 0.023061
5 0.564371 0.478197 0.015103 0.023061
5 0.548097 0.478923 0.015103 0.023061
5 0.572628 0.500305 0.015103 0.023061
5 0.589382 0.499236 0.015104 0.023061
5 0.540286 0.500014 0.015103 0.023061
5 0.498561 0.480243 0.015103 0.023061
5 0.507478 0.500209 0.015103 0.023061
5 0.564029 0.434606 0.015103 0.023061
5 0.580302 0.433880 0.015104 0.023061
5 0.588113 0.411031 0.015104 0.023061
5 0.556235 0.411111 0.015103 0.023061
5 0.523669 0.413906 0.015104 0.023061
5 0.532131 0.436028 0.015104 0.023061
5 0.539682 0.413765 0.015103 0.023061
5 0.449699 0.436712 0.015103 0.023061
5 0.465836 0.436470 0.015103 0.023061
5 0.482807 0.437085 0.015104 0.023061
5 0.498932 0.435582 0.015104 0.023061
5 0.515206 0.434856 0.015104 0.023061
4 0.399606 0.438669 0.099409 0.110359
5 0.441237 0.416988 0.015103 0.023061
5 0.457373 0.416746 0.015104 0.023061
5 0.474345 0.417361 0.015103 0.023061
5 0.490470 0.415858 0.015103 0.023061
5 0.498542 0.395353 0.015103 0.023061
5 0.481896 0.395879 0.015103 0.023061
5 0.465445 0.396241 0.015104 0.023061
5 0.491381 0.457845 0.015104 0.023061
5 0.474866 0.457981 0.015104 0.023061
5 0.458285 0.458342 0.015103 0.023061
5 0.466175 0.522175 0.015104 0.023061
5 0.483023 0.522233 0.015104 0.023061
5 0.499672 0.521752 0.015103 0.023061
5 0.516035 0.521986 0.015104 0.023061
5 0.532457 0.521182 0.015104 0.023061
5 0.548759 0.521625 0.015103 0.023061
5 0.564986 0.521039 0.015104 0.023061
5 0.556836 0.543461 0.015104 0.023061
5 0.540534 0.543017 0.015103 0.023061
5 0.524488 0.543540 0.015104 0.023061
5 0.573062 0.542875 0.015103 0.023061
5 0.508240 0.543399 0.015103 0.023061
5 0.491971 0.543588 0.015104 0.023061
5 0.475603 0.544210 0.015103 0.023061
5 0.458755 0.544152 0.015103 0.023061
5 0.466869 0.480252 0.015104 0.023061
5 0.475254 0.501466 0.015104 0.023061
5 0.458980 0.501665 0.015104 0.023061
5 0.450021 0.480195 0.015103 0.023061
5 0.565278 0.564475 0.015103 0.023061
5 0.548976 0.564032 0.015104 0.023061
5 0.532929 0.564554 0.015103 0.023061
5 0.500413 0.564602 0.015103 0.023061
5 0.484045 0.565224 0.015104 0.023061
5 0.467197 0.565166 0.015104 0.023061
5 0.443129 0.545634 0.015103 0.023061
5 0.451571 0.566648 0.015103 0.023061
5 0.450403 0.522868 0.015104 0.023061
5 0.434239 0.524215 0.015103 0.023061
5 0.557597 0.585585 0.015103 0.023061
5 0.508764 0.586425 0.015104 0.023061
5 0.492396 0.586777 0.015103 0.023061
5 0.476177 0.586988 0.015103 0.023061
5 0.459923 0.587258 0.015104 0.023061
5 0.468459 0.608094 0.015104 0.023061
5 0.485307 0.608152 0.015104 0.023061
5 0.517251 0.608207 0.015103 0.023061
5 0.533152 0.607828 0.015103 0.023061
5 0.549429 0.607306 0.015104 0.023061
5 0.566078 0.606710 0.015103 0.023061
5 0.500945 0.608264 0.015103 0.023061
5 0.541816 0.629142 0.015103 0.023061
5 0.509609 0.629578 0.015103 0.023061
5 0.493971 0.629466 0.015103 0.023061
5 0.477123 0.629408 0.015103 0.023061
5 0.416907 0.481372 0.015103 0.023061
5 0.425866 0.502843 0.015103 0.023061
5 0.433755 0.481430 0.015103 0.023061
5 0.424498 0.459973 0.015104 0.023061
5 0.277706 0.502756 0.015104 0.023061
5 0.293996 0.503669 0.015103 0.023061
5 0.310019 0.502599 0.015104 0.023061
4 0.326280 0.523376 0.036417 0.029528
5 0.326867 0.502657 0.015104 0.023061
5 0.343265 0.503494 0.015103 0.023061
5 0.359628 0.503727 0.015103 0.023061
5 0.376050 0.502923 0.015104 0.023061
4 0.397269 0.533342 0.022392 0.047982
5 0.392352 0.503367 0.015103 0.023061
5 0.408579 0.502781 0.015104 0.023061
4 0.246186 0.534080 0.051427 0.087106
5 0.261260 0.502756 0.015104 0.023061
5 0.318053 0.481319 0.015103 0.023061
5 0.351300 0.482215 0.015103 0.023061
5 0.367663 0.482448 0.015103 0.023061
5 0.335027 0.482695 0.015103 0.023061
5 0.348711 0.440513 0.015103 0.023061
5 0.341430 0.461228 0.015104 0.023061
5 0.365031 0.396636 0.015104 0.023061
5 0.373019 0.417435 0.015103 0.023061
5 0.356997 0.417351 0.015104 0.023061
5 0.332767 0.438818 0.015103 0.023061
5 0.316923 0.437819 0.015103 0.023061
4 0.297367 0.446973 0.041585 0.097441
5 0.309014 0.459287 0.015103 0.023061
5 0.384838 0.524579 0.015104 0.023061
5 0.367914 0.524442 0.015104 0.023061
5 0.351551 0.524209 0.015104 0.023061
5 0.418734 0.567138 0.015103 0.023061
5 0.409946 0.545482 0.015104 0.023061
5 0.401810 0.567000 0.015103 0.023061
5 0.386219 0.566573 0.015103 0.023061
5 0.369295 0.566436 0.015103 0.023061
5 0.352932 0.566202 0.015104 0.023061
5 0.344772 0.545676 0.015103 0.023061
5 0.328373 0.544839 0.015103 0.023061
5 0.311525 0.544781 0.015103 0.023061
5 0.295503 0.545851 0.015104 0.023061
5 0.279213 0.544938 0.015103 0.023061
5 0.286604 0.524420 0.015103 0.023061
5 0.270314 0.523507 0.015104 0.023061
5 0.253868 0.523507 0.015103 0.023061
5 0.304067 0.567058 0.015103 0.023061
5 0.411529 0.588142 0.015103 0.023061
5 0.394605 0.588004 0.015103 0.023061
5 0.378742 0.588596 0.015103 0.023061
5 0.361818 0.588459 0.015103 0.023061
5 0.345455 0.588226 0.015103 0.023061
5 0.329353 0.588266 0.015104 0.023061
5 0.297050 0.588809 0.015104 0.023061
5 0.280651 0.589030 0.015104 0.023061
5 0.264005 0.588670 0.015103 0.023061
5 0.247378 0.589286 0.015104 0.023061
5 0.231087 0.589280 0.015104 0.023061
5 0.239209 0.567503 0.015104 0.023061
5 0.305924 0.610138 0.015103 0.023061
5 0.289929 0.610662 0.015103 0.023061
5 0.273787 0.609847 0.015103 0.023061
5 0.257160 0.610463 0.015104 0.023061
5 0.322463 0.609532 0.015103 0.023061
5 0.346565 0.630861 0.015103 0.023061
5 0.330531 0.631012 0.015103 0.023061
5 0.314535 0.631537 0.015103 0.023061
5 0.298494 0.631479 0.015103 0.023061
5 0.281867 0.632095 0.015104 0.023061
5 0.224028 0.610609 0.015103 0.023061
5 0.284620 0.437014 0.015103 0.023061
5 0.226711 0.417445 0.015104 0.023061
5 0.453290 0.652210 0.015103 0.023061
5 0.443363 0.587389 0.015103 0.023061
5 0.436089 0.609481 0.015103 0.023061
5 0.444626 0.630317 0.015103 0.023061
5 0.419903 0.609399 0.015104 0.023061
5 0.386858 0.609853 0.015104 0.023061
5 0.403365 0.609261 0.015103 0.023061
5 0.412431 0.630656 0.015103 0.023061
5 0.379386 0.631110 0.015103 0.023061
5 0.566637 0.649491 0.015103 0.023061
5 0.549988 0.650087 0.015103 0.023061
5 0.533711 0.650609 0.015104 0.023061
5 0.517810 0.650988 0.015104 0.023061
5 0.501504 0.651046 0.015104 0.023061
5 0.573767 0.627891 0.015103 0.023061
5 0.575026 0.670462 0.015103 0.023061
5 0.558936 0.670639 0.015103 0.023061
5 0.542659 0.671161 0.015103 0.023061
5 0.526758 0.671540 0.015103 0.023061
5 0.510452 0.671597 0.015103 0.023061
5 0.469209 0.651675 0.015104 0.023061
5 0.462235 0.672876 0.015104 0.023061
5 0.477873 0.672989 0.015103 0.023061
5 0.445387 0.672818 0.015104 0.023061
5 0.502850 0.693560 0.015103 0.023061
5 0.518751 0.693181 0.015103 0.023061
5 0.486545 0.693617 0.015103 0.023061
5 0.583694 0.692063 0.015103 0.023061
5 0.567604 0.692239 0.015103 0.023061
5 0.551327 0.692762 0.015104 0.023061
5 0.591104 0.670462 0.015103 0.023061
5 0.899536 0.580080 0.014692 0.023061
5 0.883613 0.580513 0.014692 0.023061
5 0.850845 0.580424 0.015103 0.023061
5 0.834360 0.580926 0.014692 0.023061
5 0.867161 0.580026 0.015104 0.023061
5 0.785637 0.583313 0.014692 0.023061
5 0.802122 0.582811 0.015103 0.023061
5 0.818438 0.582413 0.015104 0.023061
5 0.907494 0.601931 0.014692 0.023061
5 0.891570 0.602365 0.014692 0.023061
5 0.875118 0.601878 0.015104 0.023061
5 0.858802 0.602276 0.015104 0.023061
5 0.842317 0.602778 0.014692 0.023061
5 0.794084 0.603696 0.014692 0.023061
5 0.940425 0.600279 0.014692 0.023061
5 0.932100 0.578611 0.014692 0.023061
5 0.924133 0.600896 0.014692 0.023061
5 0.989056 0.556528 0.014692 0.023061
5 0.994956 0.577279 0.010088 0.023061
5 0.988764 0.598643 0.015104 0.023061
5 0.972448 0.599041 0.015103 0.023061
5 0.964617 0.577760 0.015103 0.023061
5 0.972604 0.556042 0.015103 0.023061
5 0.980806 0.576791 0.015103 0.023061
5 0.998300 0.598277 0.003401 0.023061
5 0.994452 0.534516 0.011096 0.023061
4 0.324926 0.461368 0.015994 0.024360
4 0.288263 0.566560 0.017963 0.024360
4 0.328002 0.566929 0.031496 0.024360
4 0.213091 0.546260 0.019685 0.025837
4 0.213706 0.589628 0.018455 0.026944
4 0.338460 0.608083 0.019439 0.023991
4 0.531619 0.479085 0.017963 0.029528
4 0.360851 0.545337 0.019931 0.026944
4 0.506398 0.414124 0.019193 0.028789
4 0.581078 0.477424 0.018947 0.029158
