6 0.599779 0.694697 0.800443 0.610605
5 0.657586 0.444008 0.013851 0.020899
5 0.629860 0.443359 0.013851 0.020899
5 0.615304 0.442709 0.013851 0.020899
5 0.637138 0.464413 0.013851 0.020899
5 0.671795 0.485207 0.013851 0.020899
5 0.713556 0.485986 0.013851 0.020899
5 0.727506 0.485207 0.013851 0.020899
5 0.741628 0.485986 0.013851 0.020899
5 0.748646 0.506131 0.013851 0.020899
5 0.734524 0.506521 0.013851 0.020899
5 0.769995 0.484760 0.013851 0.020899
5 0.755709 0.485084 0.013851 0.020899
5 0.762965 0.462075 0.013851 0.020899
5 0.749169 0.463993 0.013851 0.020899
5 0.734516 0.463424 0.013851 0.020899
5 0.720639 0.462767 0.013851 0.020899
5 0.741219 0.444172 0.013851 0.020899
5 0.727506 0.442534 0.013851 0.020899
5 0.636705 0.423604 0.013851 0.020899
5 0.644416 0.403590 0.013851 0.020899
5 0.629687 0.404500 0.013851 0.020899
5 0.685568 0.443497 0.013851 0.020899
5 0.592591 0.423426 0.013851 0.020899
5 0.599244 0.403317 0.013851 0.020899
5 0.557445 0.444367 0.013851 0.020899
5 0.554685 0.404145 0.013851 0.020899
5 0.853495 0.441187 0.013851 0.020899
5 0.839103 0.441763 0.013851 0.020899
5 0.824972 0.439963 0.013851 0.020899
5 0.846933 0.462550 0.013851 0.020899
5 0.832466 0.463013 0.013851 0.020899
5 0.818261 0.463004 0.013851 0.020899
5 0.839327 0.485031 0.013851 0.020899
5 0.888913 0.460648 0.013851 0.020899
5 0.874446 0.461112 0.013851 0.020899
5 0.833180 0.421158 0.013851 0.020899
5 0.818311 0.419588 0.013851 0.020899
5 0.803036 0.418790 0.013851 0.020899
5 0.810767 0.437610 0.013851 0.020899
5 0.796757 0.439760 0.013851 0.020899
5 0.782244 0.438103 0.013851 0.020899
5 0.858454 0.420300 0.013851 0.020899
5 0.873428 0.418726 0.013851 0.020899
5 0.909670 0.440901 0.013851 0.020899
5 0.797006 0.525971 0.013851 0.020899
5 0.790439 0.504812 0.013851 0.020899
5 0.783778 0.526249 0.013851 0.020899
5 0.777210 0.505090 0.013851 0.020899
5 0.937434 0.484217 0.013851 0.020899
5 0.923066 0.483198 0.013851 0.020899
5 0.950280 0.441971 0.013851 0.020899
5 0.923105 0.443157 0.013851 0.020899
5 0.916484 0.462130 0.013851 0.020899
5 0.970823 0.422055 0.013851 0.020899
5 0.954955 0.421625 0.013851 0.020899
5 0.940690 0.421434 0.013851 0.020899
5 0.963380 0.402544 0.013851 0.020899
5 0.947044 0.401510 0.013851 0.020899
5 0.930834 0.402426 0.013851 0.020899
5 0.996918 0.421733 0.006164 0.020899
5 0.993590 0.484386 0.012819 0.020899
5 0.979841 0.484195 0.013851 0.020899
5 0.972968 0.463723 0.013851 0.020899
5 0.585738 0.443516 0.013851 0.020899
5 0.559108 0.484397 0.013851 0.020899
5 0.530739 0.487218 0.013851 0.020899
5 0.482238 0.464177 0.013851 0.020899
5 0.453730 0.424809 0.013851 0.020899
5 0.467470 0.424234 0.013851 0.020899
5 0.470968 0.404642 0.013851 0.020899
5 0.504088 0.485458 0.013851 0.020899
5 0.495161 0.421125 0.013851 0.020899
5 0.480963 0.422620 0.013851 0.020899
5 0.439550 0.505261 0.013851 0.020899
5 0.425810 0.504344 0.013851 0.020899
5 0.383484 0.463384 0.013851 0.020899
5 0.397984 0.462931 0.013851 0.020899
5 0.411949 0.463873 0.013851 0.020899
5 0.369203 0.462914 0.013851 0.020899
5 0.313087 0.465753 0.013851 0.020899
5 0.305657 0.485597 0.013851 0.020899
5 0.320602 0.486145 0.013851 0.020899
5 0.313422 0.505669 0.013851 0.020899
5 0.319909 0.445013 0.013851 0.020899
