6 0.288684 0.240033 0.577367 0.480066
5 0.512359 0.009739 0.014672 0.019477
5 0.496164 0.009482 0.014672 0.018964
5 0.479786 0.009256 0.014672 0.018513
5 0.503176 0.027962 0.014672 0.023204
5 0.486981 0.027449 0.014672 0.023204
5 0.470603 0.026998 0.014672 0.023204
5 0.526850 0.048991 0.014672 0.023204
5 0.510655 0.048478 0.014672 0.023204
5 0.494278 0.048026 0.014672 0.023204
5 0.518402 0.069323 0.014672 0.023204
5 0.485829 0.068358 0.014672 0.023204
5 0.509727 0.088585 0.014672 0.023204
5 0.493349 0.088133 0.014672 0.023204
