6 0.255758 0.694328 0.511516 0.611344
5 0.118387 0.432505 0.013851 0.020899
5 0.103782 0.433569 0.013851 0.020899
5 0.088626 0.432857 0.013851 0.020899
5 0.072602 0.430927 0.013851 0.020899
5 0.126116 0.414721 0.013851 0.020899
5 0.095756 0.415533 0.013851 0.020899
5 0.080637 0.414807 0.013851 0.020899
5 0.066375 0.448553 0.013851 0.020899
5 0.132158 0.488089 0.013851 0.020899
5 0.114798 0.488893 0.013851 0.020899
5 0.097581 0.487789 0.013851 0.020899
5 0.105074 0.469827 0.013851 0.020899
5 0.112506 0.451599 0.013851 0.020899
5 0.195806 0.482549 0.013851 0.020899
5 0.180383 0.482861 0.013851 0.020899
5 0.164123 0.484055 0.013851 0.020899
5 0.173219 0.464810 0.013851 0.020899
5 0.182531 0.444551 0.013851 0.020899
5 0.188617 0.463473 0.013851 0.020899
5 0.204253 0.463387 0.013851 0.020899
5 0.155272 0.464819 0.015240 0.021505
5 0.121808 0.470724 0.015240 0.021505
5 0.188436 0.501517 0.013851 0.020899
5 0.203536 0.501473 0.013851 0.020899
5 0.181814 0.521649 0.013851 0.020899
5 0.233275 0.500794 0.013851 0.020899
5 0.218685 0.500823 0.013851 0.020899
5 0.264751 0.461584 0.013851 0.020899
5 0.257599 0.481162 0.013851 0.020899
5 0.248656 0.499852 0.013851 0.020899
5 0.264263 0.501144 0.013851 0.020899
5 0.273684 0.481305 0.013851 0.020899
5 0.282272 0.460435 0.013851 0.020899
5 0.290625 0.483556 0.013851 0.020899
5 0.280156 0.501719 0.013851 0.020899
5 0.249423 0.462189 0.013851 0.020899
5 0.240758 0.481162 0.013851 0.020899
5 0.241364 0.439790 0.013851 0.020899
5 0.234329 0.461221 0.013851 0.020899
5 0.142150 0.449119 0.013851 0.020899
5 0.118334 0.396488 0.013851 0.020899
5 0.358196 0.478013 0.013851 0.020899
5 0.343204 0.477807 0.013851 0.020899
5 0.328008 0.476884 0.013851 0.020899
5 0.336292 0.497307 0.013851 0.020899
5 0.350996 0.497615 0.013851 0.020899
5 0.357886 0.517300 0.013851 0.020899
5 0.365085 0.497698 0.013851 0.020899
5 0.335133 0.536305 0.013851 0.020899
5 0.327715 0.516408 0.013851 0.020899
5 0.342876 0.556180 0.013851 0.020899
5 0.431576 0.516654 0.013851 0.020899
5 0.401922 0.516721 0.013851 0.020899
5 0.387086 0.516310 0.013851 0.020899
5 0.416458 0.516317 0.013851 0.020899
5 0.394468 0.535312 0.013851 0.020899
5 0.372414 0.517677 0.013851 0.020899
5 0.386958 0.478423 0.013851 0.020899
5 0.394104 0.497719 0.013851 0.020899
5 0.327741 0.437850 0.013851 0.020899
5 0.335533 0.457658 0.013851 0.020899
5 0.447232 0.553069 0.013851 0.020899
5 0.438836 0.534702 0.013851 0.020899
5 0.431335 0.553576 0.013851 0.020899
5 0.423953 0.534575 0.013851 0.020899
5 0.423712 0.497755 0.013851 0.020899
5 0.365606 0.611624 0.013851 0.020899
5 0.380133 0.612002 0.013851 0.020899
5 0.081293 0.450579 0.013851 0.020899
5 0.096449 0.451291 0.013851 0.020899
5 0.096226 0.524190 0.013851 0.020899
5 0.021444 0.505621 0.013851 0.020899
5 0.046516 0.497587 0.013851 0.020899
5 0.061967 0.488070 0.013851 0.020899
5 0.138308 0.523738 0.013851 0.020899
5 0.167309 0.521534 0.013851 0.020899
5 0.141799 0.504360 0.013851 0.020899
5 0.255550 0.519903 0.013851 0.020899
5 0.247748 0.539709 0.013851 0.020899
5 0.240546 0.519543 0.013851 0.020899
5 0.211619 0.520264 0.013851 0.020899
5 0.211818 0.482028 0.013851 0.020899
5 0.305963 0.534847 0.013851 0.020899
5 0.283543 0.521366 0.013851 0.020899
5 0.312470 0.513624 0.013851 0.020899
5 0.456233 0.645086 0.013851 0.020899
5 0.463733 0.626211 0.013851 0.020899
5 0.070554 0.506372 0.018356 0.024240
5 0.028700 0.485675 0.018356 0.024240
