6 0.534736 0.601927 0.930527 0.796146
5 0.804803 0.327848 0.015136 0.022377
5 0.819750 0.338083 0.015136 0.022377
5 0.827057 0.360066 0.015136 0.022377
5 0.835627 0.334508 0.015136 0.022377
5 0.775659 0.356057 0.015554 0.027725
5 0.787833 0.322561 0.015554 0.027725
5 0.740457 0.355825 0.015554 0.027725
5 0.706008 0.355504 0.015554 0.027725
5 0.731256 0.328544 0.015554 0.027725
5 0.770141 0.323837 0.015136 0.022377
5 0.750085 0.327100 0.015554 0.027725
5 0.689204 0.357053 0.015136 0.022377
5 0.697176 0.327324 0.015136 0.022377
5 0.714548 0.325266 0.015554 0.027725
5 0.681343 0.334964 0.015136 0.022377
5 0.664514 0.332971 0.015136 0.022377
5 0.655077 0.354673 0.015554 0.027725
5 0.621073 0.349931 0.015554 0.027725
5 0.638610 0.352007 0.015554 0.027725
5 0.648141 0.323287 0.015136 0.022377
5 0.630832 0.320481 0.015136 0.022377
5 0.612213 0.322305 0.015136 0.022377
5 0.553324 0.349317 0.015554 0.027725
5 0.492799 0.325598 0.015554 0.027725
5 0.475487 0.324984 0.015554 0.027725
5 0.509430 0.323962 0.015554 0.027725
5 0.527014 0.323144 0.015554 0.027725
5 0.484075 0.297585 0.015554 0.027725
5 0.468262 0.296971 0.015554 0.027725
5 0.851945 0.327832 0.015136 0.022377
5 0.859633 0.356761 0.015136 0.022377
5 0.843351 0.357302 0.015136 0.022377
5 0.868804 0.331271 0.015136 0.022377
5 0.876491 0.357368 0.015136 0.022377
5 0.901846 0.339161 0.015136 0.022377
5 0.885258 0.334508 0.015136 0.022377
5 0.892540 0.361010 0.015136 0.022377
5 0.926575 0.359901 0.015554 0.027725
5 0.917269 0.333804 0.015554 0.027725
5 0.943656 0.360033 0.015554 0.027725
5 0.934905 0.333704 0.015136 0.022377
5 0.953031 0.332647 0.015136 0.022377
5 0.993847 0.360619 0.012306 0.022377
5 0.978754 0.359467 0.015136 0.022377
5 0.987524 0.333108 0.015554 0.027725
5 0.970544 0.330248 0.015136 0.022377
5 0.924048 0.304899 0.015136 0.022377
5 0.944001 0.305637 0.015136 0.022377
5 0.961607 0.305731 0.015136 0.022377
5 0.918398 0.279268 0.015136 0.022377
5 0.997926 0.331566 0.004149 0.027725
5 0.908894 0.309565 0.015136 0.022377
5 0.356549 0.314843 0.015554 0.027725
5 0.373554 0.317530 0.015554 0.027725
5 0.390645 0.317047 0.015554 0.027725
5 0.407923 0.318304 0.015554 0.027725
5 0.383126 0.346142 0.015136 0.022377
5 0.365170 0.344219 0.015136 0.022377
5 0.348201 0.343183 0.015136 0.022377
5 0.331035 0.341555 0.015136 0.022377
5 0.321465 0.316397 0.015136 0.022377
5 0.339125 0.316693 0.015136 0.022377
5 0.312882 0.340223 0.015136 0.022377
5 0.442510 0.324298 0.015554 0.027725
5 0.425508 0.322421 0.015554 0.027725
5 0.451605 0.299081 0.015554 0.027725
5 0.443068 0.275452 0.015136 0.022377
5 0.400626 0.290954 0.015136 0.022377
5 0.382671 0.289030 0.015136 0.022377
5 0.365288 0.291921 0.015136 0.022377
5 0.392179 0.265260 0.015136 0.022377
5 0.401687 0.240043 0.015136 0.022377
5 0.349323 0.242730 0.015136 0.022377
5 0.366452 0.242173 0.015136 0.022377
5 0.312646 0.290767 0.015136 0.022377
5 0.238010 0.317375 0.015136 0.022377
5 0.219540 0.314856 0.015136 0.022377
5 0.202730 0.314532 0.015136 0.022377
5 0.185998 0.316996 0.015136 0.022377
5 0.210121 0.291281 0.015136 0.022377
5 0.177280 0.292864 0.015554 0.027725
5 0.158869 0.289550 0.015554 0.027725
5 0.150438 0.312261 0.015136 0.022377
5 0.167907 0.314374 0.015136 0.022377
5 0.211544 0.337266 0.015136 0.022377
5 0.192386 0.379056 0.015136 0.022377
5 0.175670 0.377909 0.015136 0.022377
5 0.201034 0.401463 0.015136 0.022377
5 0.166629 0.356534 0.015136 0.022377
5 0.183639 0.356945 0.015136 0.022377
5 0.201060 0.357282 0.015136 0.022377
5 0.219044 0.360820 0.015136 0.022377
5 0.209904 0.379983 0.015136 0.022377
5 0.218232 0.403380 0.015136 0.022377
5 0.183443 0.401463 0.015136 0.022377
5 0.166138 0.399726 0.015136 0.022377
5 0.228060 0.381857 0.015136 0.022377
5 0.237101 0.362546 0.015136 0.022377
5 0.245454 0.341761 0.015136 0.022377
5 0.236610 0.405886 0.015136 0.022377
5 0.228060 0.427997 0.015136 0.022377
5 0.210272 0.425491 0.015136 0.022377
5 0.192779 0.423870 0.015136 0.022377
5 0.174795 0.422248 0.015136 0.022377
5 0.157489 0.422133 0.015136 0.022377
5 0.569402 0.351172 0.015554 0.027725
5 0.587336 0.353213 0.015554 0.027725
5 0.578695 0.330839 0.015136 0.022377
5 0.545072 0.320732 0.015554 0.027725
5 0.594510 0.325756 0.015554 0.027725
5 0.547667 0.220398 0.017241 0.021678
5 0.567709 0.220559 0.017241 0.021678
5 0.577949 0.244380 0.015554 0.027725
5 0.587832 0.266767 0.015136 0.022377
5 0.570129 0.269508 0.015136 0.022377
5 0.552883 0.296747 0.015136 0.022377
5 0.528099 0.219293 0.017241 0.021678
5 0.509477 0.220872 0.017241 0.021678
5 0.499593 0.242144 0.017241 0.021678
5 0.586725 0.220076 0.017241 0.021678
5 0.604882 0.218948 0.017241 0.021678
5 0.459141 0.271716 0.015136 0.022377
5 0.419798 0.243900 0.015554 0.027725
5 0.392858 0.217461 0.015136 0.022377
5 0.501106 0.292744 0.015136 0.022377
5 0.489896 0.221683 0.015136 0.022377
5 0.793088 0.269860 0.015136 0.022377
5 0.810141 0.271186 0.015136 0.022377
5 0.771921 0.222229 0.017241 0.021678
5 0.733763 0.219721 0.017241 0.021679
5 0.714949 0.218386 0.017241 0.021678
5 0.742929 0.244352 0.017241 0.021678
5 0.752526 0.220866 0.017241 0.021678
5 0.791784 0.224157 0.017241 0.021678
5 0.780229 0.296249 0.015136 0.022377
5 0.810829 0.222930 0.017241 0.021678
5 0.838534 0.244020 0.015136 0.022377
5 0.857045 0.245198 0.015136 0.022377
5 0.847733 0.223994 0.015136 0.022377
5 0.829446 0.222816 0.015136 0.022377
5 0.849641 0.269936 0.015136 0.022377
5 0.826633 0.272028 0.015136 0.022377
5 0.703974 0.292641 0.015554 0.027725
5 0.741433 0.296998 0.015554 0.027725
5 0.722003 0.292314 0.015554 0.027725
5 0.839669 0.300642 0.015136 0.022377
5 0.877571 0.300090 0.015136 0.022377
5 0.858019 0.299434 0.015136 0.022377
5 0.935462 0.281979 0.017241 0.021678
5 0.927413 0.258843 0.015136 0.022377
5 0.944035 0.250251 0.015136 0.022377
5 0.953519 0.282367 0.015136 0.022377
5 0.979907 0.301383 0.015136 0.022377
5 0.987030 0.277880 0.015136 0.022377
5 0.357940 0.269412 0.015136 0.022377
5 0.330619 0.293784 0.015136 0.022377
5 0.313647 0.244885 0.015136 0.022377
5 0.332197 0.244191 0.015136 0.022377
5 0.323168 0.267239 0.015136 0.022377
5 0.475423 0.269466 0.015554 0.027725
