6 0.555556 0.696970 0.888889 0.606061
5 0.548420 0.456771 0.014857 0.021683
5 0.525030 0.479548 0.014857 0.021683
5 0.509768 0.479641 0.014857 0.021683
5 0.541244 0.478789 0.014857 0.021683
5 0.532722 0.459051 0.014857 0.021871
5 0.331182 0.455500 0.014857 0.021871
5 0.432107 0.520791 0.014857 0.021683
5 0.447875 0.520662 0.014857 0.021683
5 0.463912 0.520210 0.014857 0.021683
5 0.479783 0.520772 0.014857 0.021683
5 0.299687 0.453935 0.014857 0.021871
5 0.424873 0.541876 0.014857 0.021683
5 0.440641 0.541747 0.014857 0.021683
5 0.456679 0.541295 0.014857 0.021683
5 0.472549 0.541857 0.014857 0.021683
5 0.462603 0.476260 0.014857 0.021683
5 0.446732 0.475697 0.014857 0.021683
5 0.431763 0.473683 0.014857 0.021683
5 0.416735 0.472580 0.014857 0.021683
5 0.401881 0.471814 0.014857 0.021871
5 0.518076 0.500947 0.014672 0.023204
5 0.533859 0.500490 0.014672 0.023204
5 0.549795 0.499918 0.014672 0.023204
5 0.565272 0.498889 0.014672 0.023204
5 0.510833 0.521991 0.014672 0.023204
5 0.526692 0.521991 0.014672 0.023204
5 0.542170 0.521762 0.014672 0.023204
5 0.557876 0.521534 0.014672 0.023204
5 0.471026 0.498826 0.014672 0.023204
5 0.486808 0.498368 0.014672 0.023204
5 0.502446 0.499360 0.014672 0.023204
5 0.455016 0.498554 0.014672 0.023204
5 0.478917 0.476380 0.014672 0.023204
5 0.470484 0.455031 0.014857 0.021871
5 0.440110 0.451569 0.014857 0.021871
5 0.455287 0.454314 0.014857 0.021683
5 0.409630 0.450419 0.014857 0.021871
5 0.425191 0.450480 0.014857 0.021683
5 0.400748 0.430003 0.014857 0.021871
5 0.416373 0.427956 0.014857 0.021683
5 0.432697 0.428278 0.014857 0.021871
5 0.377852 0.453040 0.014857 0.021683
5 0.370337 0.476307 0.014857 0.021683
5 0.354712 0.477687 0.014857 0.021683
5 0.339048 0.477507 0.014857 0.021683
5 0.323453 0.476865 0.014857 0.021871
5 0.386335 0.473969 0.014672 0.023204
5 0.393272 0.496472 0.014672 0.023204
5 0.361809 0.455381 0.014857 0.021683
5 0.346633 0.456422 0.014857 0.021683
5 0.408968 0.496472 0.014672 0.023204
5 0.424057 0.497903 0.014672 0.023204
5 0.439667 0.498424 0.014672 0.023204
5 0.377965 0.497699 0.014857 0.021683
5 0.401164 0.519259 0.014672 0.023204
5 0.416860 0.520147 0.014672 0.023204
5 0.370387 0.521182 0.014672 0.023204
5 0.385787 0.520591 0.014672 0.023204
5 0.378772 0.543081 0.014672 0.023204
5 0.394172 0.542489 0.014672 0.023204
5 0.409844 0.542045 0.014672 0.023204
5 0.403235 0.564092 0.014672 0.023204
5 0.418635 0.563500 0.014672 0.023204
5 0.434307 0.563056 0.014672 0.023204
5 0.332607 0.542933 0.014672 0.023204
5 0.347908 0.542785 0.014672 0.023204
5 0.363679 0.543377 0.014672 0.023204
5 0.308834 0.522366 0.014672 0.023204
5 0.324234 0.522218 0.014672 0.023204
5 0.339906 0.522070 0.014672 0.023204
5 0.331324 0.499728 0.014672 0.023204
5 0.347021 0.500024 0.014672 0.023204
5 0.362693 0.499876 0.014672 0.023204
5 0.286199 0.543615 0.014672 0.023204
5 0.301753 0.544045 0.014672 0.023204
5 0.317195 0.543319 0.014672 0.023204
5 0.293515 0.521756 0.014672 0.023204
5 0.277961 0.521327 0.014672 0.023204
5 0.269415 0.499154 0.014672 0.023204
5 0.284970 0.499583 0.014672 0.023204
5 0.300288 0.500193 0.014672 0.023204
5 0.315840 0.499500 0.014672 0.023204
5 0.276868 0.477529 0.014672 0.023204
5 0.292247 0.477059 0.014672 0.023204
5 0.307799 0.476366 0.014672 0.023204
5 0.278986 0.564611 0.014672 0.023204
5 0.294469 0.564184 0.014672 0.023204
5 0.309982 0.564315 0.014672 0.023204
5 0.325394 0.563929 0.014672 0.023204
5 0.340695 0.563781 0.014672 0.023204
5 0.270611 0.542831 0.014672 0.023204
5 0.286899 0.584966 0.014672 0.023204
5 0.302554 0.584776 0.014672 0.023204
5 0.318181 0.584390 0.014672 0.023204
5 0.333482 0.584242 0.014672 0.023204
5 0.356478 0.563781 0.014672 0.023204
5 0.262821 0.522153 0.014672 0.023204
5 0.254920 0.543106 0.014672 0.023204
5 0.261728 0.478080 0.014672 0.023204
5 0.254091 0.500393 0.014672 0.023204
5 0.247038 0.522290 0.014672 0.023204
5 0.239412 0.543519 0.014672 0.023204
5 0.246220 0.478768 0.014672 0.023204
5 0.223904 0.544208 0.014672 0.023204
5 0.231530 0.522979 0.014672 0.023204
5 0.238859 0.501356 0.014672 0.023204
5 0.222984 0.501632 0.014672 0.023204
5 0.215656 0.523254 0.014672 0.023204
5 0.208030 0.544483 0.014672 0.023204
5 0.200322 0.565542 0.014672 0.023204
5 0.216655 0.565817 0.014672 0.023204
5 0.232163 0.565129 0.014672 0.023204
5 0.247670 0.564716 0.014672 0.023204
5 0.208672 0.586050 0.014672 0.023204
5 0.224638 0.586188 0.014672 0.023204
5 0.240330 0.585775 0.014672 0.023204
5 0.255654 0.585225 0.014672 0.023204
5 0.247854 0.605596 0.014672 0.023204
5 0.263637 0.605596 0.014672 0.023204
5 0.279328 0.605182 0.014672 0.023204
5 0.295019 0.605045 0.014672 0.023204
5 0.310710 0.604770 0.014672 0.023204
5 0.255929 0.625691 0.014672 0.023204
5 0.287403 0.625278 0.014672 0.023204
5 0.303094 0.625141 0.014672 0.023204
5 0.318785 0.624865 0.014672 0.023204
5 0.271712 0.625691 0.014672 0.023204
5 0.342459 0.604770 0.014672 0.023204
5 0.224741 0.626825 0.014672 0.023204
5 0.240524 0.626825 0.014672 0.023204
5 0.216897 0.605986 0.014672 0.023204
5 0.232680 0.605986 0.014672 0.023204
5 0.184161 0.565258 0.014672 0.023204
5 0.191869 0.544199 0.014672 0.023204
5 0.199495 0.522970 0.014672 0.023204
5 0.160629 0.585389 0.014672 0.023204
5 0.176884 0.585672 0.014672 0.023204
5 0.193123 0.585947 0.014672 0.023204
5 0.168662 0.606086 0.014672 0.023204
5 0.184917 0.606369 0.014672 0.023204
5 0.201156 0.606645 0.014672 0.023204
5 0.177356 0.626500 0.014672 0.023204
5 0.193612 0.626783 0.014672 0.023204
5 0.209378 0.626491 0.014672 0.023204
5 0.217480 0.646378 0.014672 0.023204
5 0.232843 0.646712 0.014672 0.023204
5 0.248310 0.646238 0.014672 0.023204
5 0.264136 0.646051 0.014672 0.023204
5 0.280024 0.645735 0.014672 0.023204
5 0.209904 0.666422 0.014672 0.023204
5 0.225267 0.666756 0.014672 0.023204
5 0.240734 0.666282 0.014672 0.023204
5 0.256665 0.666884 0.014672 0.023204
5 0.272027 0.665937 0.014672 0.023204
5 0.295926 0.645480 0.014672 0.023204
5 0.288547 0.665779 0.014672 0.023204
5 0.202329 0.686624 0.014672 0.023204
5 0.217782 0.686413 0.014672 0.023204
5 0.233159 0.686484 0.014672 0.023204
5 0.194227 0.666580 0.014672 0.023204
5 0.185704 0.647009 0.014672 0.023204
5 0.160761 0.626500 0.014672 0.023204
5 0.152066 0.606086 0.014672 0.023204
5 0.154135 0.687805 0.014672 0.023204
5 0.169994 0.687103 0.014672 0.023204
5 0.186173 0.686620 0.014672 0.023204
5 0.162102 0.708056 0.014672 0.023204
5 0.177828 0.707165 0.014672 0.023204
5 0.193984 0.707169 0.014672 0.023204
5 0.226184 0.706761 0.014672 0.023204
5 0.257649 0.706621 0.014672 0.023204
5 0.241729 0.706550 0.014672 0.023204
5 0.218837 0.727033 0.014672 0.023204
5 0.234381 0.726823 0.014672 0.023204
5 0.250302 0.726894 0.014672 0.023204
5 0.210946 0.746898 0.014672 0.023204
5 0.226490 0.746688 0.014672 0.023204
5 0.242411 0.746758 0.014672 0.023204
5 0.266176 0.726758 0.014672 0.023204
5 0.258284 0.746622 0.014672 0.023204
5 0.572516 0.475786 0.014672 0.023204
5 0.557038 0.477387 0.014672 0.023204
5 0.603624 0.476358 0.014672 0.023204
5 0.588222 0.474300 0.014672 0.023204
5 0.580750 0.498317 0.014672 0.023204
5 0.595694 0.451998 0.014672 0.023204
5 0.564205 0.453027 0.014672 0.023204
5 0.635342 0.477959 0.014672 0.023204
5 0.619559 0.478188 0.014672 0.023204
5 0.643424 0.499461 0.014672 0.023204
5 0.611858 0.498889 0.014672 0.023204
5 0.627641 0.498660 0.014672 0.023204
5 0.595923 0.498317 0.014672 0.023204
5 0.635683 0.520080 0.014672 0.023204
5 0.651466 0.520880 0.014672 0.023204
5 0.611252 0.455944 0.014672 0.023204
5 0.665915 0.480134 0.014672 0.023204
5 0.658893 0.500309 0.014672 0.023204
5 0.673431 0.459730 0.014672 0.023204
5 0.689530 0.460234 0.014672 0.023204
5 0.674283 0.500427 0.014672 0.023204
5 0.681305 0.480252 0.014672 0.023204
5 0.705411 0.460158 0.014672 0.023204
5 0.697374 0.480551 0.014672 0.023204
5 0.689987 0.500662 0.014672 0.023204
5 0.657771 0.459415 0.014857 0.021871
5 0.627217 0.456583 0.014857 0.021871
5 0.681136 0.439769 0.014857 0.021871
5 0.697756 0.439382 0.014857 0.021871
5 0.720883 0.460544 0.014857 0.021871
5 0.664967 0.439479 0.014857 0.021871
5 0.713861 0.439576 0.014857 0.021871
5 0.728940 0.481418 0.014672 0.023204
5 0.713119 0.480499 0.014672 0.023204
5 0.705433 0.499939 0.014857 0.021871
5 0.735922 0.461040 0.014857 0.021871
5 0.744144 0.481418 0.014672 0.023204
5 0.751044 0.460172 0.014857 0.021871
5 0.759555 0.480252 0.014857 0.021871
5 0.767860 0.500754 0.014672 0.023204
5 0.752325 0.500878 0.014672 0.023204
5 0.784138 0.501126 0.014672 0.023204
5 0.775297 0.480551 0.014672 0.023204
5 0.782383 0.460017 0.014672 0.023204
5 0.766641 0.459718 0.014857 0.021871
5 0.806782 0.479584 0.014672 0.023204
5 0.791121 0.479890 0.014857 0.021871
5 0.815398 0.499152 0.014672 0.023204
5 0.799737 0.499457 0.014857 0.021871
5 0.798770 0.459477 0.014857 0.021871
5 0.814432 0.459171 0.014672 0.023204
5 0.806460 0.439000 0.014672 0.023204
5 0.790315 0.438097 0.014857 0.021871
5 0.774130 0.438339 0.014857 0.021871
5 0.757783 0.439185 0.014857 0.021871
5 0.847072 0.498009 0.014672 0.023204
5 0.839139 0.436108 0.014857 0.021871
5 0.831378 0.498677 0.014672 0.023204
5 0.823214 0.478431 0.014672 0.023204
5 0.838909 0.477763 0.014672 0.023204
5 0.831051 0.458186 0.014672 0.023204
5 0.847617 0.456701 0.014672 0.023204
5 0.822561 0.437777 0.014672 0.023204
5 0.855928 0.435475 0.014672 0.023204
5 0.814556 0.417931 0.014857 0.021683
5 0.847365 0.416496 0.014857 0.021683
5 0.865252 0.416496 0.014857 0.021683
5 0.782320 0.418792 0.014857 0.021683
5 0.798582 0.417788 0.014857 0.021683
5 0.748077 0.419223 0.014857 0.021683
5 0.765485 0.418792 0.014857 0.021683
5 0.830625 0.416640 0.014857 0.021683
5 0.863342 0.456305 0.014857 0.021683
5 0.872892 0.435647 0.014857 0.021683
5 0.879125 0.456154 0.014857 0.021683
5 0.870806 0.477123 0.014857 0.021871
5 0.855023 0.477274 0.014857 0.021871
5 0.862763 0.497179 0.014857 0.021871
5 0.878546 0.497028 0.014857 0.021871
5 0.886564 0.475003 0.014857 0.021683
5 0.823683 0.519171 0.014672 0.023204
5 0.894412 0.495293 0.014857 0.021871
5 0.908424 0.450769 0.014857 0.021683
5 0.901214 0.471573 0.014857 0.021871
5 0.916253 0.474149 0.014857 0.021871
5 0.924763 0.495197 0.014857 0.021871
5 0.909345 0.494153 0.014857 0.021871
5 0.948392 0.475310 0.014857 0.021871
5 0.932253 0.474672 0.014857 0.021871
5 0.940550 0.495505 0.014857 0.021871
5 0.933060 0.516030 0.014857 0.021871
5 0.948920 0.557427 0.014857 0.021871
5 0.933422 0.557834 0.014857 0.021871
5 0.940780 0.536754 0.014857 0.021871
5 0.925738 0.536306 0.014857 0.021871
5 0.909624 0.536795 0.014672 0.023204
5 0.917788 0.557041 0.014672 0.023204
5 0.971696 0.413775 0.014857 0.021871
5 0.988676 0.412578 0.014857 0.021871
5 0.979787 0.433004 0.014857 0.021871
5 0.994669 0.431808 0.010662 0.021871
5 0.946854 0.434372 0.014857 0.021871
5 0.963833 0.434799 0.014857 0.021871
5 0.939675 0.455140 0.014857 0.021871
5 0.955685 0.454457 0.014857 0.021871
5 0.929932 0.433175 0.014857 0.021871
5 0.988395 0.453154 0.014857 0.021871
5 0.980197 0.474295 0.014857 0.021871
5 0.964335 0.474905 0.014857 0.021871
5 0.971910 0.454508 0.014857 0.021871
5 0.998473 0.452412 0.003053 0.021871
5 0.994251 0.473553 0.011498 0.021871
5 0.987871 0.494867 0.014857 0.021871
5 0.998088 0.494125 0.003824 0.021871
5 0.980057 0.515829 0.014672 0.023204
5 0.994191 0.515462 0.011618 0.023204
5 0.972227 0.536017 0.014672 0.023204
5 0.994195 0.555833 0.011610 0.023204
5 0.972558 0.577435 0.014672 0.023204
5 0.988219 0.577068 0.014672 0.023204
5 0.998394 0.576150 0.003212 0.023204
5 0.186546 0.727169 0.014672 0.023204
5 0.178926 0.747306 0.014672 0.023204
5 0.162771 0.747302 0.014672 0.023204
5 0.170390 0.727166 0.014672 0.023204
5 0.218837 0.767035 0.014672 0.023204
5 0.250302 0.766895 0.014672 0.023204
5 0.234381 0.766824 0.014672 0.023204
5 0.266176 0.766759 0.014672 0.023204
5 0.273795 0.745942 0.014672 0.023204
5 0.281686 0.766079 0.014672 0.023204
5 0.211218 0.786899 0.014672 0.023204
5 0.226762 0.786689 0.014672 0.023204
5 0.242683 0.786760 0.014672 0.023204
5 0.258556 0.786623 0.014672 0.023204
5 0.274067 0.785943 0.014672 0.023204
5 0.171398 0.766627 0.014672 0.023204
5 0.186942 0.766416 0.014672 0.023204
5 0.179414 0.787097 0.014672 0.023204
5 0.187487 0.807098 0.014672 0.023204
5 0.203407 0.807168 0.014672 0.023204
5 0.219281 0.807032 0.014672 0.023204
5 0.234791 0.806352 0.014672 0.023204
5 0.171942 0.807308 0.014672 0.023204
5 0.274249 0.827305 0.014672 0.023204
5 0.265994 0.807577 0.014672 0.023204
5 0.281868 0.807440 0.014672 0.023204
5 0.289759 0.826625 0.014672 0.023204
5 0.179958 0.827098 0.014672 0.023204
5 0.195879 0.827169 0.014672 0.023204
5 0.211752 0.827033 0.014672 0.023204
5 0.411638 0.584316 0.014672 0.023204
5 0.427298 0.584114 0.014672 0.023204
5 0.396546 0.584612 0.014672 0.023204
5 0.442537 0.584321 0.014672 0.023204
5 0.572618 0.429353 0.014672 0.023204
5 0.580211 0.451352 0.014672 0.023204
5 0.516939 0.459920 0.014857 0.021871
