6 0.288684 0.686671 0.577367 0.626657
5 0.051714 0.443583 0.014672 0.023204
5 0.035818 0.443093 0.014672 0.023204
5 0.019649 0.443184 0.014672 0.023204
5 0.005569 0.442797 0.011138 0.023204
5 0.067043 0.488210 0.014672 0.023204
5 0.051147 0.487720 0.014672 0.023204
5 0.027268 0.464681 0.014672 0.023204
5 0.019131 0.487425 0.014672 0.023204
5 0.005259 0.488140 0.010518 0.023204
5 0.059152 0.465080 0.014672 0.023204
5 0.043256 0.464590 0.014672 0.023204
5 0.011757 0.464817 0.014672 0.023204
5 0.001623 0.464431 0.003247 0.023204
5 0.012328 0.419531 0.014672 0.023204
5 0.001948 0.420247 0.003896 0.023204
5 0.059856 0.422322 0.014672 0.023204
5 0.043961 0.421831 0.014672 0.023204
5 0.027792 0.421922 0.014672 0.023204
5 0.107808 0.420512 0.014672 0.023204
5 0.091912 0.420022 0.014672 0.023204
5 0.075743 0.421018 0.014672 0.023204
5 0.099565 0.442377 0.014672 0.023204
5 0.083368 0.443093 0.014672 0.023204
5 0.067601 0.443485 0.014672 0.023204
5 0.107406 0.464845 0.014672 0.023204
5 0.091209 0.465561 0.014672 0.023204
5 0.075341 0.465803 0.014672 0.023204
5 0.114946 0.487463 0.014672 0.023204
5 0.098748 0.488180 0.014672 0.023204
5 0.082881 0.488421 0.014672 0.023204
5 0.122686 0.509630 0.014672 0.023204
5 0.106489 0.510346 0.014672 0.023204
5 0.138570 0.510233 0.014672 0.023204
5 0.130829 0.488067 0.014672 0.023204
5 0.123289 0.465448 0.014672 0.023204
5 0.115448 0.442980 0.014672 0.023204
5 0.131533 0.443583 0.014672 0.023204
5 0.139374 0.466051 0.014672 0.023204
5 0.146913 0.487313 0.014672 0.023204
5 0.154654 0.509479 0.014672 0.023204
5 0.139950 0.422204 0.014672 0.023204
5 0.123866 0.421601 0.014672 0.023204
5 0.171803 0.421057 0.014672 0.023204
5 0.155718 0.420453 0.014672 0.023204
5 0.147779 0.443554 0.014672 0.023204
5 0.163959 0.443440 0.014672 0.023204
5 0.171707 0.465105 0.014672 0.023204
5 0.155527 0.465219 0.014672 0.023204
5 0.177733 0.532684 0.014672 0.023204
5 0.161553 0.532799 0.014672 0.023204
5 0.163275 0.487746 0.014672 0.023204
5 0.179455 0.487632 0.014672 0.023204
5 0.225867 0.532367 0.014893 0.026691
5 0.187742 0.465473 0.014672 0.023204
5 0.195583 0.486374 0.014672 0.023204
5 0.186833 0.509503 0.014893 0.025302
5 0.170538 0.510014 0.014893 0.025302
5 0.209574 0.532571 0.014672 0.023204
5 0.193702 0.532037 0.014672 0.023204
5 0.234485 0.509280 0.014672 0.023204
5 0.218614 0.508746 0.014672 0.023204
5 0.202645 0.509394 0.014672 0.023204
5 0.243699 0.485862 0.014672 0.023204
5 0.211773 0.486999 0.014672 0.023204
5 0.227742 0.486352 0.014672 0.023204
5 0.228009 0.443078 0.014672 0.023204
5 0.211975 0.442711 0.014672 0.023204
5 0.195880 0.443721 0.014672 0.023204
5 0.203543 0.465351 0.014672 0.023204
5 0.219723 0.465237 0.014672 0.023204
5 0.235850 0.463979 0.014672 0.023204
5 0.204126 0.421340 0.014672 0.023204
5 0.220161 0.421707 0.014672 0.023204
5 0.188002 0.421212 0.014672 0.023204
5 0.179756 0.443593 0.014672 0.023204
5 0.257713 0.529772 0.014672 0.023204
5 0.250716 0.508086 0.014672 0.023204
5 0.241429 0.531244 0.014672 0.023204
5 0.244155 0.442534 0.014672 0.023204
5 0.251996 0.463435 0.014672 0.023204
5 0.259300 0.485862 0.014672 0.023204
5 0.266499 0.508766 0.014672 0.023204
5 0.273574 0.531760 0.014672 0.023204
5 0.264154 0.554399 0.014672 0.023204
5 0.248414 0.554783 0.014672 0.023204
5 0.289085 0.530264 0.014672 0.023204
5 0.282010 0.507270 0.014672 0.023204
5 0.275537 0.485454 0.014672 0.023204
5 0.268232 0.463027 0.014672 0.023204
5 0.260885 0.441938 0.014672 0.023204
5 0.307313 0.482455 0.014672 0.023204
5 0.291813 0.482706 0.014672 0.023204
5 0.298380 0.505294 0.014672 0.023204
5 0.305455 0.528288 0.014672 0.023204
5 0.321071 0.528054 0.014672 0.023204
5 0.313996 0.505060 0.014672 0.023204
5 0.299527 0.459570 0.014672 0.023204
5 0.284237 0.461241 0.014672 0.023204
5 0.315309 0.459570 0.014672 0.023204
5 0.329989 0.506639 0.014672 0.023204
5 0.323096 0.482455 0.014672 0.023204
5 0.336959 0.528685 0.014672 0.023204
5 0.252595 0.421633 0.014857 0.021683
5 0.275680 0.441303 0.014857 0.021683
5 0.307560 0.438476 0.014857 0.021683
5 0.354909 0.444706 0.014857 0.021683
5 0.369757 0.446108 0.014857 0.021683
5 0.402153 0.447198 0.014857 0.021683
5 0.386059 0.446887 0.014857 0.021683
5 0.346810 0.463397 0.014857 0.021683
5 0.361658 0.464798 0.014857 0.021683
5 0.377960 0.467758 0.014857 0.021683
5 0.385125 0.489038 0.014672 0.023204
5 0.369132 0.487460 0.014672 0.023204
5 0.353516 0.486448 0.014672 0.023204
5 0.393121 0.511155 0.014672 0.023204
5 0.377127 0.509577 0.014672 0.023204
5 0.361512 0.508565 0.014672 0.023204
5 0.331131 0.460904 0.014857 0.021683
5 0.338460 0.484735 0.014672 0.023204
5 0.346144 0.507163 0.014672 0.023204
5 0.339437 0.439567 0.014857 0.021683
5 0.394677 0.425393 0.014857 0.021683
5 0.377441 0.425860 0.014857 0.021683
5 0.361346 0.424770 0.014857 0.021683
5 0.327901 0.553342 0.014893 0.026691
5 0.311580 0.552187 0.014893 0.026691
5 0.295797 0.553111 0.014893 0.026691
5 0.318740 0.576092 0.014893 0.026691
5 0.384489 0.531271 0.014672 0.023204
5 0.368601 0.530639 0.014672 0.023204
5 0.352985 0.530193 0.014672 0.023204
5 0.359803 0.552273 0.014672 0.023204
5 0.375691 0.552904 0.014672 0.023204
5 0.344187 0.551826 0.014672 0.023204
5 0.373938 0.597950 0.014672 0.023204
5 0.390098 0.597852 0.014672 0.023204
5 0.382947 0.575898 0.014672 0.023204
5 0.366439 0.576850 0.014672 0.023204
5 0.350551 0.576219 0.014672 0.023204
5 0.391807 0.553571 0.014672 0.023204
5 0.399063 0.576565 0.014672 0.023204
5 0.406770 0.597519 0.014672 0.023204
5 0.400717 0.532438 0.014672 0.023204
5 0.408034 0.554738 0.014672 0.023204
5 0.415958 0.576065 0.014672 0.023204
5 0.401353 0.490372 0.014672 0.023204
5 0.409459 0.511822 0.014672 0.023204
5 0.416944 0.533771 0.014672 0.023204
5 0.425916 0.471366 0.014672 0.023204
5 0.409800 0.469866 0.014672 0.023204
5 0.393807 0.468288 0.014672 0.023204
5 0.434146 0.451713 0.014857 0.021683
5 0.433519 0.493068 0.014857 0.021683
5 0.417217 0.492290 0.014857 0.021683
5 0.357243 0.598771 0.014672 0.023204
5 0.446820 0.619414 0.014672 0.023204
5 0.430148 0.619611 0.014672 0.023204
5 0.414080 0.619435 0.014672 0.023204
5 0.397658 0.619025 0.014672 0.023204
5 0.439211 0.598318 0.014672 0.023204
5 0.423053 0.597872 0.014672 0.023204
5 0.424165 0.555547 0.014672 0.023204
5 0.431669 0.576643 0.014672 0.023204
5 0.440920 0.513558 0.014672 0.023204
5 0.425002 0.513207 0.014672 0.023204
5 0.432914 0.534647 0.014672 0.023204
5 0.448615 0.535665 0.014672 0.023204
5 0.456046 0.556967 0.014672 0.023204
5 0.440126 0.556158 0.014672 0.023204
5 0.478984 0.578906 0.014672 0.023204
5 0.463485 0.578412 0.014672 0.023204
5 0.447523 0.577801 0.014672 0.023204
5 0.486349 0.600212 0.014672 0.023204
5 0.470850 0.599719 0.014672 0.023204
5 0.454889 0.599108 0.014672 0.023204
5 0.493609 0.620888 0.014672 0.023204
5 0.478215 0.621026 0.014672 0.023204
5 0.462254 0.620414 0.014672 0.023204
5 0.471724 0.557599 0.014672 0.023204
5 0.464398 0.536139 0.014672 0.023204
5 0.456913 0.514347 0.014672 0.023204
5 0.427106 0.430017 0.014857 0.021683
5 0.410733 0.427525 0.014857 0.021683
5 0.418611 0.449476 0.014857 0.021683
5 0.442668 0.431779 0.014857 0.021683
5 0.449683 0.452251 0.014857 0.021683
5 0.441657 0.472908 0.014857 0.021683
5 0.449178 0.493623 0.014857 0.021683
5 0.500394 0.641907 0.014672 0.023204
5 0.469450 0.641434 0.014672 0.023204
5 0.453606 0.640926 0.014672 0.023204
5 0.436934 0.640630 0.014672 0.023204
5 0.420865 0.640454 0.014672 0.023204
5 0.404443 0.640044 0.014672 0.023204
5 0.485000 0.642045 0.014672 0.023204
5 0.388085 0.640660 0.014672 0.023204
5 0.507793 0.662622 0.014672 0.023204
5 0.492399 0.662760 0.014672 0.023204
5 0.477013 0.662025 0.014672 0.023204
5 0.460922 0.662258 0.014672 0.023204
5 0.444743 0.661468 0.014672 0.023204
5 0.428016 0.660923 0.014672 0.023204
5 0.411102 0.661492 0.014672 0.023204
5 0.452057 0.682527 0.014672 0.023204
5 0.435122 0.682710 0.014672 0.023204
5 0.418395 0.682165 0.014672 0.023204
5 0.402129 0.682085 0.014672 0.023204
5 0.509793 0.579392 0.014672 0.023204
5 0.517158 0.600699 0.014672 0.023204
5 0.501659 0.600205 0.014672 0.023204
5 0.488803 0.514347 0.014672 0.023204
5 0.472918 0.514045 0.014672 0.023204
5 0.480613 0.536476 0.014672 0.023204
5 0.496288 0.536139 0.014672 0.023204
5 0.473453 0.471701 0.014672 0.023204
5 0.481231 0.492676 0.014672 0.023204
5 0.489343 0.471053 0.014672 0.023204
5 0.513882 0.492457 0.014672 0.023204
5 0.505451 0.513861 0.014672 0.023204
5 0.497775 0.491322 0.014672 0.023204
5 0.465574 0.450143 0.014857 0.021683
5 0.465448 0.492570 0.014672 0.023204
5 0.503019 0.557376 0.014672 0.023204
5 0.487344 0.557713 0.014672 0.023204
5 0.524883 0.621632 0.014672 0.023204
5 0.508969 0.621512 0.014672 0.023204
5 0.532775 0.642690 0.014672 0.023204
5 0.516860 0.642570 0.014672 0.023204
5 0.541663 0.580638 0.014672 0.023204
5 0.515865 0.683847 0.014672 0.023204
5 0.499837 0.683577 0.014672 0.023204
5 0.484088 0.682842 0.014672 0.023204
5 0.468359 0.683075 0.014672 0.023204
5 0.522850 0.704664 0.014672 0.023204
5 0.507450 0.704111 0.014672 0.023204
5 0.491072 0.703659 0.014672 0.023204
5 0.475344 0.703892 0.014672 0.023204
5 0.459042 0.703344 0.014672 0.023204
5 0.539422 0.705510 0.014672 0.023204
5 0.532437 0.684693 0.014672 0.023204
5 0.425672 0.703513 0.014672 0.023204
5 0.441974 0.704061 0.014672 0.023204
5 0.515004 0.725197 0.014672 0.023204
5 0.499275 0.724767 0.014672 0.023204
5 0.482898 0.724315 0.014672 0.023204
5 0.466038 0.724548 0.014672 0.023204
5 0.449735 0.724000 0.014672 0.023204
5 0.505962 0.745665 0.014672 0.023204
5 0.473856 0.744783 0.014672 0.023204
5 0.456995 0.745016 0.014672 0.023204
5 0.490233 0.745235 0.014672 0.023204
5 0.522402 0.746035 0.014672 0.023204
5 0.531280 0.725567 0.014672 0.023204
5 0.538678 0.746405 0.014672 0.023204
5 0.530342 0.766840 0.014672 0.023204
5 0.498172 0.766040 0.014672 0.023204
5 0.481795 0.765588 0.014672 0.023204
5 0.464935 0.765821 0.014672 0.023204
5 0.505633 0.786845 0.014672 0.023204
5 0.489256 0.786393 0.014672 0.023204
5 0.472396 0.786626 0.014672 0.023204
5 0.521828 0.787358 0.014672 0.023204
5 0.455465 0.786626 0.014672 0.023204
5 0.512359 0.807875 0.014672 0.023204
5 0.496164 0.807362 0.014672 0.023204
5 0.479786 0.806911 0.014672 0.023204
5 0.503176 0.827962 0.014672 0.023204
5 0.486981 0.827449 0.014672 0.023204
5 0.470603 0.826998 0.014672 0.023204
5 0.526850 0.848991 0.014672 0.023204
5 0.510655 0.848478 0.014672 0.023204
5 0.494278 0.848026 0.014672 0.023204
5 0.518402 0.869323 0.014672 0.023204
5 0.485829 0.868358 0.014672 0.023204
5 0.509727 0.888585 0.014672 0.023204
5 0.493349 0.888133 0.014672 0.023204
5 0.058494 0.509762 0.014672 0.023204
