6 0.286869 0.691525 0.573737 0.616951
5 0.003345 0.454856 0.006690 0.017756
5 0.023643 0.474415 0.012236 0.017756
5 0.016220 0.494276 0.012236 0.017756
5 0.003345 0.494576 0.006690 0.017756
5 0.045309 0.455758 0.012236 0.017756
5 0.061359 0.455758 0.012236 0.017756
5 0.061960 0.496383 0.012236 0.017756
5 0.069182 0.435594 0.012236 0.017756
5 0.053534 0.435895 0.012236 0.017756
5 0.107901 0.456359 0.012236 0.017756
5 0.100077 0.476522 0.012236 0.017756
5 0.114923 0.476522 0.012236 0.017756
5 0.122947 0.456662 0.012236 0.017756
5 0.154244 0.456662 0.012236 0.017756
5 0.184770 0.455966 0.014678 0.019413
5 0.221622 0.475971 0.013573 0.020123
5 0.236932 0.476207 0.014520 0.021544
5 0.243245 0.495739 0.014205 0.020360
5 0.229198 0.495739 0.014520 0.022254
5 0.213968 0.495265 0.014047 0.019886
5 0.190609 0.515625 0.014994 0.020360
5 0.168513 0.496330 0.014362 0.021070
5 0.214441 0.456203 0.013731 0.019413
5 0.199763 0.457031 0.015309 0.023438
5 0.243797 0.457505 0.014362 0.020597
5 0.273627 0.495384 0.014994 0.022017
5 0.258554 0.534683 0.015152 0.022017
5 0.310874 0.514915 0.014362 0.022254
5 0.333838 0.494081 0.014836 0.022727
5 0.244034 0.419034 0.013258 0.019413
5 0.250821 0.437263 0.014520 0.019886
5 0.207181 0.435843 0.012468 0.018939
5 0.394681 0.495384 0.013731 0.020597
5 0.468150 0.533499 0.014520 0.020123
5 0.476594 0.552557 0.013100 0.019886
5 0.491667 0.553030 0.016098 0.021780
5 0.523387 0.516077 0.012599 0.018026
5 0.514471 0.573355 0.012599 0.018026
5 0.506330 0.591380 0.012599 0.018026
5 0.490824 0.592543 0.012599 0.018026
5 0.484233 0.573063 0.012599 0.018026
5 0.537150 0.632086 0.012599 0.018026
5 0.528621 0.650694 0.012599 0.018026
5 0.529784 0.688781 0.012599 0.018026
5 0.521255 0.670755 0.012599 0.018026
5 0.498965 0.572190 0.012599 0.018026
5 0.514083 0.612022 0.012599 0.018026
5 0.521255 0.632083 0.012599 0.018026
5 0.506329 0.631212 0.012599 0.018026
5 0.490628 0.630921 0.012599 0.018026
5 0.416779 0.514863 0.013731 0.020597
5 0.401853 0.476484 0.013731 0.020597
5 0.485117 0.457031 0.013731 0.022017
5 0.378898 0.456913 0.014362 0.023201
5 0.319160 0.494200 0.014836 0.023438
5 0.326026 0.473722 0.013415 0.020833
5 0.334075 0.455492 0.013731 0.020360
