6 0.554006 0.659356 0.891988 0.681288
5 0.840153 0.418374 0.016136 0.025372
5 0.823403 0.417139 0.016136 0.025372
5 0.814524 0.390502 0.016136 0.025372
5 0.806103 0.413843 0.016136 0.025372
5 0.815164 0.439244 0.016136 0.025372
5 0.831915 0.442951 0.016136 0.025372
5 0.848483 0.443089 0.016136 0.025372
5 0.898735 0.441578 0.016136 0.025372
5 0.881252 0.442814 0.016136 0.025372
5 0.864868 0.441166 0.016136 0.025372
5 0.906973 0.417276 0.016136 0.025372
5 0.890131 0.417825 0.016136 0.025372
5 0.873106 0.414667 0.016136 0.025372
5 0.856721 0.416589 0.016136 0.025372
5 0.923265 0.413329 0.016136 0.025372
5 0.865240 0.390606 0.016136 0.025372
5 0.881955 0.389728 0.016136 0.025372
5 0.931544 0.439254 0.016136 0.025372
5 0.915046 0.440406 0.016136 0.025372
5 0.807731 0.468954 0.016135 0.025372
5 0.823971 0.468446 0.016136 0.025372
5 0.840219 0.468104 0.016136 0.025372
5 0.856795 0.466470 0.016135 0.025372
5 0.873563 0.465626 0.016136 0.025372
5 0.890471 0.465923 0.016136 0.025372
5 0.906973 0.465709 0.016136 0.025372
5 0.923472 0.464557 0.016135 0.025372
5 0.989266 0.461319 0.016136 0.025372
5 0.972836 0.462471 0.016136 0.025372
5 0.956457 0.463644 0.016136 0.025372
5 0.939803 0.463740 0.016136 0.025372
5 0.994744 0.438106 0.010512 0.025372
5 0.981127 0.437911 0.016136 0.025372
5 0.964747 0.439083 0.016136 0.025372
5 0.948093 0.439179 0.016135 0.025372
5 0.988851 0.414064 0.016136 0.025372
5 0.972214 0.413350 0.016136 0.025372
5 0.955628 0.411828 0.016135 0.025372
5 0.939250 0.412339 0.016136 0.025372
5 0.963435 0.389444 0.016136 0.025372
5 0.980712 0.388997 0.016136 0.025372
5 0.994675 0.389503 0.010650 0.025372
5 0.998510 0.415176 0.002980 0.025372
5 0.798449 0.438962 0.016135 0.025372
5 0.717085 0.448855 0.016136 0.025372
5 0.733362 0.445715 0.016135 0.025372
5 0.749674 0.445737 0.016135 0.025372
5 0.766154 0.443637 0.016136 0.025372
5 0.783240 0.443689 0.016135 0.025372
5 0.791760 0.469070 0.016136 0.025372
5 0.774905 0.469782 0.016136 0.025372
5 0.758592 0.469837 0.016136 0.025372
5 0.742168 0.469784 0.016135 0.025372
5 0.726104 0.471477 0.016136 0.025372
5 0.724910 0.422895 0.016136 0.025372
5 0.741557 0.422716 0.016136 0.025372
5 0.758037 0.420617 0.016136 0.025372
5 0.691908 0.423700 0.016135 0.025372
5 0.708556 0.423521 0.016136 0.025372
5 0.732577 0.400121 0.016136 0.025372
4 0.699440 0.401077 0.016448 0.028476
4 0.675255 0.423799 0.016318 0.032376
4 0.755113 0.383874 0.050963 0.058824
5 0.684283 0.448436 0.016136 0.025372
5 0.700930 0.449401 0.016136 0.025372
5 0.651111 0.448722 0.016136 0.025372
5 0.668045 0.449687 0.016136 0.025372
5 0.641579 0.421413 0.016136 0.025372
5 0.658704 0.425094 0.016135 0.025372
5 0.602140 0.450562 0.016136 0.025372
5 0.618357 0.446926 0.016136 0.025372
5 0.634800 0.448896 0.016136 0.025372
5 0.585828 0.449049 0.016136 0.025372
5 0.593630 0.425706 0.016136 0.025372
5 0.553127 0.446739 0.016136 0.025372
5 0.569557 0.447540 0.016136 0.025372
5 0.526943 0.419547 0.016136 0.025372
5 0.544715 0.420258 0.016136 0.025372
5 0.562962 0.474514 0.016136 0.025372
5 0.578854 0.475662 0.016136 0.025372
5 0.594817 0.474404 0.016136 0.025372
5 0.611513 0.473727 0.016136 0.025372
5 0.627347 0.472281 0.016135 0.025372
5 0.644216 0.474275 0.016136 0.025372
5 0.660588 0.473288 0.016135 0.025372
5 0.677040 0.472536 0.016136 0.025372
5 0.693819 0.472912 0.016136 0.025372
5 0.502643 0.443343 0.016136 0.025372
5 0.536023 0.445483 0.016136 0.025372
5 0.519359 0.443487 0.016136 0.025372
5 0.495965 0.470848 0.016135 0.025372
5 0.512680 0.471672 0.016136 0.025372
5 0.529345 0.472480 0.016136 0.025372
5 0.488494 0.494449 0.016136 0.025372
5 0.505210 0.495273 0.016135 0.025372
5 0.462982 0.471171 0.016136 0.025372
5 0.472119 0.495802 0.016136 0.026431
5 0.479590 0.471672 0.016136 0.025372
5 0.454602 0.449093 0.016136 0.025372
5 0.487585 0.448126 0.016135 0.025372
5 0.471210 0.447982 0.016135 0.025372
5 0.480755 0.518555 0.016136 0.026431
5 0.513846 0.518026 0.016136 0.025372
5 0.497130 0.517202 0.016136 0.025372
5 0.447872 0.518721 0.016136 0.026431
5 0.439600 0.497610 0.016136 0.026431
5 0.431101 0.475304 0.016136 0.025372
5 0.422356 0.452816 0.016135 0.025372
5 0.438326 0.448148 0.016136 0.025372
5 0.446706 0.471838 0.016136 0.025372
5 0.455610 0.494615 0.016136 0.025372
5 0.464247 0.517368 0.016136 0.025372
5 0.414867 0.475851 0.016135 0.025372
5 0.423731 0.498704 0.016136 0.026430
5 0.432002 0.519815 0.016136 0.026431
4 0.326484 0.433468 0.143875 0.114761
4 0.193512 0.496841 0.025355 0.031183
4 0.184921 0.442406 0.065851 0.052813
5 0.391300 0.499622 0.016136 0.025372
5 0.407884 0.499801 0.016136 0.026431
5 0.416236 0.521522 0.016135 0.026430
5 0.367395 0.521766 0.016136 0.026430
5 0.383405 0.521766 0.016136 0.026430
5 0.400006 0.521768 0.016136 0.026430
5 0.325869 0.500799 0.016136 0.026431
5 0.342365 0.500799 0.016136 0.026431
5 0.358183 0.499834 0.016136 0.026431
5 0.374446 0.498946 0.016136 0.026430
5 0.283610 0.479890 0.016135 0.026431
5 0.299998 0.478572 0.016136 0.026431
5 0.317462 0.478924 0.016136 0.026430
5 0.293083 0.501787 0.016136 0.026431
5 0.309559 0.501315 0.016136 0.026431
5 0.302193 0.523738 0.016136 0.026431
5 0.318148 0.523043 0.016136 0.026431
5 0.334979 0.522861 0.016136 0.026431
5 0.351476 0.522861 0.016136 0.026431
5 0.286424 0.523130 0.016136 0.026431
5 0.270030 0.523561 0.016136 0.026431
5 0.277395 0.501139 0.016136 0.026431
5 0.310878 0.545583 0.016136 0.026431
5 0.326834 0.544889 0.016136 0.026431
5 0.343664 0.544707 0.016136 0.026430
5 0.263186 0.546065 0.016136 0.026431
5 0.280019 0.546423 0.016136 0.026431
5 0.267029 0.477784 0.016136 0.026431
5 0.249145 0.476004 0.016135 0.026431
5 0.253711 0.522772 0.016136 0.026431
5 0.246868 0.545276 0.016135 0.026431
5 0.236465 0.522601 0.016136 0.026431
5 0.229622 0.545104 0.016135 0.026431
5 0.227713 0.500111 0.016136 0.026431
5 0.220347 0.522534 0.016136 0.026430
5 0.187236 0.563540 0.016136 0.026431
5 0.181068 0.585126 0.016135 0.026430
5 0.197743 0.585982 0.016136 0.026431
5 0.462362 0.424806 0.016136 0.025372
