6 0.291761 0.653172 0.583523 0.693655
5 0.004830 0.350260 0.009659 0.024384
5 0.019287 0.351681 0.016098 0.021544
5 0.029703 0.448153 0.019255 0.026515
5 0.014867 0.402344 0.014520 0.020123
5 0.004040 0.399384 0.008081 0.024621
5 0.044776 0.330966 0.015309 0.019413
5 0.054423 0.351089 0.017203 0.020360
5 0.083286 0.377131 0.014678 0.020360
5 0.063242 0.331676 0.014994 0.019413
5 0.144366 0.376894 0.013100 0.022254
5 0.115720 0.355469 0.017361 0.022491
5 0.141604 0.335346 0.015152 0.019650
5 0.150679 0.354167 0.014678 0.020360
5 0.167014 0.352273 0.014520 0.020360
5 0.158570 0.333925 0.014994 0.018703
5 0.173722 0.333925 0.016572 0.016335
5 0.169302 0.397727 0.014994 0.023674
5 0.221859 0.397964 0.019097 0.025095
5 0.213415 0.355114 0.013258 0.021780
5 0.205997 0.334991 0.013573 0.017045
5 0.244823 0.354640 0.015467 0.020360
5 0.261395 0.356652 0.013573 0.019176
5 0.277494 0.399740 0.013573 0.019650
5 0.335811 0.446970 0.012784 0.023201
5 0.349621 0.448745 0.012942 0.022491
5 0.363720 0.450422 0.015309 0.021780
5 0.403283 0.426728 0.013573 0.022491
5 0.410464 0.449337 0.014678 0.020360
5 0.402099 0.471709 0.013731 0.021070
5 0.386632 0.383759 0.015309 0.020360
5 0.455445 0.490767 0.014362 0.020833
5 0.463258 0.510772 0.016098 0.022017
5 0.470972 0.530323 0.016098 0.018703
5 0.503504 0.529474 0.017677 0.022017
5 0.510600 0.546658 0.014362 0.018229
5 0.521023 0.526160 0.014205 0.020123
5 0.511869 0.465199 0.013889 0.019413
5 0.519208 0.484848 0.014047 0.019413
5 0.535853 0.524013 0.013901 0.023451
5 0.471815 0.446334 0.014134 0.021929
5 0.440215 0.446733 0.017045 0.023674
5 0.430350 0.509470 0.014362 0.018466
5 0.462547 0.549716 0.017835 0.022254
5 0.495060 0.549124 0.014678 0.018703
5 0.486301 0.530303 0.015467 0.020360
5 0.495369 0.465978 0.014836 0.023201
5 0.487011 0.444721 0.013415 0.020123
5 0.519602 0.442472 0.012311 0.020360
5 0.493718 0.380800 0.012626 0.021070
5 0.501057 0.402936 0.013415 0.020833
5 0.433349 0.426018 0.014047 0.022491
5 0.324633 0.380919 0.013045 0.017519
5 0.408254 0.491714 0.013731 0.020833
5 0.511863 0.506866 0.015309 0.019413
