6 0.547121 0.652621 0.905758 0.694759
4 0.731299 0.415416 0.537402 0.159818
5 0.665760 0.398452 0.015103 0.023061
5 0.681622 0.397819 0.015103 0.023061
5 0.689040 0.375474 0.015103 0.023061
5 0.673178 0.376107 0.015103 0.023061
5 0.657136 0.375745 0.015103 0.023061
5 0.640189 0.376559 0.015104 0.023061
5 0.680335 0.352768 0.015547 0.023061
5 0.663770 0.353763 0.015104 0.023061
5 0.711897 0.352677 0.015103 0.023061
5 0.704479 0.374660 0.015103 0.023061
5 0.630961 0.354305 0.015104 0.023061
5 0.687291 0.330061 0.015103 0.023061
5 0.647366 0.353310 0.015103 0.023061
5 0.786649 0.326142 0.015547 0.023061
5 0.761694 0.349093 0.015103 0.023061
5 0.794910 0.348943 0.015104 0.023061
5 0.770084 0.327137 0.015103 0.023061
5 0.736185 0.329522 0.017224 0.026206
5 0.753480 0.328257 0.017224 0.026206
5 0.703564 0.329944 0.017224 0.026206
5 0.519313 0.355430 0.015104 0.023061
5 0.536360 0.355363 0.015103 0.023061
5 0.553390 0.355063 0.015103 0.023061
5 0.578944 0.378013 0.015104 0.023061
5 0.587425 0.355084 0.015104 0.023061
5 0.570679 0.356325 0.017224 0.026206
5 0.581012 0.332855 0.017224 0.026206
5 0.544921 0.375664 0.015104 0.023061
5 0.528134 0.376246 0.015103 0.023061
5 0.487335 0.355728 0.015103 0.023061
5 0.495325 0.332739 0.015748 0.026944
5 0.463074 0.379040 0.015104 0.023061
4 0.334646 0.405266 0.245079 0.142470
5 0.447360 0.379169 0.015103 0.023061
5 0.438468 0.352491 0.015104 0.023061
5 0.454786 0.354692 0.015104 0.023061
5 0.461865 0.328662 0.015104 0.023061
5 0.478183 0.330863 0.015103 0.023061
5 0.429661 0.330475 0.015103 0.023061
5 0.503998 0.401833 0.015104 0.023061
5 0.487076 0.402739 0.015104 0.023061
5 0.471621 0.402351 0.015104 0.023061
5 0.560700 0.422588 0.015104 0.023061
5 0.528040 0.423066 0.015104 0.023061
5 0.544818 0.422141 0.015103 0.023061
5 0.512159 0.423036 0.015104 0.023061
5 0.495997 0.423127 0.015103 0.023061
5 0.463620 0.423645 0.015103 0.023061
5 0.520211 0.444619 0.015104 0.023061
5 0.455791 0.445197 0.015103 0.023061
5 0.471993 0.445453 0.015104 0.023061
5 0.488155 0.445362 0.015103 0.023061
5 0.561243 0.465197 0.015103 0.023061
5 0.545180 0.466242 0.015104 0.023061
5 0.528402 0.467168 0.015103 0.023061
5 0.512521 0.467137 0.015103 0.023061
5 0.569656 0.487451 0.015104 0.023061
5 0.553503 0.487411 0.015103 0.023061
5 0.537358 0.487930 0.015104 0.023061
5 0.520844 0.488306 0.015103 0.023061
5 0.464122 0.467815 0.015103 0.023061
5 0.480366 0.467575 0.015104 0.023061
5 0.496691 0.467328 0.015104 0.023061
5 0.447386 0.466866 0.015104 0.023061
5 0.439145 0.445740 0.015103 0.023061
5 0.602081 0.444346 0.015103 0.023061
5 0.593650 0.466172 0.015103 0.023061
5 0.569186 0.443828 0.015103 0.023061
5 0.415091 0.468358 0.015104 0.023061
5 0.423495 0.446690 0.015103 0.023061
5 0.430962 0.424866 0.015104 0.023061
5 0.431365 0.467451 0.015103 0.023061
5 0.504738 0.488596 0.015104 0.023061
5 0.488565 0.489130 0.015104 0.023061
5 0.472240 0.489377 0.015104 0.023061
5 0.439604 0.488325 0.015104 0.023061
5 0.423583 0.488910 0.015103 0.023061
5 0.407308 0.489817 0.015104 0.023061
5 0.323830 0.357034 0.015104 0.023061
5 0.339480 0.355442 0.015104 0.023061
5 0.355341 0.354792 0.015103 0.023061
5 0.330922 0.334152 0.015103 0.023061
5 0.264355 0.335682 0.015104 0.023061
5 0.267316 0.423137 0.015103 0.023061
5 0.251666 0.424728 0.015103 0.023061
5 0.334035 0.469227 0.015104 0.023061
5 0.350309 0.468320 0.015104 0.023061
5 0.366330 0.467734 0.015104 0.023061
5 0.382487 0.468467 0.015104 0.023061
5 0.399165 0.469095 0.015104 0.023061
5 0.391102 0.488946 0.015104 0.023061
5 0.375023 0.489016 0.015104 0.023061
5 0.358800 0.489481 0.015104 0.023061
5 0.341914 0.490465 0.015103 0.023061
5 0.284822 0.469717 0.015104 0.023061
5 0.293682 0.489812 0.015103 0.023061
5 0.309587 0.489971 0.015104 0.023061
5 0.301315 0.468646 0.015104 0.023061
5 0.270055 0.510880 0.015104 0.023061
5 0.261413 0.489805 0.015103 0.023061
5 0.277688 0.489714 0.015104 0.023061
5 0.285961 0.511038 0.015104 0.023061
5 0.245299 0.489151 0.015103 0.023061
5 0.318188 0.511855 0.015103 0.023061
5 0.302283 0.511696 0.015103 0.023061
5 0.251655 0.467601 0.015104 0.023061
5 0.260485 0.446109 0.015103 0.023061
5 0.254100 0.510435 0.015104 0.023061
5 0.310443 0.533364 0.015103 0.023061
5 0.577958 0.509484 0.015104 0.023061
5 0.529145 0.510338 0.015104 0.023061
5 0.513539 0.509880 0.015104 0.023061
5 0.497366 0.510414 0.015103 0.023061
5 0.545285 0.510150 0.015104 0.023061
5 0.561804 0.509444 0.015103 0.023061
5 0.481041 0.510661 0.015103 0.023061
5 0.448405 0.509845 0.015103 0.023061
5 0.432384 0.510193 0.015104 0.023061
5 0.416109 0.511101 0.015103 0.023061
5 0.399903 0.510230 0.015103 0.023061
5 0.383824 0.510300 0.015103 0.023061
5 0.367601 0.510764 0.015103 0.023061
5 0.351031 0.511749 0.015103 0.023061
5 0.464493 0.511264 0.015104 0.023061
5 0.334942 0.511985 0.015104 0.023061
5 0.569848 0.530501 0.015103 0.023061
5 0.586002 0.530542 0.015104 0.023061
5 0.553329 0.531207 0.015103 0.023061
5 0.537189 0.531396 0.015103 0.023061
5 0.521583 0.530937 0.015103 0.023061
5 0.505410 0.531471 0.015103 0.023061
5 0.472538 0.532322 0.015103 0.023061
5 0.424153 0.532158 0.015103 0.023061
5 0.359075 0.532806 0.015104 0.023061
5 0.342986 0.533043 0.015103 0.023061
5 0.407948 0.531287 0.015103 0.023061
5 0.440428 0.531251 0.015103 0.023061
5 0.489085 0.531718 0.015103 0.023061
5 0.456765 0.532558 0.015103 0.023061
5 0.375645 0.531822 0.015103 0.023061
5 0.391868 0.531357 0.015103 0.023061
5 0.326799 0.532791 0.015104 0.023061
5 0.772203 0.506879 0.015103 0.023061
5 0.756049 0.506838 0.015103 0.023061
5 0.739530 0.507544 0.015103 0.023061
5 0.691451 0.507089 0.015103 0.023061
5 0.675126 0.507097 0.015103 0.023061
5 0.723390 0.507733 0.015104 0.023061
5 0.707784 0.507274 0.015104 0.023061
5 0.683330 0.529113 0.015103 0.023061
5 0.715828 0.528331 0.015103 0.023061
5 0.731434 0.528791 0.015103 0.023061
5 0.747734 0.529081 0.015103 0.023061
5 0.764413 0.528615 0.015103 0.023061
5 0.699656 0.528866 0.015103 0.023061
5 0.666783 0.529716 0.015104 0.023061
5 0.731061 0.485974 0.015104 0.023061
5 0.715241 0.485444 0.015104 0.023061
5 0.698836 0.484985 0.015103 0.023061
5 0.682983 0.484800 0.015104 0.023061
5 0.666817 0.486725 0.015103 0.023061
5 0.747261 0.486227 0.015104 0.023061
5 0.689853 0.463229 0.015104 0.023061
5 0.705707 0.463414 0.015103 0.023061
5 0.626101 0.465866 0.015103 0.023061
5 0.634569 0.486957 0.015104 0.023061
5 0.618244 0.486964 0.015104 0.023061
5 0.651277 0.486389 0.015103 0.023061
5 0.602231 0.487055 0.015103 0.023061
5 0.642489 0.507720 0.015103 0.023061
5 0.609456 0.508295 0.015103 0.023061
5 0.593443 0.508386 0.015104 0.023061
5 0.625781 0.508288 0.015103 0.023061
5 0.651117 0.530009 0.015103 0.023061
5 0.634889 0.530098 0.015103 0.023061
5 0.618563 0.530105 0.015103 0.023061
5 0.585800 0.487414 0.015103 0.023061
5 0.894627 0.348373 0.015103 0.023061
5 0.878602 0.349187 0.015103 0.023061
5 0.862155 0.348942 0.015103 0.023061
5 0.887157 0.370783 0.015104 0.023061
5 0.871132 0.371597 0.015104 0.023061
5 0.895006 0.393786 0.015104 0.023061
5 0.886571 0.325305 0.015104 0.023061
5 0.870546 0.326119 0.015104 0.023061
5 0.854099 0.325874 0.015103 0.023061
5 0.937541 0.327941 0.015104 0.023061
5 0.919905 0.328316 0.015103 0.023061
5 0.903458 0.328070 0.015103 0.023061
5 0.963173 0.349472 0.015103 0.023061
5 0.946269 0.349627 0.015103 0.023061
5 0.928357 0.349821 0.015104 0.023061
5 0.954297 0.370830 0.015103 0.023061
5 0.997433 0.458981 0.005133 0.023061
5 0.993049 0.481362 0.013902 0.023061
5 0.960837 0.482808 0.015103 0.023061
5 0.976674 0.482808 0.015104 0.023061
5 0.997098 0.503087 0.005804 0.023061
5 0.854474 0.506233 0.015103 0.023061
5 0.837955 0.506939 0.015103 0.023061
5 0.821815 0.507128 0.015104 0.023061
5 0.870628 0.506274 0.015103 0.023061
5 0.806209 0.506669 0.015104 0.023061
5 0.934902 0.505155 0.015103 0.023061
5 0.918749 0.505115 0.015103 0.023061
5 0.903572 0.505597 0.015103 0.023061
5 0.887432 0.505786 0.015103 0.023061
5 0.878931 0.485206 0.015104 0.023061
5 0.879394 0.527686 0.015104 0.023061
5 0.895534 0.527497 0.015103 0.023061
5 0.911367 0.526523 0.015103 0.023061
5 0.927520 0.526563 0.015103 0.023061
5 0.976585 0.525870 0.015103 0.023061
5 0.935723 0.547970 0.015104 0.023061
5 0.919569 0.547930 0.015103 0.023061
5 0.903736 0.548904 0.015104 0.023061
5 0.887596 0.549093 0.015103 0.023061
5 0.992629 0.568640 0.014743 0.023061
5 0.976163 0.568107 0.015103 0.023061
5 0.959838 0.569081 0.015104 0.023061
5 0.943698 0.569270 0.015103 0.023061
5 0.996812 0.590539 0.006376 0.023061
5 0.984530 0.590007 0.015103 0.023061
5 0.952541 0.590560 0.015103 0.023061
5 0.968327 0.547858 0.015104 0.023061
5 0.927479 0.569009 0.015104 0.023061
5 0.911326 0.568968 0.015103 0.023061
5 0.895493 0.569943 0.015104 0.023061
5 0.935824 0.590678 0.015103 0.023061
5 0.919605 0.590416 0.015104 0.023061
5 0.903452 0.590376 0.015103 0.023061
5 0.992795 0.611968 0.014410 0.023061
5 0.976424 0.612085 0.015103 0.023061
5 0.960206 0.611824 0.015104 0.023061
5 0.944052 0.611783 0.015103 0.023061
5 0.996370 0.632385 0.007259 0.023061
5 0.952224 0.459170 0.015104 0.023061
5 0.195775 0.445234 0.015103 0.023061
5 0.228164 0.445796 0.015103 0.023061
5 0.244157 0.447296 0.015103 0.023061
5 0.211889 0.445887 0.015103 0.023061
5 0.236059 0.468788 0.015103 0.023061
5 0.219910 0.467755 0.015104 0.023061
5 0.203635 0.467846 0.015104 0.023061
5 0.187521 0.467192 0.015103 0.023061
5 0.229207 0.489812 0.015103 0.023061
5 0.212746 0.489013 0.015104 0.023061
5 0.196471 0.489104 0.015103 0.023061
5 0.237513 0.510643 0.015104 0.023061
5 0.204959 0.510505 0.015103 0.023061
5 0.188685 0.510595 0.015103 0.023061
5 0.221109 0.511070 0.015104 0.023061
5 0.262497 0.532247 0.015104 0.023061
5 0.278275 0.532214 0.015103 0.023061
5 0.294853 0.533064 0.015104 0.023061
5 0.230083 0.531818 0.015104 0.023061
5 0.213935 0.531861 0.015103 0.023061
5 0.197017 0.531295 0.015104 0.023061
5 0.246414 0.532187 0.015104 0.023061
5 0.180742 0.531386 0.015104 0.023061
5 0.169400 0.467043 0.015103 0.023061
5 0.162237 0.488301 0.015104 0.023061
5 0.171126 0.509502 0.015103 0.023061
5 0.160842 0.444176 0.015104 0.023061
5 0.178027 0.444726 0.015103 0.023061
5 0.152550 0.464837 0.015103 0.023061
5 0.185917 0.421858 0.015103 0.023061
5 0.203665 0.422366 0.015104 0.023061
5 0.219779 0.424624 0.015103 0.023061
5 0.194638 0.399148 0.015104 0.023061
5 0.136490 0.508699 0.015103 0.023061
5 0.153915 0.509392 0.015103 0.023061
5 0.163236 0.531166 0.015103 0.023061
5 0.146560 0.531859 0.015104 0.023061
5 0.138670 0.552921 0.015104 0.023061
5 0.319284 0.554609 0.015103 0.023061
5 0.756898 0.550433 0.015103 0.023061
5 0.740219 0.550899 0.015103 0.023061
5 0.692140 0.550684 0.015103 0.023061
5 0.708313 0.550150 0.015103 0.023061
5 0.723919 0.550609 0.015103 0.023061
5 0.675815 0.550931 0.015103 0.023061
5 0.659268 0.551535 0.015104 0.023061
5 0.643602 0.551828 0.015103 0.023061
5 0.627374 0.551916 0.015103 0.023061
5 0.611048 0.551924 0.015103 0.023061
5 0.578487 0.552360 0.015103 0.023061
5 0.514068 0.552755 0.015103 0.023061
5 0.545676 0.552403 0.015103 0.023061
5 0.529674 0.552799 0.015103 0.023061
5 0.562333 0.552320 0.015104 0.023061
5 0.497895 0.553289 0.015103 0.023061
5 0.481570 0.553537 0.015104 0.023061
5 0.465023 0.554140 0.015103 0.023061
5 0.416638 0.553977 0.015103 0.023061
5 0.449249 0.554377 0.015104 0.023061
5 0.270539 0.553460 0.015104 0.023061
5 0.432913 0.553069 0.015103 0.023061
5 0.368130 0.553640 0.015103 0.023061
5 0.384353 0.553176 0.015104 0.023061
5 0.351560 0.554624 0.015104 0.023061
5 0.335471 0.554861 0.015103 0.023061
5 0.255397 0.554172 0.015103 0.023061
5 0.302928 0.555183 0.015103 0.023061
5 0.593792 0.552164 0.015104 0.023061
5 0.838638 0.549372 0.015104 0.023061
5 0.854627 0.549098 0.015103 0.023061
5 0.870625 0.548438 0.015104 0.023061
5 0.822498 0.549560 0.015103 0.023061
5 0.846581 0.527880 0.015103 0.023061
5 0.814343 0.528114 0.015104 0.023061
5 0.797892 0.528770 0.015103 0.023061
5 0.780916 0.529003 0.015104 0.023061
5 0.772662 0.550261 0.015103 0.023061
5 0.789638 0.550028 0.015104 0.023061
5 0.846684 0.570823 0.015104 0.023061
5 0.830696 0.571097 0.015103 0.023061
5 0.814555 0.571286 0.015104 0.023061
5 0.798203 0.571986 0.015104 0.023061
5 0.781228 0.572220 0.015104 0.023061
5 0.765463 0.572392 0.015103 0.023061
5 0.749111 0.571925 0.015104 0.023061
5 0.716132 0.572101 0.015104 0.023061
5 0.700215 0.572342 0.015104 0.023061
5 0.684198 0.572643 0.015104 0.023061
5 0.667872 0.572890 0.015104 0.023061
5 0.651325 0.573493 0.015103 0.023061
5 0.870979 0.591847 0.015103 0.023061
5 0.854212 0.591887 0.015103 0.023061
5 0.838072 0.592076 0.015103 0.023061
5 0.911239 0.612568 0.015103 0.023061
5 0.830285 0.613568 0.015104 0.023061
5 0.813932 0.614269 0.015104 0.023061
5 0.798058 0.614974 0.015103 0.023061
5 0.781664 0.613967 0.015103 0.023061
5 0.764840 0.614207 0.015104 0.023061
5 0.806464 0.593279 0.015103 0.023061
5 0.740942 0.593566 0.015103 0.023061
5 0.757336 0.593866 0.015103 0.023061
5 0.724511 0.593807 0.015104 0.023061
5 0.708317 0.593486 0.015104 0.023061
5 0.691872 0.594044 0.015103 0.023061
5 0.676383 0.594028 0.015103 0.023061
5 0.660058 0.594275 0.015103 0.023061
5 0.643510 0.594879 0.015104 0.023061
5 0.733382 0.615192 0.015103 0.023061
5 0.717188 0.614871 0.015103 0.023061
5 0.700743 0.615430 0.015104 0.023061
5 0.668674 0.616205 0.015104 0.023061
5 0.652348 0.616453 0.015104 0.023061
5 0.635801 0.617056 0.015103 0.023061
5 0.619481 0.573156 0.015103 0.023061
5 0.603156 0.573164 0.015103 0.023061
5 0.585899 0.573404 0.015103 0.023061
5 0.570594 0.573600 0.015104 0.023061
5 0.554440 0.573560 0.015103 0.023061
5 0.537783 0.573644 0.015104 0.023061
5 0.521781 0.574040 0.015104 0.023061
5 0.506176 0.573995 0.015104 0.023061
5 0.490003 0.574530 0.015103 0.023061
5 0.473677 0.574777 0.015103 0.023061
5 0.457130 0.575380 0.015104 0.023061
5 0.441357 0.575617 0.015103 0.023061
5 0.425020 0.574310 0.015104 0.023061
5 0.408746 0.575217 0.015103 0.023061
5 0.376803 0.575046 0.015104 0.023061
5 0.392883 0.574976 0.015104 0.023061
5 0.344010 0.576495 0.015103 0.023061
5 0.360580 0.575510 0.015104 0.023061
5 0.327921 0.576731 0.015104 0.023061
5 0.311734 0.576480 0.015103 0.023061
5 0.294918 0.575673 0.015104 0.023061
5 0.278868 0.575200 0.015103 0.023061
5 0.230439 0.573833 0.015103 0.023061
5 0.238923 0.552307 0.015104 0.023061
5 0.222149 0.552343 0.015104 0.023061
5 0.206001 0.552385 0.015103 0.023061
5 0.131050 0.574136 0.015103 0.023061
5 0.147726 0.573444 0.015104 0.023061
5 0.165233 0.573664 0.015104 0.023061
5 0.182701 0.574021 0.015103 0.023061
5 0.198426 0.574139 0.015104 0.023061
5 0.214573 0.574096 0.015103 0.023061
