6 0.544414 0.644500 0.911171 0.710999
5 0.774687 0.380194 0.015103 0.023061
5 0.757934 0.379605 0.015103 0.023061
5 0.750343 0.357420 0.015103 0.023061
5 0.767096 0.358009 0.015103 0.023061
5 0.799032 0.357616 0.015103 0.023061
5 0.782802 0.357812 0.015103 0.023061
5 0.790263 0.379801 0.015103 0.023061
5 0.806623 0.379801 0.015103 0.023061
5 0.749819 0.401004 0.015103 0.023061
5 0.766573 0.401593 0.015103 0.023061
5 0.782148 0.401200 0.015103 0.023061
5 0.798508 0.401200 0.015103 0.023061
5 0.708722 0.422600 0.015103 0.023061
5 0.725344 0.422207 0.015103 0.023061
5 0.741443 0.422207 0.015103 0.023061
5 0.757803 0.422207 0.015103 0.023061
5 0.716706 0.443607 0.015103 0.023061
5 0.749427 0.443214 0.015103 0.023061
5 0.717491 0.400612 0.015103 0.023061
5 0.700738 0.354671 0.015103 0.023061
5 0.717491 0.355260 0.015103 0.023061
5 0.726129 0.378819 0.015103 0.023061
5 0.734113 0.400612 0.015103 0.023061
5 0.709376 0.378230 0.015103 0.023061
5 0.733721 0.355653 0.015103 0.023061
5 0.742359 0.379212 0.015103 0.023061
5 0.709177 0.331257 0.015103 0.023061
5 0.726260 0.332290 0.015103 0.023061
5 0.742882 0.334057 0.015103 0.023061
5 0.759243 0.335038 0.015103 0.023061
5 0.692623 0.329149 0.015103 0.023061
5 0.684770 0.307553 0.015103 0.023061
5 0.701261 0.307553 0.015103 0.023061
5 0.718538 0.309320 0.015103 0.023061
5 0.735160 0.311086 0.015103 0.023061
5 0.751390 0.311086 0.015103 0.023061
5 0.768143 0.311872 0.015103 0.023061
5 0.774949 0.336805 0.015103 0.023061
5 0.792095 0.335627 0.015103 0.023061
5 0.809241 0.334646 0.015103 0.023061
5 0.784242 0.313246 0.015103 0.023061
5 0.801257 0.312853 0.015103 0.023061
5 0.818534 0.313442 0.015103 0.023061
5 0.836988 0.313639 0.015103 0.023061
5 0.827172 0.335038 0.015103 0.023061
5 0.846150 0.358990 0.015103 0.023061
5 0.815916 0.357027 0.015103 0.023061
5 0.823246 0.379408 0.015103 0.023061
5 0.854265 0.378230 0.015103 0.023061
5 0.862380 0.401397 0.015103 0.023061
5 0.846020 0.401397 0.015103 0.023061
5 0.838559 0.423189 0.015103 0.023061
5 0.822068 0.423189 0.015103 0.023061
5 0.805707 0.423189 0.015103 0.023061
5 0.790132 0.423582 0.015103 0.023061
5 0.854396 0.422600 0.015103 0.023061
5 0.781624 0.445178 0.015103 0.023061
5 0.797330 0.444785 0.015103 0.023061
5 0.813691 0.444785 0.015103 0.023061
5 0.830183 0.445178 0.015103 0.023061
5 0.846020 0.444589 0.015103 0.023061
5 0.642841 0.328508 0.015103 0.023061
5 0.650672 0.352538 0.015103 0.023061
5 0.659595 0.376737 0.015103 0.023061
5 0.667709 0.399971 0.015103 0.023061
5 0.684332 0.399971 0.015103 0.023061
5 0.700038 0.400364 0.015103 0.023061
5 0.692577 0.377718 0.015103 0.023061
5 0.676479 0.331650 0.015103 0.023061
5 0.659253 0.329550 0.015103 0.023061
5 0.676348 0.377326 0.015103 0.023061
5 0.683655 0.353519 0.015103 0.023061
5 0.667425 0.353127 0.015103 0.023061
5 0.659887 0.422160 0.015103 0.023061
5 0.676509 0.422160 0.015103 0.023061
5 0.692215 0.422552 0.015103 0.023061
5 0.600748 0.349977 0.015103 0.023061
5 0.617501 0.350566 0.015103 0.023061
5 0.634120 0.350862 0.015103 0.023061
5 0.626230 0.328505 0.015103 0.023061
5 0.609330 0.326990 0.015103 0.023061
5 0.635118 0.306081 0.015103 0.023061
5 0.651801 0.305525 0.015103 0.023061
5 0.668213 0.306567 0.015103 0.023061
5 0.599991 0.305428 0.015103 0.023061
5 0.618026 0.306080 0.015103 0.023061
5 0.584734 0.349836 0.015103 0.023061
5 0.593759 0.372722 0.015103 0.023061
5 0.609772 0.372863 0.015103 0.023061
5 0.626006 0.372673 0.015103 0.023061
5 0.643145 0.375695 0.015103 0.023061
4 0.345349 0.407480 0.477608 0.239911
5 0.577052 0.372481 0.015103 0.023061
5 0.569391 0.397218 0.015103 0.023061
5 0.585578 0.397263 0.015103 0.023061
5 0.601527 0.397112 0.015103 0.023061
5 0.618345 0.398480 0.015103 0.023061
5 0.634770 0.398873 0.015103 0.023061
5 0.651219 0.399915 0.015103 0.023061
5 0.552965 0.394491 0.015103 0.023061
5 0.545371 0.419384 0.015103 0.023061
5 0.561170 0.418820 0.015103 0.023061
5 0.576965 0.421451 0.015103 0.023061
5 0.592992 0.419890 0.015103 0.023061
5 0.609811 0.421258 0.015103 0.023061
5 0.626235 0.421651 0.015103 0.023061
5 0.642685 0.422692 0.015103 0.023061
5 0.503852 0.393002 0.015103 0.023061
5 0.520972 0.395580 0.015103 0.023061
5 0.537556 0.395477 0.015103 0.023061
5 0.480337 0.416815 0.015103 0.023061
5 0.497060 0.418351 0.015103 0.023061
5 0.513644 0.418248 0.015103 0.023061
5 0.529847 0.418899 0.015103 0.023061
5 0.472171 0.440649 0.015103 0.023061
5 0.489226 0.441192 0.015103 0.023061
5 0.505810 0.441089 0.015103 0.023061
5 0.522013 0.441739 0.015103 0.023061
5 0.537536 0.442225 0.015103 0.023061
5 0.553887 0.442488 0.015103 0.023061
5 0.569131 0.442471 0.015103 0.023061
5 0.585158 0.442731 0.015103 0.023061
5 0.634090 0.443938 0.015103 0.023061
5 0.650350 0.443844 0.015103 0.023061
5 0.667122 0.443454 0.015103 0.023061
5 0.683134 0.443454 0.015103 0.023061
5 0.609200 0.464664 0.015103 0.023061
5 0.625460 0.464570 0.015103 0.023061
5 0.699622 0.526359 0.015103 0.023061
5 0.707945 0.506616 0.015103 0.023061
5 0.716793 0.485375 0.015103 0.023061
5 0.691559 0.506536 0.015103 0.023061
5 0.657959 0.506432 0.015103 0.023061
5 0.633747 0.485020 0.015103 0.023061
5 0.944169 0.402726 0.015103 0.023061
5 0.927656 0.402706 0.015103 0.023061
5 0.911164 0.402706 0.015103 0.023061
5 0.894804 0.402706 0.015103 0.023061
5 0.878958 0.402491 0.015103 0.023061
5 0.886799 0.423987 0.015103 0.023061
5 0.903051 0.424203 0.015103 0.023061
5 0.927118 0.446308 0.015103 0.023061
5 0.943609 0.446714 0.015103 0.023061
5 0.960122 0.446733 0.015103 0.023061
5 0.886287 0.465980 0.015103 0.023061
5 0.952281 0.424831 0.015103 0.023061
5 0.919276 0.424406 0.015103 0.023061
5 0.935497 0.425420 0.015103 0.023061
5 0.951724 0.467805 0.015103 0.023061
5 0.968215 0.468211 0.015103 0.023061
5 0.984864 0.468636 0.015103 0.023061
5 0.976481 0.447544 0.015103 0.023061
5 0.984728 0.426859 0.015103 0.023061
5 0.953092 0.381026 0.015103 0.023061
5 0.936579 0.380601 0.015103 0.023061
5 0.920087 0.380601 0.015103 0.023061
5 0.887369 0.379790 0.015103 0.023061
5 0.878417 0.356252 0.015103 0.023061
5 0.887908 0.335174 0.015103 0.023061
5 0.895054 0.357099 0.017963 0.023991
5 0.905303 0.335628 0.015103 0.023061
5 0.992855 0.405579 0.014289 0.023061
5 0.976630 0.403776 0.015103 0.023061
5 0.960496 0.401637 0.015103 0.023061
5 0.996778 0.381686 0.006444 0.023061
5 0.984476 0.382201 0.015103 0.023061
5 0.374314 0.439356 0.015103 0.023061
5 0.390145 0.439716 0.015103 0.023061
5 0.406239 0.438511 0.015103 0.023061
5 0.438945 0.440748 0.015103 0.023061
5 0.455663 0.441012 0.015103 0.023061
5 0.421830 0.439712 0.015103 0.023061
5 0.366724 0.461024 0.015103 0.023061
5 0.382555 0.461384 0.015103 0.023061
5 0.398282 0.461832 0.015103 0.023061
5 0.415097 0.461380 0.015103 0.023061
5 0.430620 0.462049 0.015103 0.023061
5 0.447338 0.462312 0.015103 0.023061
5 0.464110 0.418609 0.015103 0.023061
5 0.447392 0.418346 0.015103 0.023061
5 0.430277 0.417309 0.015103 0.023061
5 0.414686 0.416108 0.015103 0.023061
5 0.453826 0.395472 0.015103 0.023061
5 0.436986 0.394290 0.015103 0.023061
5 0.349804 0.462015 0.015103 0.023061
5 0.358006 0.439429 0.015103 0.023061
5 0.366453 0.417026 0.015103 0.023061
5 0.342091 0.482949 0.015103 0.023061
5 0.374842 0.482318 0.015103 0.023061
5 0.390569 0.482765 0.015103 0.023061
5 0.407384 0.482314 0.015103 0.023061
5 0.422908 0.482983 0.015103 0.023061
5 0.358645 0.483060 0.015103 0.023061
5 0.463865 0.462680 0.015103 0.023061
5 0.480374 0.462317 0.015103 0.023061
5 0.497428 0.462860 0.015103 0.023061
5 0.514012 0.462757 0.015103 0.023061
5 0.472067 0.483613 0.015103 0.023061
5 0.488576 0.483251 0.015103 0.023061
5 0.505630 0.483794 0.015103 0.023061
5 0.456030 0.484715 0.015103 0.023061
5 0.350171 0.504617 0.015103 0.023061
5 0.366724 0.504728 0.015103 0.023061
5 0.382922 0.503986 0.015103 0.023061
5 0.398649 0.504434 0.015103 0.023061
5 0.415464 0.503982 0.015103 0.023061
5 0.430988 0.504651 0.015103 0.023061
5 0.447216 0.505098 0.015103 0.023061
5 0.463253 0.503996 0.015103 0.023061
5 0.390684 0.525555 0.015103 0.023061
5 0.374957 0.525107 0.015103 0.023061
5 0.358759 0.525850 0.015103 0.023061
5 0.342206 0.525308 0.015103 0.023061
5 0.407499 0.525104 0.015103 0.023061
5 0.423022 0.525773 0.015103 0.023061
5 0.334738 0.545558 0.015103 0.023061
5 0.351004 0.545238 0.015103 0.023061
5 0.367584 0.545932 0.015103 0.023061
5 0.383312 0.546380 0.015103 0.023061
5 0.399265 0.545928 0.015103 0.023061
5 0.327078 0.565951 0.015103 0.023061
5 0.343344 0.565631 0.015103 0.023061
5 0.359638 0.566325 0.015103 0.023061
5 0.375652 0.566773 0.015103 0.023061
5 0.391605 0.566322 0.015103 0.023061
5 0.311158 0.565796 0.015103 0.023061
5 0.294892 0.566116 0.015103 0.023061
5 0.302552 0.545723 0.015103 0.023061
5 0.310020 0.524484 0.015103 0.023061
5 0.317875 0.503629 0.015103 0.023061
5 0.326024 0.524861 0.015103 0.023061
5 0.318818 0.545403 0.015103 0.023061
5 0.334592 0.503605 0.015103 0.023061
5 0.326224 0.482537 0.015103 0.023061
5 0.294367 0.481878 0.015103 0.023061
5 0.286019 0.503134 0.015103 0.023061
5 0.278164 0.524319 0.015103 0.023061
5 0.269707 0.546382 0.015103 0.023061
5 0.262047 0.566775 0.015103 0.023061
5 0.278313 0.566455 0.015103 0.023061
5 0.294168 0.524696 0.015103 0.023061
5 0.301747 0.504264 0.015103 0.023061
5 0.310345 0.482784 0.015103 0.023061
5 0.285973 0.546062 0.015103 0.023061
5 0.302057 0.461611 0.015103 0.023061
5 0.318144 0.460704 0.015103 0.023061
5 0.333693 0.460458 0.015103 0.023061
5 0.253507 0.458173 0.015103 0.023061
5 0.269481 0.460498 0.015103 0.023061
5 0.285031 0.460252 0.015103 0.023061
5 0.277561 0.482331 0.015103 0.023061
5 0.270460 0.503592 0.015103 0.023061
5 0.262151 0.524788 0.015103 0.023061
5 0.253889 0.545516 0.015103 0.023061
5 0.246230 0.565910 0.015103 0.023061
5 0.229651 0.566249 0.015103 0.023061
5 0.214178 0.565208 0.015103 0.023061
5 0.221611 0.544985 0.015103 0.023061
5 0.229501 0.524113 0.015103 0.023061
5 0.237696 0.503098 0.015103 0.023061
5 0.245931 0.481502 0.015103 0.023061
5 0.261682 0.482578 0.015103 0.023061
5 0.254218 0.503718 0.015103 0.023061
5 0.246072 0.524490 0.015103 0.023061
5 0.238217 0.545175 0.015103 0.023061
5 0.229263 0.481162 0.015103 0.023061
5 0.221027 0.502758 0.015103 0.023061
5 0.212832 0.523773 0.015103 0.023061
5 0.204942 0.544645 0.015103 0.023061
5 0.197510 0.564868 0.015103 0.023061
5 0.261445 0.437592 0.015103 0.023061
5 0.189516 0.585556 0.015103 0.023061
5 0.206185 0.585897 0.015103 0.023061
5 0.221658 0.586937 0.015103 0.023061
5 0.238236 0.586598 0.015103 0.023061
5 0.254054 0.587463 0.015103 0.023061
5 0.270320 0.587143 0.015103 0.023061
5 0.286899 0.586804 0.015103 0.023061
5 0.311338 0.608526 0.015103 0.023061
5 0.319085 0.586640 0.015103 0.023061
5 0.351645 0.587013 0.015103 0.023061
5 0.295057 0.608198 0.015103 0.023061
5 0.383612 0.587010 0.015103 0.023061
5 0.335351 0.586320 0.015103 0.023061
5 0.162803 0.520974 0.015103 0.023061
5 0.172125 0.543005 0.015103 0.023061
5 0.196509 0.521691 0.015103 0.023061
5 0.204656 0.500919 0.015103 0.023061
5 0.212120 0.479779 0.015103 0.023061
5 0.154407 0.540216 0.015103 0.023061
5 0.188813 0.544432 0.015103 0.023061
5 0.180172 0.520615 0.015103 0.023061
5 0.156615 0.584288 0.015103 0.023061
5 0.164662 0.561897 0.015103 0.023061
5 0.139239 0.581839 0.015103 0.023061
