6 0.556029 0.655185 0.887942 0.689631
5 0.975616 0.429451 0.014994 0.020833
5 0.968513 0.409091 0.015941 0.019886
5 0.975242 0.388021 0.015467 0.019413
5 0.928741 0.386127 0.015309 0.021307
5 0.936158 0.362334 0.014047 0.020597
5 0.966777 0.366004 0.016256 0.017992
5 0.982187 0.365580 0.016730 0.020123
5 0.974116 0.345526 0.013573 0.020597
5 0.927715 0.343277 0.014836 0.019886
5 0.921028 0.364888 0.014994 0.019413
5 0.904672 0.365412 0.015783 0.021070
5 0.912169 0.342921 0.014678 0.021070
5 0.888731 0.364820 0.014520 0.020833
5 0.890986 0.408044 0.016414 0.018466
5 0.913273 0.385417 0.014678 0.020360
5 0.873522 0.364769 0.014994 0.021886
5 0.866769 0.387479 0.014520 0.019886
5 0.866398 0.343632 0.014994 0.019650
5 0.859576 0.366832 0.014205 0.022491
5 0.851089 0.389323 0.015625 0.018703
5 0.844298 0.408282 0.014986 0.020557
5 0.828914 0.408736 0.014520 0.019176
5 0.813605 0.407907 0.015467 0.020833
5 0.821338 0.387074 0.011995 0.019886
5 0.805792 0.385772 0.014047 0.020123
5 0.814315 0.364938 0.014362 0.023438
5 0.829545 0.365767 0.013573 0.021780
5 0.843747 0.366983 0.014205 0.018939
5 0.836578 0.344747 0.014520 0.021070
5 0.789694 0.386719 0.014047 0.021070
5 0.798532 0.406723 0.014362 0.021307
5 0.782749 0.407789 0.014994 0.022017
5 0.790483 0.426728 0.016572 0.020597
5 0.759391 0.427675 0.016256 0.022017
5 0.767440 0.448745 0.014994 0.020597
5 0.766493 0.407315 0.014678 0.021070
5 0.774542 0.386009 0.014678 0.022017
5 0.782513 0.365885 0.016098 0.022491
5 0.799006 0.363636 0.013731 0.022254
5 0.766560 0.366054 0.013100 0.020597
5 0.751499 0.364465 0.013100 0.020123
5 0.736506 0.364465 0.014678 0.018703
5 0.728614 0.384588 0.014362 0.022017
5 0.735559 0.406723 0.014678 0.022254
5 0.743213 0.344460 0.013573 0.017519
5 0.728614 0.344342 0.014362 0.018703
5 0.714015 0.343513 0.014520 0.018939
5 0.704467 0.362334 0.012784 0.019176
5 0.696733 0.344815 0.014362 0.019176
5 0.712831 0.383996 0.015309 0.020833
5 0.703914 0.403646 0.014520 0.021307
5 0.697838 0.384588 0.012153 0.019650
5 0.720013 0.405303 0.014205 0.021307
5 0.751184 0.405421 0.015309 0.022017
5 0.734961 0.449233 0.014520 0.019413
5 0.774248 0.469833 0.015941 0.021780
5 0.759673 0.469306 0.015152 0.022017
5 0.743608 0.468395 0.016256 0.022964
5 0.719551 0.447730 0.015941 0.022491
5 0.696259 0.423532 0.014362 0.022727
5 0.680556 0.422230 0.013889 0.021544
5 0.687658 0.445786 0.017045 0.023674
5 0.702888 0.446496 0.014678 0.022254
5 0.711174 0.468868 0.018308 0.023438
5 0.672743 0.445312 0.014678 0.022727
5 0.657276 0.445786 0.014362 0.024148
5 0.674400 0.491122 0.016098 0.022964
5 0.703756 0.491004 0.014836 0.024621
5 0.720092 0.492170 0.016572 0.021544
5 0.735953 0.490885 0.014836 0.024384
5 0.751578 0.491832 0.014836 0.022964
5 0.666193 0.421875 0.016414 0.022727
5 0.649542 0.421520 0.015941 0.024384
5 0.633286 0.422704 0.014994 0.022017
5 0.633996 0.466688 0.017045 0.025568
5 0.642353 0.489727 0.016256 0.027699
5 0.635380 0.381050 0.015152 0.020833
5 0.681739 0.344934 0.013100 0.019886
5 0.666114 0.341501 0.014362 0.018229
5 0.657197 0.360440 0.013889 0.019650
5 0.649867 0.381392 0.014678 0.018939
5 0.626854 0.402002 0.016098 0.022727
5 0.642045 0.401870 0.017677 0.023438
5 0.659407 0.399503 0.015467 0.022491
5 0.620896 0.381629 0.014205 0.020833
5 0.641809 0.359493 0.015625 0.021544
5 0.557941 0.424330 0.013889 0.023674
5 0.551215 0.402580 0.014362 0.020123
5 0.549914 0.447562 0.016098 0.021544
5 0.564906 0.446304 0.015941 0.023438
5 0.557231 0.469223 0.014678 0.021307
5 0.541903 0.468277 0.015309 0.024621
5 0.565420 0.491951 0.015625 0.026042
5 0.596147 0.490839 0.016888 0.022017
5 0.566525 0.403409 0.015625 0.021780
5 0.558672 0.383093 0.016730 0.020597
5 0.556503 0.341027 0.012311 0.017756
5 0.534564 0.404001 0.016730 0.022964
5 0.525174 0.427912 0.013731 0.022017
5 0.533065 0.449574 0.012784 0.019886
5 0.525805 0.469697 0.015309 0.021780
5 0.510338 0.427083 0.011837 0.020360
5 0.518139 0.449797 0.013415 0.022254
5 0.503195 0.404089 0.015941 0.021544
5 0.526673 0.382457 0.013573 0.019176
5 0.518633 0.405421 0.014205 0.020123
5 0.503630 0.358902 0.015152 0.020833
5 0.480114 0.382221 0.012942 0.019176
5 0.471512 0.402107 0.012784 0.022491
5 0.464942 0.426032 0.016572 0.025331
5 0.456913 0.403764 0.014836 0.023911
5 0.448399 0.383685 0.014520 0.020833
5 0.441277 0.404045 0.015941 0.021307
5 0.463866 0.381466 0.014836 0.020360
5 0.456203 0.360322 0.014994 0.021780
5 0.463758 0.340317 0.013889 0.020123
5 0.448390 0.341619 0.014520 0.022727
5 0.433081 0.340672 0.014520 0.019886
5 0.425189 0.360085 0.013889 0.020360
5 0.432686 0.383878 0.013415 0.019650
5 0.424953 0.404238 0.012784 0.023911
5 0.420218 0.427794 0.014362 0.023201
5 0.413062 0.450091 0.013488 0.024858
5 0.427990 0.448952 0.014205 0.025095
5 0.393308 0.359730 0.014205 0.019176
5 0.387311 0.382931 0.014205 0.020597
5 0.396544 0.405895 0.014678 0.023911
5 0.389047 0.427557 0.013889 0.021780
5 0.367109 0.447680 0.015152 0.025095
5 0.373914 0.425751 0.014520 0.020833
5 0.359287 0.425707 0.014362 0.023911
5 0.344460 0.428267 0.014047 0.024621
5 0.349432 0.405066 0.014205 0.021780
5 0.355982 0.385417 0.014678 0.022254
5 0.371724 0.383641 0.014047 0.022491
5 0.363479 0.362571 0.013258 0.019176
5 0.378235 0.362689 0.014047 0.023201
5 0.340120 0.383641 0.012626 0.020597
5 0.356455 0.343987 0.013415 0.017992
5 0.324811 0.384706 0.015152 0.024148
5 0.312421 0.428149 0.014994 0.022964
5 0.303779 0.405658 0.013258 0.021544
5 0.301964 0.365693 0.014678 0.020360
5 0.309028 0.345881 0.014205 0.018939
5 0.293640 0.344815 0.013731 0.020123
5 0.286467 0.365943 0.014836 0.021780
5 0.279228 0.385312 0.015941 0.023438
5 0.288194 0.404948 0.016098 0.022964
5 0.271622 0.406250 0.013889 0.023201
5 0.265161 0.428267 0.012626 0.021307
5 0.263889 0.387279 0.014836 0.020897
5 0.256392 0.406723 0.015309 0.022727
5 0.249053 0.428385 0.014205 0.022964
5 0.242187 0.450994 0.014994 0.021780
5 0.290641 0.494792 0.014047 0.021307
5 0.250316 0.514323 0.018939 0.021544
5 0.267124 0.515388 0.014994 0.020833
5 0.241241 0.533381 0.015941 0.021307
5 0.224195 0.531723 0.014047 0.022727
5 0.209418 0.527936 0.016888 0.020833
5 0.201033 0.547852 0.016414 0.019650
5 0.184501 0.548295 0.015467 0.021780
5 0.201547 0.426965 0.014205 0.022491
5 0.209517 0.445431 0.014047 0.020597
5 0.195155 0.405777 0.014362 0.019886
5 0.178346 0.406487 0.014836 0.022727
5 0.210227 0.366359 0.011679 0.017756
5 0.225063 0.367069 0.013258 0.018229
5 0.271307 0.367543 0.013573 0.025331
5 0.255524 0.367543 0.014520 0.020597
5 0.247948 0.387784 0.014205 0.019413
5 0.241241 0.407670 0.015625 0.019886
5 0.217724 0.348011 0.014047 0.018939
5 0.194760 0.367543 0.015783 0.020123
5 0.171381 0.386212 0.014105 0.017164
5 0.155414 0.385414 0.014105 0.017164
5 0.179099 0.367450 0.014105 0.017164
5 0.177768 0.446089 0.014105 0.017164
5 0.177367 0.528120 0.013838 0.017564
5 0.193602 0.528520 0.013838 0.017564
5 0.218351 0.509560 0.013838 0.019560
