6 0.289867 0.658617 0.579735 0.682765
5 0.411426 0.380127 0.014648 0.021973
5 0.269336 0.408692 0.011719 0.017578
5 0.276660 0.386719 0.014648 0.017578
5 0.260547 0.388916 0.011719 0.021973
5 0.160938 0.413086 0.011719 0.017578
5 0.100879 0.457031 0.014648 0.017578
5 0.067919 0.376905 0.013979 0.021834
5 0.082989 0.376040 0.013979 0.021834
5 0.052914 0.377386 0.013979 0.021834
5 0.045412 0.398451 0.013979 0.021834
5 0.014760 0.399220 0.013979 0.021834
5 0.029637 0.398451 0.013979 0.021834
5 0.060737 0.397489 0.013979 0.021834
5 0.076127 0.397201 0.013979 0.021834
5 0.091325 0.396046 0.013979 0.021834
5 0.106394 0.395181 0.013979 0.021834
5 0.022908 0.419541 0.013979 0.021834
5 0.038124 0.419099 0.013979 0.021834
5 0.053929 0.418068 0.013979 0.021834
5 0.069341 0.417921 0.013979 0.021834
5 0.084458 0.415859 0.013979 0.021834
5 0.099772 0.416743 0.013979 0.021834
5 0.114497 0.416449 0.013979 0.021834
5 0.121564 0.393920 0.013979 0.021834
5 0.112926 0.374483 0.013979 0.021834
5 0.128240 0.373746 0.013979 0.021834
5 0.136584 0.393330 0.013979 0.021834
5 0.129712 0.415123 0.013979 0.021834
5 0.123135 0.436180 0.013979 0.021834
5 0.107821 0.437063 0.013979 0.021834
5 0.092802 0.437358 0.013979 0.021834
5 0.077096 0.437505 0.013979 0.021834
5 0.046959 0.438683 0.013979 0.021834
5 0.016037 0.440303 0.013979 0.021834
5 0.009361 0.462095 0.013979 0.021834
5 0.054910 0.459739 0.013979 0.021834
5 0.003022 0.399957 0.006044 0.021834
5 0.048137 0.480796 0.013979 0.021834
5 0.041265 0.501263 0.013979 0.021834
5 0.070518 0.459150 0.013979 0.021834
5 0.131970 0.456500 0.013979 0.021834
5 0.183003 0.392596 0.013979 0.021834
5 0.168411 0.393184 0.013979 0.021834
5 0.174973 0.372324 0.013979 0.021834
5 0.190152 0.371149 0.013979 0.021834
5 0.205037 0.370415 0.013979 0.021834
5 0.236278 0.368505 0.013979 0.021834
5 0.220217 0.369533 0.013979 0.021834
5 0.252044 0.368505 0.013979 0.021834
5 0.244895 0.388924 0.013979 0.021834
5 0.229716 0.389071 0.013979 0.021834
5 0.222567 0.409930 0.013979 0.021834
5 0.237649 0.409930 0.013979 0.021834
5 0.253513 0.409049 0.013979 0.021834
5 0.284023 0.407037 0.013979 0.021834
5 0.191599 0.412569 0.013979 0.021834
5 0.176736 0.413239 0.013979 0.021834
5 0.344280 0.403482 0.013979 0.021834
5 0.329610 0.403990 0.013979 0.021834
5 0.380839 0.381479 0.013979 0.021834
5 0.337848 0.424640 0.013979 0.021834
5 0.359400 0.403652 0.013979 0.021834
5 0.352855 0.424978 0.013979 0.021834
5 0.368540 0.423116 0.013979 0.021834
5 0.323291 0.425994 0.013979 0.021834
5 0.383096 0.422778 0.013979 0.021834
5 0.403633 0.359644 0.013979 0.021834
