6 0.303051 0.658899 0.606102 0.682201
5 0.003283 0.381330 0.006567 0.025372
5 0.015098 0.383500 0.016136 0.025372
5 0.032534 0.382015 0.016136 0.025372
5 0.041290 0.355175 0.016136 0.025372
5 0.024082 0.355404 0.016136 0.025372
5 0.007433 0.355518 0.014866 0.025372
5 0.023016 0.407484 0.016136 0.025372
5 0.039463 0.408055 0.016136 0.025372
5 0.049589 0.383157 0.016136 0.025372
5 0.058117 0.357003 0.016136 0.025372
5 0.076315 0.356546 0.016136 0.025372
5 0.083574 0.381289 0.016136 0.025372
5 0.066760 0.385079 0.018509 0.029285
5 0.056796 0.408779 0.016136 0.025372
5 0.088823 0.410647 0.016136 0.025372
5 0.129876 0.376708 0.016136 0.025372
5 0.112900 0.380678 0.016136 0.025372
5 0.123999 0.408171 0.016136 0.025372
5 0.139957 0.399924 0.016136 0.025372
5 0.156657 0.397328 0.016136 0.025372
5 0.204693 0.398849 0.016136 0.025372
5 0.189192 0.398956 0.016136 0.025372
5 0.172958 0.398628 0.016136 0.025372
5 0.220920 0.398296 0.016136 0.025372
5 0.237091 0.395470 0.016136 0.025372
5 0.272729 0.392055 0.016136 0.025372
5 0.246118 0.364973 0.016136 0.025372
5 0.246118 0.425260 0.016136 0.025372
5 0.229398 0.424789 0.016136 0.025372
5 0.212778 0.427579 0.016136 0.025372
