6 0.535370 0.606871 0.929260 0.786258
5 0.766863 0.344542 0.015554 0.027725
5 0.750182 0.345877 0.015554 0.027725
5 0.783322 0.344375 0.015554 0.027725
5 0.774425 0.319521 0.015554 0.027725
5 0.757967 0.319688 0.015554 0.027725
5 0.740952 0.322357 0.015554 0.027725
5 0.724271 0.322524 0.015554 0.027725
5 0.732501 0.347044 0.015554 0.027725
5 0.715597 0.347529 0.015554 0.026934
5 0.698223 0.348278 0.015554 0.026934
5 0.707534 0.371097 0.015554 0.026934
5 0.672642 0.372047 0.016187 0.026934
5 0.664987 0.349026 0.016187 0.026934
5 0.791645 0.367773 0.015554 0.027029
5 0.832379 0.345617 0.016075 0.027029
5 0.823769 0.321803 0.016075 0.027029
5 0.831609 0.296864 0.016075 0.027029
5 0.749685 0.295390 0.015554 0.027725
5 0.806945 0.319913 0.016075 0.027029
5 0.857809 0.321296 0.016075 0.027029
5 0.866184 0.344577 0.016075 0.027029
5 0.822312 0.273724 0.016075 0.025596
5 0.732151 0.296310 0.015554 0.027725
5 0.697960 0.299331 0.016460 0.027725
5 0.706606 0.323397 0.016460 0.027725
5 0.689896 0.323771 0.016460 0.027725
5 0.655563 0.325018 0.016460 0.027725
5 0.663793 0.301077 0.016460 0.027725
5 0.648371 0.349997 0.016187 0.026934
5 0.614976 0.349832 0.015752 0.026934
5 0.597999 0.349340 0.015752 0.026934
5 0.606542 0.324368 0.015752 0.026934
5 0.589456 0.324122 0.015752 0.026934
5 0.590006 0.373577 0.015752 0.026934
5 0.614106 0.299228 0.015752 0.026934
5 0.572696 0.323477 0.015752 0.026934
5 0.564531 0.349906 0.015752 0.026934
5 0.547891 0.350500 0.015752 0.026934
5 0.539468 0.326004 0.015752 0.026934
5 0.556108 0.325411 0.015752 0.026934
5 0.564915 0.300407 0.015328 0.025372
5 0.521902 0.279580 0.015328 0.025372
5 0.530613 0.302121 0.016408 0.026934
5 0.522237 0.327464 0.016408 0.028996
5 0.505768 0.375652 0.015752 0.026934
5 0.522512 0.374905 0.016408 0.026934
5 0.497157 0.353033 0.016408 0.026934
5 0.488328 0.329947 0.016408 0.026934
5 0.495699 0.304065 0.016408 0.026934
5 0.478769 0.305037 0.016408 0.026934
5 0.471883 0.330554 0.016408 0.026934
5 0.489404 0.376223 0.016136 0.025372
5 0.472984 0.376919 0.016136 0.025372
5 0.480643 0.353595 0.016136 0.025372
5 0.447977 0.353247 0.016136 0.025372
5 0.448789 0.399460 0.016136 0.025372
5 0.464908 0.399732 0.016136 0.025372
5 0.414470 0.400411 0.016136 0.025372
5 0.423163 0.377591 0.016136 0.025372
5 0.397647 0.355006 0.015752 0.026934
5 0.372111 0.332594 0.015752 0.026934
5 0.389044 0.331372 0.015752 0.026934
5 0.380804 0.355821 0.015752 0.026934
5 0.364595 0.355957 0.015752 0.026934
5 0.354996 0.333409 0.015752 0.026934
5 0.362603 0.306786 0.015752 0.026934
5 0.396929 0.306786 0.015752 0.026934
5 0.413703 0.305909 0.015752 0.026934
5 0.387958 0.279579 0.015752 0.026934
5 0.463047 0.304446 0.015752 0.026934
5 0.446567 0.305031 0.015752 0.026934
5 0.439023 0.330045 0.016211 0.026934
5 0.422250 0.331654 0.016211 0.026934
5 0.338815 0.378700 0.016136 0.025372
5 0.305454 0.378700 0.016136 0.025372
5 0.288003 0.379624 0.016136 0.025372
5 0.253379 0.376747 0.016136 0.025372
5 0.229495 0.402031 0.016136 0.025372
5 0.213071 0.400799 0.016136 0.025372
5 0.196031 0.400183 0.016136 0.025372
5 0.188434 0.423434 0.016136 0.025372
5 0.171497 0.422510 0.016136 0.025372
5 0.179504 0.399567 0.016136 0.025372
5 0.203214 0.376344 0.015752 0.026934
5 0.197637 0.445408 0.016136 0.025372
5 0.155983 0.466792 0.016136 0.025372
5 0.172920 0.467716 0.016136 0.025372
5 0.161572 0.398167 0.016136 0.025372
5 0.147677 0.489329 0.016136 0.025372
5 0.165977 0.489546 0.016136 0.025372
5 0.183017 0.490162 0.016136 0.025372
5 0.996360 0.290048 0.007280 0.027029
5 0.192291 0.511916 0.016136 0.025372
5 0.199226 0.490359 0.016136 0.025372
5 0.232246 0.490027 0.016136 0.025372
5 0.215301 0.490162 0.016136 0.025372
5 0.239912 0.467805 0.016136 0.025372
5 0.222966 0.467940 0.016136 0.025372
5 0.206891 0.468137 0.016136 0.025372
5 0.231147 0.446049 0.016136 0.025372
5 0.248093 0.445914 0.016136 0.025372
5 0.233341 0.533122 0.016136 0.025372
5 0.216942 0.533393 0.016136 0.025372
5 0.200503 0.533317 0.016136 0.025372
5 0.184112 0.532572 0.016136 0.025372
5 0.167072 0.532367 0.016136 0.025372
5 0.224129 0.511780 0.016136 0.025372
5 0.209099 0.554598 0.016136 0.025372
5 0.192659 0.554522 0.016136 0.025372
5 0.150644 0.576221 0.016136 0.025372
5 0.175645 0.510751 0.016136 0.025372
5 0.564920 0.397792 0.016408 0.026934
5 0.615854 0.396950 0.016408 0.026934
5 0.649175 0.395604 0.016408 0.026934
5 0.513059 0.303375 0.016408 0.026934
5 0.504291 0.328958 0.016408 0.026934
5 0.513984 0.352083 0.016136 0.025372
5 0.840796 0.366866 0.015752 0.026934
5 0.505735 0.374905 0.016408 0.026934
5 0.456207 0.376919 0.016136 0.025372
5 0.638786 0.325018 0.016460 0.027725
5 0.647016 0.301077 0.016460 0.027725
5 0.330245 0.401801 0.016136 0.025372
5 0.347267 0.400393 0.016136 0.025372
5 0.263477 0.402083 0.016136 0.025372
5 0.272702 0.466944 0.016136 0.025372
