6 0.320349 0.589690 0.640699 0.820620
5 0.023539 0.261161 0.016414 0.025547
5 0.041070 0.260925 0.016414 0.025547
5 0.007422 0.260689 0.014844 0.025547
5 0.002823 0.237340 0.005647 0.025547
5 0.013948 0.237930 0.016414 0.025547
5 0.031873 0.237576 0.016414 0.025547
5 0.067227 0.237213 0.016414 0.025547
5 0.058691 0.260797 0.016414 0.025547
5 0.050385 0.236958 0.016414 0.025547
5 0.127247 0.266131 0.016414 0.025547
5 0.109684 0.265386 0.016414 0.025547
5 0.092444 0.262394 0.016414 0.025547
5 0.101068 0.238373 0.016414 0.025547
5 0.118533 0.242816 0.016414 0.025547
5 0.136612 0.289341 0.016414 0.025547
5 0.118352 0.289731 0.016414 0.025547
5 0.100995 0.289181 0.016414 0.025547
5 0.144465 0.264910 0.016414 0.025547
5 0.153401 0.287915 0.016414 0.025547
5 0.128021 0.314137 0.016414 0.025547
5 0.135186 0.243671 0.016414 0.025547
5 0.178832 0.263775 0.016414 0.025547
5 0.161649 0.263775 0.016414 0.025547
5 0.265242 0.265938 0.016414 0.025547
5 0.247194 0.265938 0.016414 0.025547
5 0.229915 0.264910 0.016414 0.025547
5 0.212984 0.265266 0.016414 0.025547
5 0.195422 0.264521 0.016414 0.025547
5 0.221731 0.289488 0.016414 0.025547
5 0.238661 0.289131 0.016414 0.025547
5 0.255941 0.290160 0.016414 0.025547
5 0.273893 0.291025 0.016414 0.025547
5 0.186840 0.240179 0.016414 0.025547
5 0.203674 0.241264 0.016414 0.025547
5 0.221050 0.240995 0.016414 0.025547
5 0.237656 0.241572 0.016414 0.025547
5 0.170019 0.239747 0.016414 0.025547
5 0.187194 0.287997 0.016414 0.025547
5 0.317692 0.265248 0.016414 0.025547
5 0.299316 0.266847 0.016414 0.025547
5 0.282282 0.266803 0.016414 0.025547
5 0.419888 0.268013 0.016414 0.025547
5 0.403001 0.266741 0.016414 0.025547
5 0.386393 0.266909 0.016414 0.025547
5 0.369282 0.266364 0.016414 0.025547
5 0.351659 0.265832 0.016414 0.025547
5 0.334664 0.264910 0.016414 0.025547
5 0.428894 0.244719 0.016414 0.025547
5 0.411581 0.243872 0.016414 0.025547
5 0.394548 0.243402 0.016414 0.025547
5 0.377437 0.242856 0.016414 0.025547
5 0.360050 0.290331 0.016414 0.025547
5 0.377046 0.290084 0.016414 0.025547
5 0.394669 0.290615 0.016414 0.025547
5 0.411177 0.291714 0.016414 0.025547
5 0.428836 0.291093 0.016414 0.025547
5 0.446044 0.291004 0.016414 0.025547
5 0.402622 0.314849 0.016414 0.025547
5 0.437286 0.314581 0.016414 0.025547
5 0.550047 0.290770 0.016414 0.025547
5 0.532292 0.290977 0.016414 0.025547
5 0.514712 0.291363 0.016414 0.025547
5 0.497500 0.291319 0.016414 0.025547
5 0.480580 0.290553 0.016414 0.025547
5 0.463584 0.290801 0.016414 0.025547
5 0.454307 0.314743 0.016414 0.025547
5 0.471699 0.314651 0.016414 0.025547
5 0.488695 0.314292 0.016414 0.025547
5 0.506058 0.313839 0.016414 0.025547
5 0.523122 0.314991 0.016414 0.025547
5 0.540998 0.314605 0.016414 0.025547
5 0.437198 0.267364 0.016414 0.025547
5 0.454535 0.267923 0.016414 0.025547
5 0.471429 0.268285 0.016414 0.025547
5 0.488552 0.267984 0.016414 0.025547
5 0.505560 0.268485 0.016414 0.025547
5 0.523141 0.268557 0.016414 0.025547
5 0.540896 0.268502 0.016414 0.025547
5 0.479122 0.338138 0.016414 0.025547
5 0.514396 0.337327 0.016414 0.025547
5 0.531460 0.338479 0.016414 0.025547
5 0.549336 0.338093 0.016414 0.025547
5 0.496423 0.338085 0.016414 0.025547
5 0.521920 0.361425 0.016414 0.025547
5 0.539798 0.362120 0.016414 0.025547
5 0.557673 0.361733 0.016414 0.025547
5 0.435993 0.361460 0.016414 0.025547
5 0.548045 0.384630 0.016414 0.025547
5 0.566461 0.384852 0.016414 0.025547
5 0.567723 0.338093 0.016414 0.025547
5 0.576872 0.361125 0.016414 0.025547
5 0.586336 0.384244 0.016414 0.025547
5 0.575520 0.407160 0.016414 0.025547
5 0.594988 0.406755 0.016414 0.025547
5 0.586786 0.336876 0.016414 0.025547
5 0.595935 0.360517 0.016414 0.025547
5 0.567858 0.290030 0.016414 0.025547
5 0.577683 0.314481 0.016414 0.025547
5 0.584578 0.429063 0.016414 0.025547
5 0.604047 0.428657 0.016414 0.025547
5 0.575594 0.452279 0.016414 0.025547
5 0.593607 0.451757 0.016414 0.025547
5 0.612429 0.450357 0.016414 0.025547
5 0.547128 0.430482 0.016414 0.025547
5 0.556592 0.451776 0.016414 0.025547
5 0.565380 0.473678 0.016414 0.025547
5 0.495790 0.471756 0.016414 0.025547
