5 0.054088 0.462950 0.014678 0.024384
5 0.084706 0.462950 0.013415 0.021070
5 0.113668 0.461766 0.014836 0.021544
5 0.152730 0.480824 0.014362 0.024621
5 0.182787 0.482060 0.014362 0.019176
5 0.167873 0.481350 0.013258 0.018703
5 0.144523 0.459872 0.012784 0.016809
5 0.250821 0.498224 0.015467 0.022017
5 0.258712 0.477865 0.013573 0.022017
5 0.242456 0.477628 0.015152 0.021544
5 0.227068 0.480114 0.013100 0.023201
5 0.212626 0.478930 0.013573 0.021780
5 0.219807 0.457623 0.013415 0.019886
5 0.235117 0.456795 0.014362 0.023911
5 0.190925 0.456913 0.013415 0.022727
5 0.188321 0.412169 0.016098 0.017992
5 0.204261 0.406487 0.014205 0.025568
5 0.173090 0.412050 0.013100 0.015862
5 0.144681 0.415128 0.011837 0.015862
5 0.273232 0.477983 0.012626 0.020833
5 0.288542 0.478101 0.012942 0.021544
5 0.302115 0.479048 0.013889 0.022017
5 0.316793 0.479877 0.016414 0.024621
5 0.294618 0.499408 0.013731 0.019650
5 0.279861 0.498698 0.012942 0.020597
5 0.266367 0.498224 0.013100 0.018703
5 0.354277 0.498461 0.013100 0.020597
5 0.338889 0.500000 0.014836 0.021307
5 0.332734 0.478338 0.013573 0.020597
5 0.347333 0.478220 0.013731 0.021307
5 0.340309 0.457386 0.014520 0.020833
5 0.355382 0.457150 0.013100 0.022254
5 0.370060 0.455729 0.014362 0.022727
5 0.378188 0.476444 0.013889 0.020597
5 0.369586 0.497988 0.014678 0.022491
5 0.362011 0.477509 0.014678 0.020360
5 0.384422 0.496922 0.014678 0.022254
5 0.393024 0.476207 0.013573 0.022017
5 0.376951 0.519176 0.014520 0.019886
5 0.399836 0.497633 0.014205 0.021780
5 0.415259 0.497869 0.012626 0.022727
5 0.408176 0.476207 0.013573 0.022017
5 0.401941 0.453243 0.012784 0.019650
5 0.385606 0.453835 0.014520 0.021307
5 0.416540 0.454545 0.013573 0.020360
5 0.424116 0.475852 0.013573 0.022254
5 0.429798 0.496567 0.012626 0.020597
5 0.369192 0.411695 0.015152 0.022254
5 0.340546 0.415128 0.014047 0.018229
5 0.444318 0.495857 0.014520 0.021544
5 0.452683 0.516335 0.013889 0.021307
5 0.467289 0.514929 0.013731 0.018703
5 0.475489 0.532670 0.012468 0.019413
5 0.481881 0.550663 0.014836 0.022254
5 0.482434 0.512547 0.015309 0.019886
5 0.476278 0.492543 0.013731 0.020597
5 0.460354 0.494924 0.014205 0.022254
5 0.454182 0.474195 0.011521 0.018939
5 0.438750 0.475114 0.014205 0.021307
5 0.431771 0.454545 0.013415 0.017992
5 0.469385 0.473366 0.012153 0.018703
5 0.491291 0.491070 0.015625 0.021307
5 0.505906 0.529092 0.015625 0.017045
5 0.504214 0.567353 0.014362 0.021070
5 0.497270 0.587476 0.015941 0.021544
5 0.480382 0.589962 0.014362 0.020833
5 0.488194 0.608783 0.013258 0.018229
5 0.481250 0.629498 0.015467 0.020833
5 0.497901 0.627367 0.014047 0.020360
5 0.503662 0.606771 0.016730 0.020360
5 0.513289 0.625947 0.013258 0.017992
5 0.521102 0.605824 0.015309 0.021307
5 0.512973 0.586766 0.015152 0.019176
5 0.513289 0.546875 0.013258 0.017992
5 0.522109 0.528897 0.015152 0.018703
5 0.522996 0.490175 0.012468 0.017756
5 0.504845 0.646070 0.015625 0.018939
6 0.287658 0.713542 0.575316 0.572917
