6 0.314249 0.601547 0.628499 0.796907
5 0.003977 0.325326 0.007955 0.027725
5 0.016710 0.322957 0.015554 0.027725
5 0.025719 0.293841 0.015554 0.027725
5 0.008590 0.246809 0.015554 0.027725
5 0.016909 0.269889 0.015947 0.027725
5 0.042845 0.245647 0.015947 0.027725
5 0.034232 0.268873 0.015947 0.027725
5 0.067878 0.269467 0.016057 0.027725
5 0.050868 0.269752 0.015947 0.027725
5 0.059258 0.293429 0.015947 0.027725
5 0.076578 0.292399 0.016057 0.027725
5 0.033018 0.320553 0.015947 0.027725
5 0.050339 0.319523 0.016057 0.027725
5 0.067218 0.317457 0.015947 0.027725
5 0.084243 0.317606 0.016057 0.027725
5 0.117782 0.264869 0.016057 0.027725
5 0.109578 0.292052 0.015947 0.027725
5 0.101213 0.319704 0.016057 0.027725
5 0.093593 0.242808 0.016057 0.027725
5 0.076412 0.244471 0.016057 0.027725
5 0.059578 0.246029 0.016057 0.027725
5 0.134408 0.265285 0.016057 0.027725
5 0.126343 0.291221 0.015947 0.027725
5 0.117908 0.317834 0.016057 0.027725
5 0.209917 0.295844 0.016057 0.027725
5 0.193313 0.295251 0.016057 0.027725
5 0.176252 0.292196 0.016057 0.027725
5 0.225964 0.243128 0.016057 0.027725
5 0.218217 0.269440 0.016057 0.027725
5 0.185008 0.268118 0.016057 0.027725
5 0.209738 0.246619 0.016057 0.027725
5 0.175969 0.244943 0.016136 0.025372
5 0.193103 0.246131 0.016136 0.025372
5 0.259703 0.242113 0.016136 0.025372
5 0.242724 0.241972 0.016136 0.025372
5 0.268465 0.266073 0.016136 0.025372
5 0.251486 0.265931 0.016136 0.025372
5 0.277149 0.241299 0.016136 0.025372
5 0.319001 0.264094 0.016136 0.025372
5 0.302287 0.264787 0.016136 0.025372
5 0.285226 0.265864 0.016136 0.025372
5 0.327534 0.240080 0.016136 0.025372
5 0.310820 0.240773 0.016136 0.025372
5 0.327316 0.289809 0.016136 0.025372
5 0.310396 0.288653 0.016136 0.025372
5 0.293336 0.290038 0.016136 0.025372
5 0.343914 0.288553 0.016136 0.025372
5 0.361057 0.289015 0.016136 0.025372
5 0.276420 0.291766 0.016057 0.027725
5 0.317994 0.314555 0.016057 0.027725
5 0.378297 0.287712 0.016136 0.025372
5 0.395358 0.286449 0.016136 0.025372
5 0.412603 0.286751 0.016136 0.025372
5 0.430095 0.285496 0.016136 0.025372
5 0.447644 0.284129 0.016136 0.025372
5 0.387237 0.263820 0.016136 0.025372
5 0.421282 0.263288 0.016136 0.025372
5 0.412429 0.240293 0.016136 0.025372
5 0.465088 0.282842 0.016136 0.025372
5 0.352030 0.314969 0.016057 0.027725
5 0.369122 0.313950 0.016057 0.027725
5 0.386328 0.312422 0.016057 0.027725
5 0.404099 0.311063 0.016057 0.027725
5 0.421086 0.309682 0.016136 0.025372
5 0.438578 0.308427 0.016136 0.025372
5 0.456127 0.307060 0.016136 0.025372
5 0.473570 0.305773 0.016136 0.025372
5 0.481334 0.328475 0.016136 0.025372
5 0.463891 0.329762 0.016136 0.025372
5 0.488656 0.352316 0.016136 0.025372
5 0.498336 0.328328 0.016136 0.025372
5 0.507574 0.305773 0.016136 0.025372
5 0.490228 0.305586 0.016136 0.025372
5 0.429242 0.333929 0.016136 0.025372
5 0.411848 0.334447 0.016136 0.025372
5 0.454203 0.354339 0.016136 0.025372
5 0.471647 0.353053 0.016136 0.025372
5 0.506835 0.352137 0.016136 0.025372
5 0.516191 0.328513 0.016136 0.025372
5 0.525024 0.305108 0.016136 0.025372
5 0.550942 0.327419 0.016136 0.025372
5 0.534059 0.327234 0.016136 0.025372
5 0.524380 0.351222 0.016136 0.025372
5 0.541425 0.350557 0.016136 0.025372
5 0.532182 0.373789 0.016136 0.025372
5 0.515137 0.374454 0.016136 0.025372
5 0.497592 0.375368 0.016136 0.025372
5 0.267484 0.319200 0.016057 0.027725
5 0.394602 0.336161 0.016136 0.025372
5 0.437008 0.358256 0.016136 0.025372
5 0.419033 0.359178 0.016057 0.027725
5 0.159537 0.291092 0.016057 0.027725
5 0.142911 0.290677 0.016057 0.027725
5 0.151312 0.316674 0.016057 0.027725
5 0.134459 0.319880 0.016057 0.027725
