6 0.296654 0.637192 0.593308 0.725616
5 0.001617 0.324905 0.003235 0.017048
5 0.006798 0.305836 0.012521 0.017048
5 0.017778 0.357843 0.011750 0.018781
5 0.015562 0.327505 0.014253 0.017048
5 0.035691 0.324905 0.011750 0.016470
5 0.005085 0.345563 0.010170 0.016181
5 0.016526 0.383703 0.011173 0.017337
5 0.005303 0.374645 0.010606 0.017756
5 0.030972 0.379226 0.011943 0.019358
5 0.009591 0.450881 0.011943 0.017048
5 0.017874 0.471539 0.012328 0.016759
5 0.010458 0.494943 0.012521 0.017337
5 0.025387 0.449148 0.011943 0.019358
5 0.017200 0.428487 0.012135 0.017914
5 0.041084 0.447268 0.012906 0.018492
5 0.033573 0.471394 0.012135 0.019358
5 0.041084 0.493066 0.012135 0.018781
5 0.033958 0.515168 0.012521 0.019070
5 0.048982 0.514879 0.011365 0.019647
5 0.064874 0.513291 0.012328 0.018203
5 0.080188 0.512135 0.012906 0.019358
5 0.048212 0.469084 0.013291 0.018781
5 0.055917 0.446402 0.011365 0.020803
5 0.064200 0.468651 0.011750 0.020803
5 0.079512 0.466338 0.011943 0.019070
5 0.071326 0.444091 0.012521 0.020225
5 0.086832 0.443802 0.013098 0.018492
5 0.094538 0.466049 0.012713 0.019647
5 0.087121 0.489598 0.012521 0.020514
5 0.056495 0.491908 0.012135 0.018781
5 0.111103 0.510111 0.013098 0.017625
5 0.103494 0.532216 0.012135 0.017914
5 0.095597 0.511700 0.012521 0.019647
5 0.087699 0.532360 0.012521 0.017048
5 0.102532 0.443658 0.012521 0.018781
5 0.110429 0.465327 0.013291 0.019358
5 0.103013 0.489164 0.011943 0.019647
5 0.118327 0.488009 0.011365 0.019647
5 0.126127 0.464316 0.012328 0.018492
5 0.118616 0.441489 0.012713 0.017914
5 0.110140 0.420542 0.013483 0.017048
5 0.094634 0.422420 0.013291 0.017914
5 0.079031 0.420253 0.012521 0.017625
5 0.087699 0.320426 0.011750 0.016181
5 0.078742 0.302225 0.011943 0.015601
5 0.095404 0.302225 0.010980 0.016181
5 0.112932 0.302225 0.012521 0.017337
5 0.132195 0.307135 0.013291 0.018492
5 0.118712 0.321295 0.013291 0.015601
5 0.112355 0.340365 0.012906 0.015601
5 0.103879 0.318982 0.011365 0.015024
5 0.093960 0.379804 0.011943 0.017625
5 0.078742 0.373447 0.012328 0.018203
5 0.063333 0.374602 0.011943 0.016470
5 0.046383 0.377779 0.011943 0.016470
5 0.102050 0.399018 0.012328 0.020225
5 0.086255 0.399162 0.011943 0.018203
5 0.123335 0.370701 0.012906 0.020225
5 0.106962 0.369834 0.014061 0.020225
5 0.117459 0.394394 0.012713 0.020803
5 0.147604 0.390492 0.012135 0.019358
5 0.142115 0.322884 0.012713 0.014735
5 0.167252 0.301068 0.011365 0.015601
5 0.170431 0.364200 0.011943 0.013580
5 0.163015 0.389048 0.011365 0.018781
5 0.155887 0.415196 0.011750 0.020225
5 0.140767 0.416932 0.013098 0.019070
5 0.125549 0.417943 0.011943 0.018781
5 0.133640 0.440911 0.011173 0.019070
5 0.148857 0.438601 0.011943 0.017337
5 0.141634 0.463016 0.012906 0.019936
5 0.157236 0.463161 0.012135 0.019647
5 0.172549 0.461716 0.011943 0.019070
5 0.170431 0.414763 0.011558 0.021091
5 0.138936 0.363045 0.014061 0.014157
5 0.128920 0.337185 0.012135 0.013868
5 0.155791 0.355966 0.011173 0.012713
5 0.158584 0.320715 0.012521 0.015601
5 0.174091 0.322739 0.011173 0.015024
5 0.184588 0.348598 0.012135 0.017048
5 0.185936 0.415774 0.012135 0.018492
5 0.178906 0.438312 0.013483 0.018492
5 0.165808 0.484830 0.011558 0.020225
5 0.180735 0.483530 0.012521 0.018781
5 0.188248 0.460848 0.012135 0.020803
5 0.196338 0.482663 0.012135 0.019936
5 0.203562 0.459403 0.011943 0.019647
5 0.194508 0.436723 0.013098 0.018203
5 0.201154 0.412164 0.012521 0.019936
5 0.193160 0.389770 0.011558 0.017914
5 0.177268 0.392228 0.012135 0.019358
5 0.183914 0.371134 0.010016 0.017625
5 0.207896 0.386304 0.011750 0.019070
5 0.198071 0.365355 0.011750 0.016470
5 0.206836 0.319271 0.010016 0.012713
5 0.201924 0.339929 0.009438 0.012424
5 0.222920 0.385871 0.012135 0.020514
5 0.232358 0.409995 0.011750 0.018492
5 0.227061 0.358710 0.011943 0.023404
5 0.212615 0.361312 0.011943 0.017625
5 0.242279 0.356977 0.012328 0.019358
5 0.258556 0.355388 0.012135 0.017337
5 0.254318 0.383991 0.012521 0.016759
5 0.238619 0.385005 0.012713 0.018203
5 0.263398 0.407879 0.011848 0.019167
5 0.247833 0.407704 0.012312 0.018816
5 0.241212 0.433317 0.012544 0.017772
5 0.157929 0.507713 0.012778 0.018120
5 0.134350 0.486108 0.011616 0.016030
5 0.142364 0.509280 0.011848 0.017074
5 0.234940 0.503182 0.012080 0.016030
5 0.242723 0.480357 0.011383 0.019167
5 0.256660 0.431399 0.011383 0.018816
5 0.272225 0.430876 0.011848 0.020559
5 0.287790 0.429484 0.011848 0.019863
5 0.270136 0.382441 0.014171 0.017772
5 0.276408 0.358395 0.014171 0.017074
5 0.293134 0.360312 0.013242 0.016030
5 0.258636 0.311527 0.012080 0.016030
5 0.250620 0.293059 0.010455 0.016030
5 0.231687 0.292884 0.011616 0.013589
5 0.240863 0.309960 0.011848 0.014287
5 0.286280 0.381046 0.012080 0.017772
5 0.302077 0.381046 0.012544 0.016378
5 0.318340 0.381918 0.012080 0.016726
5 0.279776 0.404917 0.012080 0.014635
5 0.296503 0.454571 0.012544 0.017074
5 0.280240 0.456489 0.012080 0.019515
5 0.265257 0.456489 0.011848 0.018120
5 0.249807 0.457533 0.012080 0.018816
5 0.218445 0.458232 0.013010 0.018816
5 0.266417 0.501442 0.011383 0.016726
5 0.266534 0.542036 0.011151 0.018468
5 0.281635 0.500047 0.011616 0.017424
5 0.288603 0.478442 0.011151 0.017424
5 0.309628 0.359616 0.010919 0.016030
5 0.330420 0.339055 0.011616 0.014635
5 0.283144 0.336269 0.011383 0.015331
5 0.275361 0.314839 0.010687 0.015682
5 0.303355 0.294453 0.011848 0.013241
5 0.364569 0.315360 0.012544 0.014635
5 0.361084 0.336792 0.011616 0.016378
5 0.346217 0.342888 0.011616 0.016030
5 0.355857 0.362055 0.012312 0.017424
5 0.350049 0.385926 0.012312 0.018468
5 0.365499 0.383312 0.012080 0.018816
5 0.370841 0.357524 0.011616 0.020211
5 0.350398 0.428786 0.011616 0.020559
5 0.343081 0.451087 0.012312 0.017074
5 0.326818 0.452481 0.011383 0.018468
5 0.335182 0.427218 0.011848 0.016726
5 0.327167 0.405090 0.011616 0.018468
5 0.342268 0.405786 0.010221 0.017074
5 0.359110 0.406484 0.011848 0.015682
5 0.373862 0.405613 0.011151 0.018120
5 0.388497 0.403348 0.012080 0.016378
5 0.366312 0.427914 0.011848 0.016726
5 0.334717 0.474609 0.011848 0.018120
5 0.411379 0.423385 0.011848 0.018816
5 0.403829 0.402476 0.012080 0.018120
5 0.396280 0.379304 0.012312 0.020559
5 0.380598 0.381219 0.011151 0.019515
5 0.386638 0.355085 0.011616 0.017424
5 0.381296 0.312225 0.012080 0.014635
5 0.397906 0.310308 0.011383 0.017074
5 0.400229 0.287308 0.011848 0.016378
5 0.408011 0.330694 0.012544 0.018816
5 0.414283 0.306475 0.013010 0.019863
5 0.426828 0.378608 0.011616 0.019167
5 0.419394 0.401605 0.012080 0.017074
5 0.427640 0.422339 0.012778 0.017424
5 0.419975 0.444119 0.012312 0.018468
5 0.404642 0.445687 0.012312 0.016726
5 0.412773 0.466944 0.012778 0.017424
5 0.435889 0.443596 0.012080 0.018816
5 0.444018 0.464155 0.012080 0.016030
5 0.460164 0.461889 0.012312 0.017074
5 0.451454 0.442377 0.013010 0.017772
5 0.443322 0.421643 0.012544 0.019515
5 0.435540 0.400038 0.013242 0.018816
5 0.451337 0.397772 0.011848 0.017074
5 0.459932 0.419202 0.012778 0.017424
5 0.467947 0.439065 0.012080 0.015331
5 0.476427 0.416241 0.012312 0.016378
5 0.442509 0.377038 0.012312 0.018816
5 0.439837 0.330518 0.011616 0.020559
5 0.449362 0.352820 0.012544 0.017772
5 0.465740 0.352124 0.011848 0.018468
5 0.475265 0.373030 0.013242 0.016378
5 0.468179 0.395857 0.012544 0.018120
5 0.484557 0.393068 0.012778 0.018120
5 0.417420 0.354912 0.012312 0.017772
5 0.452033 0.483842 0.012312 0.017074
5 0.444484 0.505447 0.013010 0.018468
5 0.468644 0.482100 0.012080 0.018468
5 0.484673 0.479138 0.013010 0.018120
5 0.493385 0.457185 0.014171 0.018816
5 0.476310 0.459276 0.013474 0.018816
5 0.484905 0.436802 0.012544 0.018468
5 0.492688 0.413975 0.010919 0.019515
5 0.501864 0.435755 0.013474 0.017074
5 0.500238 0.392545 0.012080 0.017074
5 0.491409 0.370767 0.012080 0.018816
5 0.442044 0.288007 0.012312 0.016378
5 0.431591 0.307694 0.012778 0.016726
5 0.456447 0.329995 0.013242 0.016726
5 0.448084 0.308913 0.012778 0.016378
5 0.516151 0.393764 0.011383 0.016726
5 0.526373 0.413802 0.012312 0.016378
5 0.535664 0.433665 0.012312 0.017772
5 0.543564 0.454399 0.011383 0.017424
5 0.535549 0.475653 0.012080 0.018120
5 0.518474 0.434013 0.012778 0.017772
5 0.519055 0.475481 0.012544 0.017772
5 0.501400 0.477919 0.013010 0.018468
5 0.493037 0.499524 0.013474 0.017074
5 0.484209 0.520258 0.012544 0.016030
5 0.527303 0.494993 0.011848 0.015682
5 0.543796 0.494645 0.011848 0.018468
5 0.492014 0.540230 0.012118 0.018793
5 0.483387 0.562259 0.011708 0.017254
5 0.499509 0.559486 0.012734 0.016636
5 0.507418 0.579666 0.012528 0.016944
