6 0.534863 0.592419 0.930274 0.815162
5 0.644522 0.241610 0.016136 0.025372
5 0.652677 0.217415 0.016136 0.025372
5 0.610418 0.242012 0.016136 0.025372
5 0.627380 0.286205 0.016136 0.025372
5 0.550993 0.263072 0.016136 0.025372
5 0.552150 0.216676 0.016136 0.025372
5 0.702165 0.222791 0.016136 0.025372
5 0.743474 0.242452 0.016136 0.025372
5 0.786916 0.219903 0.016136 0.025372
5 0.778050 0.242499 0.016136 0.025372
5 0.769401 0.263825 0.016136 0.025372
5 0.467859 0.263303 0.016136 0.025372
5 0.434118 0.262022 0.016608 0.025372
5 0.400045 0.259210 0.016136 0.025372
5 0.382725 0.260281 0.016136 0.025372
5 0.348532 0.261353 0.016136 0.025372
5 0.365852 0.260281 0.016136 0.025372
5 0.398607 0.214726 0.016136 0.025372
5 0.485668 0.216598 0.016136 0.025372
5 0.468348 0.217669 0.016136 0.025372
5 0.289941 0.236683 0.016136 0.025372
5 0.298621 0.215611 0.016136 0.025372
5 0.281718 0.258440 0.016136 0.025372
5 0.238909 0.279730 0.016136 0.025372
5 0.256229 0.278659 0.016136 0.025372
5 0.256061 0.236424 0.016136 0.025372
5 0.265116 0.300664 0.016136 0.025372
5 0.248284 0.301463 0.016136 0.025372
5 0.256699 0.325397 0.016136 0.025372
5 0.273531 0.324598 0.016136 0.025372
5 0.205443 0.325233 0.016136 0.025372
5 0.213388 0.302429 0.016136 0.025372
5 0.273606 0.279150 0.016136 0.025372
5 0.186830 0.280298 0.016136 0.025372
5 0.230367 0.302773 0.016136 0.025372
5 0.222422 0.325577 0.016136 0.025372
5 0.213333 0.258614 0.016136 0.025372
