6 0.297285 0.685014 0.594571 0.629972
5 0.034104 0.415932 0.014894 0.022736
5 0.018722 0.415562 0.014894 0.022736
5 0.005520 0.417905 0.011040 0.022736
5 0.049476 0.415316 0.014894 0.022736
5 0.042406 0.394601 0.014894 0.022736
5 0.027034 0.395217 0.014894 0.022736
5 0.011406 0.396820 0.014894 0.022736
5 0.064786 0.415174 0.014894 0.022736
5 0.016211 0.504624 0.014894 0.022736
5 0.009513 0.526371 0.014894 0.022736
5 0.033086 0.545253 0.014894 0.022736
5 0.004726 0.547971 0.009453 0.022736
5 0.017317 0.547389 0.014894 0.022736
5 0.009897 0.568380 0.014894 0.022736
5 0.025499 0.567700 0.014894 0.022736
5 0.004983 0.590288 0.009965 0.022736
5 0.033844 0.589197 0.014894 0.022736
5 0.087671 0.522110 0.014894 0.022736
5 0.095853 0.542421 0.014894 0.022736
5 0.080118 0.545107 0.014894 0.022736
5 0.072360 0.522692 0.014894 0.022736
5 0.048736 0.546456 0.014894 0.022736
5 0.111636 0.544026 0.014894 0.022736
5 0.072981 0.565894 0.014894 0.022736
5 0.088630 0.566295 0.014894 0.022736
5 0.056931 0.567901 0.014894 0.022736
5 0.065464 0.587851 0.014894 0.022736
5 0.080809 0.587440 0.014894 0.022736
5 0.096537 0.586949 0.014894 0.022736
5 0.073355 0.608515 0.014894 0.022736
5 0.104681 0.607424 0.014894 0.022736
5 0.010566 0.610713 0.014894 0.022736
5 0.026168 0.610033 0.014894 0.022736
5 0.065731 0.629983 0.014894 0.022736
5 0.097057 0.628892 0.014894 0.022736
5 0.081455 0.629572 0.014894 0.022736
5 0.042191 0.650848 0.014894 0.022736
5 0.057915 0.650438 0.014894 0.022736
5 0.135678 0.564411 0.014894 0.022736
5 0.119950 0.564902 0.014894 0.022736
5 0.103974 0.565313 0.014894 0.022736
5 0.112434 0.585957 0.014894 0.022736
5 0.128410 0.585546 0.014894 0.022736
5 0.144138 0.585055 0.014894 0.022736
5 0.120767 0.606790 0.014894 0.022736
5 0.136743 0.606379 0.014894 0.022736
5 0.152471 0.605888 0.014894 0.022736
5 0.113191 0.628192 0.014894 0.022736
5 0.129167 0.627781 0.014894 0.022736
5 0.144895 0.627290 0.014894 0.022736
5 0.151438 0.562475 0.014894 0.022736
5 0.166739 0.562517 0.014894 0.022736
5 0.174843 0.584441 0.014894 0.022736
5 0.159470 0.583652 0.014894 0.022736
5 0.174203 0.540763 0.014894 0.022736
5 0.158902 0.540720 0.014894 0.022736
5 0.198518 0.560918 0.014894 0.022736
5 0.206622 0.582841 0.014894 0.022736
5 0.190823 0.583652 0.014894 0.022736
5 0.182719 0.562155 0.014894 0.022736
5 0.214158 0.561131 0.014894 0.022736
5 0.237783 0.581779 0.014894 0.022736
5 0.222287 0.581527 0.014894 0.022736
5 0.183038 0.605080 0.014894 0.022736
5 0.167665 0.604291 0.014894 0.022736
5 0.199018 0.604291 0.014894 0.022736
5 0.214715 0.603936 0.014894 0.022736
5 0.230381 0.602622 0.014894 0.022736
5 0.246180 0.601811 0.014894 0.022736
5 0.190727 0.625264 0.014894 0.022736
5 0.160160 0.626072 0.014894 0.022736
5 0.175253 0.625385 0.014894 0.022736
5 0.206808 0.624930 0.014894 0.022736
5 0.222506 0.624575 0.014894 0.022736
5 0.238880 0.622199 0.014894 0.022736
5 0.253464 0.580717 0.014894 0.022736
5 0.261558 0.601811 0.014894 0.022736
5 0.254258 0.622199 0.014894 0.022736
5 0.245269 0.559774 0.014894 0.022736
5 0.229588 0.559167 0.014894 0.022736
5 0.252756 0.537617 0.014894 0.022736
5 0.268640 0.538376 0.014894 0.022736
5 0.261001 0.559695 0.014894 0.022736
5 0.276835 0.559319 0.014894 0.022736
5 0.276076 0.517661 0.014894 0.022736
5 0.291895 0.516646 0.014894 0.022736
5 0.284256 0.537965 0.014894 0.022736
5 0.300090 0.537589 0.014894 0.022736
5 0.268854 0.580052 0.014894 0.022736
5 0.284688 0.579676 0.014894 0.022736
5 0.308121 0.558322 0.014894 0.022736
5 0.300579 0.579315 0.014894 0.022736
5 0.277288 0.600835 0.014894 0.022736
5 0.293122 0.600459 0.014894 0.022736
5 0.309013 0.599555 0.014894 0.022736
5 0.324024 0.557780 0.014894 0.022736
5 0.316483 0.578773 0.014894 0.022736
5 0.324916 0.599013 0.014894 0.022736
5 0.323662 0.515492 0.014894 0.022736
5 0.316242 0.536846 0.014894 0.022736
5 0.332145 0.536304 0.014894 0.022736
5 0.299847 0.496044 0.014894 0.022736
5 0.331614 0.494890 0.014894 0.022736
5 0.339686 0.515853 0.014894 0.022736
5 0.348289 0.535039 0.014894 0.022736
5 0.340168 0.556515 0.014894 0.022736
5 0.356313 0.555973 0.014894 0.022736
5 0.348892 0.577327 0.014894 0.022736
5 0.332988 0.577869 0.014894 0.022736
5 0.364529 0.576587 0.014894 0.022736
5 0.372795 0.597227 0.014894 0.022736
5 0.357349 0.597941 0.014894 0.022736
5 0.340843 0.598844 0.014894 0.022736
5 0.316911 0.620457 0.014894 0.022736
5 0.332837 0.620288 0.014894 0.022736
5 0.348886 0.620414 0.014894 0.022736
5 0.364789 0.618671 0.014894 0.022736
5 0.364072 0.534009 0.014894 0.022736
5 0.371638 0.555287 0.014894 0.022736
5 0.380311 0.575558 0.014894 0.022736
5 0.387535 0.554772 0.014894 0.022736
5 0.396209 0.575043 0.014894 0.022736
5 0.403775 0.553228 0.014894 0.022736
5 0.427335 0.530069 0.014894 0.022736
5 0.434998 0.550655 0.014894 0.022736
5 0.427202 0.572813 0.014894 0.022736
5 0.411305 0.573327 0.014894 0.022736
5 0.403643 0.595458 0.014894 0.022736
5 0.418739 0.593742 0.014894 0.022736
5 0.434636 0.593228 0.014894 0.022736
5 0.395951 0.615985 0.014894 0.022736
5 0.411247 0.615768 0.014894 0.022736
5 0.427145 0.615254 0.014894 0.022736
5 0.380468 0.616884 0.014894 0.022736
5 0.442985 0.572063 0.014894 0.022736
5 0.450419 0.592478 0.014894 0.022736
5 0.442927 0.614504 0.014894 0.022736
5 0.466602 0.591429 0.014894 0.022736
5 0.459110 0.613455 0.014894 0.022736
5 0.466453 0.549391 0.014894 0.022736
5 0.450670 0.550140 0.014894 0.022736
5 0.458494 0.570471 0.014894 0.022736
5 0.474277 0.569722 0.014894 0.022736
5 0.482140 0.589961 0.014894 0.022736
5 0.474648 0.611987 0.014894 0.022736
5 0.498534 0.589044 0.014894 0.022736
5 0.491042 0.611070 0.014894 0.022736
5 0.458768 0.529502 0.014894 0.022736
5 0.474551 0.528753 0.014894 0.022736
5 0.515088 0.547332 0.014894 0.022736
5 0.498276 0.547952 0.014894 0.022736
5 0.482604 0.548468 0.014894 0.022736
5 0.523494 0.525588 0.014894 0.022736
5 0.506682 0.526208 0.014894 0.022736
5 0.490238 0.527881 0.014894 0.022736
5 0.482175 0.506266 0.014894 0.022736
5 0.498619 0.504593 0.014894 0.022736
5 0.515345 0.505259 0.014894 0.022736
5 0.466563 0.508324 0.014894 0.022736
5 0.507025 0.483620 0.014894 0.022736
5 0.523580 0.482871 0.014894 0.022736
5 0.498190 0.461876 0.014894 0.022736
5 0.514916 0.462542 0.014894 0.022736
5 0.490213 0.441290 0.014894 0.022736
5 0.506939 0.441956 0.014894 0.022736
5 0.499305 0.421475 0.014894 0.022736
5 0.516889 0.420726 0.014894 0.022736
5 0.481721 0.462928 0.014894 0.022736
5 0.474601 0.484392 0.014894 0.022736
5 0.370862 0.383292 0.014894 0.022736
5 0.355555 0.384074 0.014894 0.022736
5 0.339716 0.382587 0.014894 0.022736
5 0.386678 0.382490 0.014894 0.022736
5 0.492649 0.400152 0.014894 0.022736
5 0.468941 0.380286 0.014894 0.022736
5 0.404089 0.382678 0.014894 0.022736
5 0.532190 0.504121 0.014894 0.022736
5 0.540339 0.524449 0.014894 0.022736
5 0.531933 0.546194 0.014894 0.022736
5 0.523936 0.440362 0.014894 0.022736
5 0.531913 0.460949 0.014894 0.022736
5 0.540577 0.481278 0.014894 0.022736
5 0.548998 0.503813 0.014894 0.022736
5 0.556737 0.524449 0.014894 0.022736
5 0.556993 0.567089 0.014894 0.022736
5 0.548705 0.545572 0.014894 0.022736
5 0.540299 0.567317 0.014894 0.022736
5 0.490647 0.568955 0.014894 0.022736
5 0.506774 0.568440 0.014894 0.022736
5 0.523131 0.567819 0.014894 0.022736
5 0.514969 0.589155 0.014894 0.022736
5 0.531326 0.588534 0.014894 0.022736
5 0.547887 0.588714 0.014894 0.022736
5 0.565036 0.588032 0.014894 0.022736
5 0.506881 0.609759 0.014894 0.022736
5 0.523316 0.609870 0.014894 0.022736
5 0.539673 0.609249 0.014894 0.022736
5 0.556234 0.609429 0.014894 0.022736
5 0.565188 0.545691 0.014894 0.022736
5 0.541474 0.441144 0.014894 0.022736
5 0.550137 0.461473 0.014894 0.022736
5 0.558103 0.483098 0.014894 0.022736
5 0.527360 0.398804 0.014894 0.022736
5 0.269583 0.621673 0.014894 0.022736
5 0.285313 0.620697 0.014894 0.022736
5 0.301147 0.620321 0.014894 0.022736
5 0.137059 0.648132 0.014894 0.022736
5 0.152787 0.647642 0.014894 0.022736
5 0.168051 0.646424 0.014894 0.022736
5 0.183145 0.645737 0.014894 0.022736
5 0.198618 0.645615 0.014894 0.022736
5 0.129029 0.669730 0.014894 0.022736
5 0.565230 0.629316 0.014894 0.022736
5 0.482855 0.632821 0.014894 0.022736
5 0.499250 0.631903 0.014894 0.022736
5 0.514772 0.630829 0.014894 0.022736
5 0.531207 0.630940 0.014894 0.022736
5 0.435352 0.635377 0.014894 0.022736
5 0.451134 0.634627 0.014894 0.022736
5 0.467317 0.633579 0.014894 0.022736
5 0.507141 0.652736 0.014894 0.022736
5 0.522664 0.651662 0.014894 0.022736
5 0.539414 0.650589 0.014894 0.022736
5 0.556618 0.650353 0.014894 0.022736
5 0.475524 0.654175 0.014894 0.022736
5 0.459342 0.655224 0.014894 0.022736
5 0.443559 0.655973 0.014894 0.022736
5 0.491536 0.653417 0.014894 0.022736
5 0.230189 0.644822 0.014894 0.022736
5 0.277643 0.642297 0.014894 0.022736
5 0.293372 0.641321 0.014894 0.022736
5 0.309081 0.640945 0.014894 0.022736
5 0.261816 0.644137 0.014894 0.022736
5 0.246438 0.644137 0.014894 0.022736
5 0.340521 0.640536 0.014894 0.022736
5 0.324845 0.641081 0.014894 0.022736
5 0.356569 0.640662 0.014894 0.022736
5 0.388152 0.637132 0.014894 0.022736
5 0.403635 0.636936 0.014894 0.022736
5 0.419404 0.636299 0.014894 0.022736
5 0.372473 0.638919 0.014894 0.022736
5 0.364851 0.661054 0.014894 0.022736
5 0.380755 0.659312 0.014894 0.022736
5 0.396434 0.657525 0.014894 0.022736
5 0.411917 0.657329 0.014894 0.022736
5 0.427213 0.656409 0.014894 0.022736
5 0.317587 0.662351 0.014894 0.022736
5 0.333350 0.662487 0.014894 0.022736
5 0.349027 0.661942 0.014894 0.022736
5 0.435543 0.676663 0.014894 0.022736
5 0.450804 0.676376 0.014894 0.022736
5 0.419951 0.676844 0.014894 0.022736
5 0.404270 0.677187 0.014894 0.022736
5 0.388591 0.678826 0.014894 0.022736
5 0.373181 0.680125 0.014894 0.022736
5 0.357357 0.681013 0.014894 0.022736
5 0.160827 0.668412 0.014894 0.022736
5 0.176092 0.667195 0.014894 0.022736
5 0.191185 0.666508 0.014894 0.022736
5 0.206658 0.666386 0.014894 0.022736
5 0.222894 0.665593 0.014894 0.022736
5 0.239142 0.664908 0.014894 0.022736
5 0.254520 0.664908 0.014894 0.022736
5 0.270347 0.663067 0.014894 0.022736
5 0.285385 0.662844 0.014894 0.022736
5 0.301115 0.661868 0.014894 0.022736
5 0.199545 0.687582 0.014894 0.022736
5 0.215741 0.686710 0.014894 0.022736
5 0.231976 0.685917 0.014894 0.022736
5 0.247629 0.685232 0.014894 0.022736
5 0.137881 0.690083 0.014894 0.022736
5 0.153146 0.688866 0.014894 0.022736
5 0.168239 0.688179 0.014894 0.022736
5 0.466735 0.675321 0.014894 0.022736
5 0.482917 0.674272 0.014894 0.022736
5 0.498929 0.673514 0.014894 0.022736
5 0.515195 0.672709 0.014894 0.022736
5 0.531048 0.672130 0.014894 0.022736
5 0.547799 0.671058 0.014894 0.022736
5 0.262564 0.685168 0.014894 0.022736
5 0.278390 0.683327 0.014894 0.022736
5 0.294036 0.683104 0.014894 0.022736
5 0.309462 0.682356 0.014894 0.022736
5 0.325630 0.682611 0.014894 0.022736
5 0.341394 0.682747 0.014894 0.022736
5 0.208007 0.707775 0.014894 0.022736
5 0.223481 0.707653 0.014894 0.022736
5 0.239716 0.706860 0.014894 0.022736
5 0.286913 0.703901 0.014894 0.022736
5 0.255204 0.705498 0.014894 0.022736
5 0.270677 0.704693 0.014894 0.022736
5 0.317657 0.702996 0.014894 0.022736
5 0.302231 0.703744 0.014894 0.022736
5 0.349589 0.702756 0.014894 0.022736
5 0.333826 0.702620 0.014894 0.022736
5 0.380745 0.699661 0.014894 0.022736
5 0.396576 0.699151 0.014894 0.022736
5 0.365552 0.701022 0.014894 0.022736
5 0.427936 0.697168 0.014894 0.022736
5 0.412255 0.697512 0.014894 0.022736
5 0.443528 0.696988 0.014894 0.022736
5 0.389899 0.720179 0.014894 0.022736
5 0.405309 0.718880 0.014894 0.022736
5 0.420462 0.718503 0.014894 0.022736
5 0.436143 0.718160 0.014894 0.022736
5 0.459038 0.695521 0.014894 0.022736
5 0.474969 0.694466 0.014894 0.022736
5 0.491152 0.693417 0.014894 0.022736
5 0.507438 0.693894 0.014894 0.022736
5 0.523704 0.693089 0.014894 0.022736
5 0.539557 0.692511 0.014894 0.022736
5 0.556033 0.692879 0.014894 0.022736
5 0.452037 0.717163 0.014894 0.022736
5 0.483478 0.714640 0.014894 0.022736
5 0.467547 0.715696 0.014894 0.022736
5 0.499523 0.714209 0.014894 0.022736
5 0.515947 0.713863 0.014894 0.022736
5 0.532213 0.713058 0.014894 0.022736
5 0.341938 0.722311 0.014894 0.022736
5 0.357702 0.722447 0.014894 0.022736
5 0.373665 0.720714 0.014894 0.022736
5 0.295173 0.723592 0.014894 0.022736
5 0.325917 0.722688 0.014894 0.022736
5 0.310491 0.723436 0.014894 0.022736
5 0.200098 0.729736 0.014894 0.022736
5 0.216127 0.728698 0.014894 0.022736
5 0.232362 0.727905 0.014894 0.022736
5 0.263324 0.725738 0.014894 0.022736
5 0.278947 0.725362 0.014894 0.022736
5 0.247850 0.726543 0.014894 0.022736
4 0.237311 0.459991 0.474621 0.170928
