6 0.538509 0.645608 0.922982 0.708784
5 0.307857 0.350517 0.016504 0.025691
5 0.316280 0.328820 0.016504 0.025691
5 0.248793 0.326879 0.016504 0.025691
5 0.316546 0.372451 0.016504 0.025691
5 0.266267 0.370549 0.016504 0.025691
5 0.274623 0.393336 0.016504 0.025691
5 0.283903 0.416817 0.016504 0.025691
5 0.300601 0.417552 0.016504 0.025691
5 0.299830 0.372145 0.016504 0.025691
5 0.290984 0.349497 0.016504 0.025691
5 0.282334 0.327217 0.016504 0.025691
5 0.299405 0.327479 0.016504 0.025691
5 0.274208 0.349072 0.016504 0.025691
5 0.283054 0.370862 0.016504 0.025691
5 0.291776 0.393879 0.016504 0.025691
5 0.308544 0.394277 0.016504 0.025691
5 0.257207 0.349376 0.016504 0.025691
5 0.232198 0.326879 0.016504 0.025691
5 0.240612 0.349376 0.016504 0.025691
5 0.249672 0.370549 0.016504 0.025691
5 0.258124 0.393193 0.016504 0.025691
5 0.267022 0.415244 0.016504 0.025691
5 0.375172 0.394033 0.016504 0.025691
5 0.358621 0.395261 0.016504 0.025691
5 0.341468 0.394718 0.016504 0.025691
5 0.324969 0.394575 0.016504 0.025691
5 0.383518 0.416471 0.016504 0.025691
5 0.366751 0.417211 0.016504 0.025691
5 0.350465 0.417806 0.016504 0.025691
5 0.333966 0.417663 0.016504 0.025691
5 0.317216 0.418829 0.016504 0.025691
5 0.276344 0.438820 0.016504 0.025691
5 0.293225 0.440394 0.016504 0.025691
5 0.309923 0.441128 0.016504 0.025691
5 0.359223 0.440102 0.016504 0.025691
5 0.375722 0.440245 0.016504 0.025691
5 0.392008 0.439649 0.016504 0.025691
5 0.400429 0.417121 0.016504 0.025691
5 0.357828 0.350132 0.016504 0.025691
5 0.341494 0.349896 0.016504 0.025691
5 0.324775 0.350979 0.016504 0.025691
5 0.367701 0.328541 0.016504 0.025691
5 0.332823 0.329084 0.016504 0.025691
5 0.349373 0.328669 0.016504 0.025691
5 0.172855 0.345859 0.016504 0.025691
5 0.190216 0.346864 0.016504 0.025691
5 0.207121 0.347565 0.016504 0.025691
5 0.223993 0.348277 0.016504 0.025691
5 0.233126 0.370925 0.016504 0.025691
5 0.215776 0.370360 0.016504 0.025691
5 0.199276 0.369042 0.016504 0.025691
5 0.181915 0.368324 0.016504 0.025691
5 0.190654 0.390537 0.016504 0.025691
5 0.207728 0.392547 0.016504 0.025691
5 0.224786 0.392659 0.016504 0.025691
5 0.241361 0.393632 0.016504 0.025691
5 0.250320 0.416173 0.016504 0.025691
5 0.233610 0.415040 0.016504 0.025691
5 0.216529 0.414880 0.016504 0.025691
5 0.199169 0.414168 0.016504 0.025691
5 0.198610 0.325609 0.016504 0.025691
5 0.215547 0.326310 0.016504 0.025691
5 0.290921 0.306199 0.016504 0.025691
5 0.273847 0.306055 0.016504 0.025691
5 0.122775 0.386719 0.016504 0.025691
5 0.139849 0.388729 0.016504 0.025691
5 0.156906 0.388841 0.016504 0.025691
5 0.173482 0.389813 0.016504 0.025691
5 0.182441 0.412355 0.016504 0.025691
5 0.165730 0.411221 0.016504 0.025691
5 0.148649 0.411062 0.016504 0.025691
5 0.131289 0.410350 0.016504 0.025691
5 0.140623 0.432895 0.016504 0.025691
5 0.157983 0.433607 0.016504 0.025691
5 0.174700 0.435403 0.016504 0.025691
5 0.191411 0.436537 0.016504 0.025691
5 0.208502 0.436714 0.016504 0.025691
5 0.225862 0.437426 0.016504 0.025691
5 0.242943 0.437585 0.016504 0.025691
5 0.259654 0.438719 0.016504 0.025691
5 0.131774 0.455805 0.016504 0.025691
5 0.149134 0.456517 0.016504 0.025691
5 0.184034 0.459404 0.016504 0.025691
5 0.200744 0.460537 0.016504 0.025691
5 0.217836 0.460714 0.016504 0.025691
5 0.235195 0.461426 0.016504 0.025691
5 0.252277 0.461585 0.016504 0.025691
5 0.268987 0.462719 0.016504 0.025691
5 0.140276 0.478676 0.016504 0.025691
5 0.192986 0.482174 0.016504 0.025691
5 0.209836 0.482896 0.016504 0.025691
5 0.244762 0.484313 0.016504 0.025691
5 0.261472 0.485447 0.016504 0.025691
5 0.227680 0.484153 0.016504 0.025691
5 0.219913 0.506131 0.016504 0.025691
5 0.166562 0.503265 0.016504 0.025691
5 0.184381 0.504532 0.016504 0.025691
5 0.175411 0.525987 0.016504 0.025691
5 0.157592 0.524720 0.016504 0.025691
5 0.193957 0.527624 0.016504 0.025691
5 0.228987 0.528896 0.016504 0.025691
5 0.236745 0.507078 0.016504 0.025691
5 0.227782 0.483187 0.016504 0.025691
5 0.192250 0.481589 0.016504 0.025691
5 0.174431 0.480321 0.016504 0.025691
5 0.383041 0.371089 0.016504 0.025691
5 0.365604 0.372151 0.016504 0.025691
5 0.408091 0.389045 0.016504 0.025691
5 0.391651 0.392268 0.016504 0.025691
5 0.450306 0.415625 0.016504 0.025691
5 0.433396 0.416138 0.016504 0.025691
5 0.416629 0.415715 0.016504 0.025691
5 0.433459 0.363420 0.016504 0.025691
5 0.415773 0.362936 0.016504 0.025691
5 0.399005 0.362512 0.016504 0.025691
5 0.405656 0.334414 0.016504 0.025691
5 0.441439 0.338315 0.016504 0.025691
5 0.377503 0.308145 0.016504 0.025691
5 0.341147 0.307813 0.016504 0.025691
5 0.449974 0.365914 0.016504 0.025691
5 0.424640 0.389038 0.016504 0.025691
5 0.459284 0.391850 0.016504 0.025691
5 0.458730 0.441063 0.016504 0.025691
5 0.441820 0.441576 0.016504 0.025691
5 0.425718 0.441984 0.016504 0.025691
5 0.467265 0.418119 0.016504 0.025691
5 0.477055 0.339082 0.016504 0.025691
5 0.578276 0.392076 0.016504 0.025691
5 0.576907 0.338445 0.016504 0.025691
5 0.557440 0.340380 0.016504 0.025691
5 0.538031 0.338973 0.016504 0.025691
5 0.599560 0.391338 0.016504 0.025691
5 0.567326 0.419758 0.016504 0.025691
5 0.588610 0.419020 0.016504 0.025691
5 0.639668 0.393737 0.016504 0.025691
5 0.620229 0.392999 0.016504 0.025691
5 0.650103 0.419052 0.016504 0.025691
5 0.630664 0.418314 0.016504 0.025691
5 0.777588 0.347087 0.016504 0.025691
5 0.760692 0.346718 0.016504 0.025691
5 0.743304 0.347764 0.016504 0.025691
5 0.726612 0.349117 0.016504 0.025691
5 0.784939 0.369304 0.016504 0.025691
5 0.768648 0.370217 0.016504 0.025691
5 0.751587 0.370155 0.016504 0.025691
5 0.733994 0.371017 0.016504 0.025691
5 0.770452 0.324572 0.016504 0.025691
5 0.751670 0.324818 0.016504 0.025691
5 0.733051 0.326233 0.016504 0.025691
5 0.825989 0.389770 0.016504 0.025691
5 0.809930 0.392957 0.016504 0.025691
5 0.793570 0.394295 0.016504 0.025691
5 0.776443 0.394282 0.016504 0.025691
5 0.834735 0.363181 0.016504 0.025691
5 0.817861 0.362345 0.016504 0.025691
5 0.801150 0.364383 0.016504 0.025691
5 0.792054 0.336919 0.016504 0.025691
5 0.808764 0.334882 0.016504 0.025691
5 0.825639 0.335718 0.016504 0.025691
5 0.852112 0.364558 0.016504 0.025691
5 0.860323 0.341045 0.016504 0.025691
5 0.886163 0.359683 0.016504 0.025691
5 0.843166 0.339955 0.016504 0.025691
5 0.852379 0.318964 0.016504 0.025691
5 0.877707 0.391745 0.016504 0.025691
5 0.859122 0.392511 0.016504 0.025691
5 0.842357 0.388215 0.016504 0.025691
5 0.869139 0.365546 0.016504 0.025691
5 0.910854 0.331653 0.016504 0.025691
5 0.903741 0.357637 0.016504 0.025691
5 0.868391 0.420181 0.016504 0.025691
5 0.897260 0.387461 0.016504 0.025691
5 0.848267 0.416956 0.016504 0.025691
5 0.998018 0.371704 0.003964 0.025691
5 0.986797 0.371102 0.016504 0.025691
5 0.969758 0.368856 0.016504 0.025691
5 0.952570 0.369181 0.016504 0.025691
5 0.934962 0.368951 0.016504 0.025691
5 0.942436 0.346122 0.016504 0.025691
5 0.960043 0.346216 0.016504 0.025691
5 0.977687 0.346574 0.016504 0.025691
5 0.993419 0.347453 0.013162 0.025691
5 0.950911 0.323976 0.016504 0.025691
5 0.968519 0.324070 0.016504 0.025691
5 0.986163 0.324428 0.016504 0.025691
5 0.997657 0.325307 0.004687 0.025691
5 0.928219 0.391233 0.016504 0.025691
5 0.945826 0.391464 0.016504 0.025691
5 0.978963 0.394146 0.016504 0.025691
5 0.993555 0.394752 0.012889 0.025691
5 0.993293 0.303856 0.013415 0.025691
5 0.935113 0.417018 0.016504 0.025691
5 0.954142 0.416992 0.016504 0.025691
5 0.971108 0.419013 0.016504 0.025691
5 0.986917 0.418869 0.016504 0.025691
5 0.963396 0.442702 0.016504 0.025691
5 0.695639 0.335437 0.016504 0.025691
5 0.658127 0.336986 0.016504 0.025691
5 0.768448 0.420429 0.016504 0.025691
