6 0.561948 0.658262 0.876105 0.683475
4 0.589015 0.420691 0.821970 0.190341
5 0.233063 0.514465 0.011274 0.017801
5 0.224531 0.495547 0.011562 0.017273
5 0.216089 0.475812 0.010876 0.015980
5 0.231087 0.473130 0.009634 0.012351
5 0.246749 0.472195 0.011458 0.014820
5 0.247861 0.511584 0.009632 0.016373
5 0.254392 0.490949 0.010548 0.013281
5 0.262012 0.513568 0.012483 0.016001
5 0.270533 0.531454 0.011015 0.016200
5 0.286140 0.530301 0.012150 0.019103
5 0.294628 0.550672 0.012348 0.017327
5 0.279230 0.552005 0.012790 0.018258
5 0.264157 0.554055 0.010988 0.017152
5 0.249448 0.554489 0.011651 0.016286
5 0.234206 0.554437 0.012981 0.018786
5 0.219099 0.556638 0.012844 0.017981
5 0.202459 0.556856 0.011379 0.017547
5 0.227120 0.576525 0.010379 0.015379
5 0.242573 0.574875 0.010625 0.016276
5 0.258180 0.575675 0.011760 0.015275
5 0.267318 0.594773 0.011528 0.018759
5 0.272943 0.574590 0.011787 0.017446
5 0.225021 0.536754 0.011384 0.016387
5 0.240573 0.534853 0.011831 0.017794
5 0.255425 0.534103 0.010879 0.016293
5 0.325721 0.549804 0.012064 0.019062
5 0.333464 0.570959 0.011354 0.014517
5 0.318602 0.570758 0.011128 0.016719
5 0.304326 0.572907 0.010922 0.018414
5 0.331888 0.527334 0.010515 0.016641
5 0.346351 0.525568 0.009942 0.016579
5 0.361280 0.527067 0.012033 0.019576
5 0.375690 0.522552 0.010772 0.016617
5 0.392074 0.522950 0.011149 0.020017
5 0.406539 0.523151 0.010576 0.017817
5 0.421657 0.522133 0.011889 0.019252
5 0.431241 0.544747 0.011968 0.021096
5 0.437798 0.524550 0.012356 0.018014
5 0.452151 0.522251 0.010407 0.016018
5 0.467270 0.522483 0.011720 0.017351
5 0.415245 0.544799 0.011212 0.018596
5 0.400770 0.545464 0.010608 0.019063
5 0.386215 0.546714 0.012158 0.018958
5 0.371143 0.547448 0.010355 0.018691
5 0.355546 0.547933 0.010398 0.015322
5 0.305811 0.613241 0.010423 0.018390
5 0.335628 0.612493 0.009897 0.016892
5 0.329806 0.632945 0.011556 0.016148
5 0.290859 0.614259 0.011174 0.016953
5 0.281738 0.595272 0.011444 0.017159
5 0.259809 0.615426 0.010971 0.015819
5 0.470765 0.565185 0.011193 0.018589
5 0.455114 0.565552 0.010548 0.018454
5 0.485519 0.565769 0.010041 0.018021
5 0.500693 0.564384 0.012044 0.019590
5 0.516378 0.564001 0.011024 0.017957
5 0.482386 0.521529 0.010717 0.017178
5 0.473999 0.498911 0.010718 0.014455
5 0.459424 0.502460 0.009913 0.016349
5 0.443204 0.501245 0.011602 0.012185
5 0.427741 0.499860 0.010178 0.013755
5 0.489217 0.500109 0.012232 0.016854
5 0.504015 0.497910 0.010590 0.017659
5 0.518633 0.497027 0.010906 0.017628
5 0.527999 0.520144 0.010548 0.018748
5 0.512312 0.519612 0.011567 0.016813
5 0.497904 0.520729 0.012830 0.018179
5 0.424238 0.565618 0.012423 0.018589
5 0.408729 0.567019 0.011488 0.018786
5 0.417961 0.586955 0.012596 0.017876
5 0.598621 0.537900 0.012383 0.018684
5 0.605530 0.518030 0.011742 0.018857
5 0.581981 0.495528 0.010919 0.020703
5 0.574771 0.518000 0.010961 0.015322
5 0.582479 0.537952 0.011918 0.016181
5 0.606608 0.557670 0.011585 0.015708
5 0.622794 0.558636 0.011562 0.016773
5 0.637967 0.557836 0.013565 0.017775
5 0.645990 0.576290 0.011098 0.015637
5 0.661297 0.575656 0.011635 0.018705
5 0.637023 0.516316 0.012257 0.016293
5 0.627872 0.494879 0.008993 0.014205
5 0.574227 0.475729 0.010451 0.012341
5 0.550986 0.496411 0.011403 0.020734
5 0.558161 0.475760 0.013029 0.015876
5 0.542533 0.476494 0.009538 0.015608
5 0.537445 0.541051 0.010930 0.017176
5 0.552708 0.539053 0.011954 0.015779
5 0.546321 0.562187 0.010750 0.018667
5 0.522358 0.541951 0.013149 0.018975
5 0.491233 0.542834 0.009901 0.019006
5 0.524348 0.583875 0.010765 0.016056
5 0.675712 0.534600 0.010387 0.018153
5 0.668213 0.555118 0.011007 0.016679
5 0.683944 0.554920 0.009498 0.018880
5 0.698439 0.553937 0.012457 0.016049
5 0.697707 0.512230 0.012726 0.018535
5 0.689388 0.488127 0.009394 0.014583
5 0.673602 0.491361 0.010215 0.014110
5 0.651629 0.514214 0.010230 0.018163
5 0.644773 0.537751 0.011559 0.016648
5 0.704760 0.489626 0.011796 0.017580
5 0.720947 0.488459 0.011774 0.018714
5 0.728935 0.508447 0.010974 0.015308
5 0.737421 0.529964 0.011173 0.018430
5 0.722079 0.533132 0.012304 0.018691
5 0.744331 0.548568 0.010532 0.016593
5 0.759694 0.506046 0.011757 0.018312
5 0.752708 0.483194 0.009354 0.014259
5 0.758939 0.463625 0.009670 0.015033
5 0.775125 0.505064 0.009648 0.015481
5 0.782146 0.526231 0.010384 0.020504
5 0.797743 0.525831 0.010341 0.017105
5 0.813160 0.524732 0.012254 0.017507
5 0.828213 0.522815 0.011701 0.017145
5 0.843122 0.522081 0.011439 0.017412
5 0.837289 0.543634 0.011922 0.016269
5 0.851888 0.543634 0.009882 0.016269
5 0.867893 0.542536 0.011815 0.016671
5 0.859351 0.522666 0.010928 0.016844
5 0.875448 0.521700 0.011884 0.015781
5 0.850087 0.500746 0.011487 0.018123
5 0.820713 0.502377 0.012323 0.019654
5 0.805551 0.503762 0.011498 0.018085
5 0.797831 0.481726 0.009364 0.014796
5 0.775480 0.549702 0.010936 0.019723
5 0.767981 0.527015 0.011556 0.017737
5 0.852980 0.584882 0.010911 0.017199
5 0.837683 0.586049 0.011553 0.016063
5 0.846259 0.606899 0.010773 0.018722
5 0.862110 0.605717 0.011820 0.018089
5 0.878196 0.604467 0.011597 0.018194
5 0.883791 0.583440 0.011490 0.019415
5 0.892158 0.603598 0.010852 0.016529
5 0.908496 0.603255 0.012898 0.017214
5 0.900533 0.583018 0.011146 0.017888
5 0.915731 0.581214 0.011367 0.017708
5 0.923799 0.601330 0.011960 0.016797
5 0.938865 0.600040 0.010549 0.015587
5 0.907170 0.561600 0.012075 0.016193
5 0.891630 0.562957 0.012539 0.018220
5 0.860270 0.563009 0.012449 0.017640
5 0.923097 0.560772 0.011469 0.014534
5 0.938557 0.559583 0.010848 0.018331
5 0.890420 0.518745 0.011488 0.017571
5 0.883581 0.500107 0.009699 0.014581
5 0.905223 0.518679 0.010922 0.016754
5 0.921507 0.518693 0.011491 0.018151
5 0.938065 0.518217 0.012148 0.017204
5 0.952244 0.517112 0.011250 0.017048
5 0.961278 0.537372 0.011488 0.019167
5 0.968987 0.556948 0.010906 0.016491
5 0.944255 0.495137 0.010814 0.018357
5 0.912966 0.494756 0.009953 0.014853
5 0.958837 0.495651 0.011635 0.017330
5 0.965731 0.472888 0.010791 0.015005
5 0.982129 0.473942 0.011133 0.015741
5 0.939976 0.641955 0.011402 0.016439
5 0.955139 0.640862 0.012009 0.017682
5 0.969826 0.638265 0.011670 0.020031
5 0.948202 0.663243 0.012309 0.016503
5 0.994392 0.660085 0.010515 0.017926
5 0.986679 0.680528 0.012917 0.019527
5 0.956356 0.682519 0.011701 0.014595
5 0.940535 0.683757 0.011147 0.016385
5 0.925513 0.684401 0.013103 0.016989
5 0.917050 0.664616 0.011720 0.015817
5 0.745025 0.508707 0.012367 0.018492
5 0.729296 0.465750 0.010838 0.018428
5 0.597001 0.494964 0.011926 0.016207
5 0.487764 0.457820 0.012401 0.015952
5 0.217797 0.517112 0.010125 0.014827
5 0.187314 0.558873 0.011640 0.015649
5 0.195945 0.578572 0.011051 0.014882
5 0.211534 0.577649 0.011776 0.016186
5 0.219419 0.597166 0.012318 0.017417
5 0.228046 0.617533 0.012252 0.018307
5 0.245344 0.616167 0.012741 0.016089
5 0.236646 0.637957 0.013420 0.016695
5 0.222413 0.638390 0.012923 0.016536
5 0.205960 0.638397 0.013098 0.017578
5 0.215529 0.658094 0.012797 0.017064
5 0.230830 0.658596 0.013043 0.015000
5 0.239299 0.676484 0.012588 0.015987
5 0.255046 0.677536 0.010999 0.017064
5 0.187732 0.598456 0.012113 0.015457
5 0.204329 0.597817 0.011884 0.016738
5 0.212975 0.616707 0.011782 0.018191
5 0.197424 0.618996 0.012741 0.017145
5 0.189643 0.638310 0.012528 0.017401
5 0.198441 0.657888 0.013067 0.018187
5 0.252702 0.636541 0.010743 0.018466
5 0.267555 0.636186 0.012825 0.017758
5 0.283682 0.635312 0.011654 0.017034
5 0.300077 0.634557 0.011360 0.015009
5 0.314749 0.633179 0.012394 0.016349
5 0.307629 0.654193 0.011799 0.017448
5 0.277820 0.656020 0.012549 0.018033
5 0.262145 0.656236 0.012577 0.017955
5 0.210101 0.537128 0.010467 0.014051
5 0.178052 0.538002 0.009809 0.014775
5 0.194683 0.537159 0.009986 0.012576
5 0.192771 0.497027 0.011479 0.016035
4 0.186237 0.519768 0.017992 0.022491
4 0.209754 0.497041 0.017677 0.021544
5 0.170223 0.559427 0.012255 0.017670
5 0.162604 0.580703 0.012053 0.016271
5 0.171629 0.599588 0.012369 0.016456
5 0.179070 0.578291 0.011061 0.015500
