6 0.564888 0.717271 0.870225 0.565459
5 0.973284 0.487642 0.012735 0.021121
5 0.866706 0.460100 0.014889 0.021121
5 0.912713 0.465736 0.012812 0.019715
5 0.927590 0.467772 0.012812 0.019715
5 0.882187 0.460750 0.012812 0.019715
5 0.897925 0.462418 0.012812 0.019715
5 0.942114 0.472758 0.012812 0.019715
5 0.952946 0.460941 0.012812 0.019715
5 0.967101 0.466849 0.012812 0.019715
5 0.849968 0.459955 0.015509 0.021121
5 0.859196 0.484739 0.012812 0.019715
5 0.865647 0.508007 0.012812 0.019715
5 0.843379 0.485693 0.015509 0.021121
5 0.833573 0.462226 0.015509 0.021121
5 0.836309 0.507590 0.015509 0.021121
5 0.814756 0.531975 0.015509 0.021121
5 0.822027 0.555977 0.012812 0.019715
5 0.806066 0.509967 0.014889 0.021121
5 0.844401 0.533099 0.012812 0.019715
5 0.851342 0.556251 0.012812 0.019715
5 0.771381 0.535519 0.015509 0.021121
5 0.784854 0.531741 0.015509 0.021121
5 0.799948 0.532571 0.014889 0.021121
5 0.792971 0.556510 0.012812 0.019715
5 0.778392 0.556793 0.012812 0.019715
5 0.764011 0.560449 0.012812 0.019715
5 0.757138 0.539958 0.013303 0.021592
5 0.733566 0.518879 0.013303 0.021592
5 0.741608 0.542315 0.013303 0.021592
5 0.727280 0.542593 0.013303 0.021592
5 0.763942 0.514049 0.013303 0.021592
5 0.742153 0.495532 0.013303 0.021592
5 0.733796 0.473150 0.014775 0.021592
5 0.816403 0.462177 0.013303 0.021592
5 0.785628 0.579297 0.014301 0.021592
5 0.616806 0.526428 0.014301 0.021592
5 0.610681 0.502333 0.014301 0.021592
5 0.604095 0.479972 0.014301 0.021592
5 0.596700 0.455877 0.014301 0.021592
5 0.510560 0.484605 0.014301 0.021592
5 0.537246 0.455609 0.015106 0.028748
5 0.402319 0.487914 0.014301 0.021592
5 0.437615 0.539868 0.014301 0.025786
5 0.321562 0.534025 0.013303 0.021592
5 0.313886 0.556130 0.013303 0.021592
5 0.328128 0.556510 0.013303 0.021592
5 0.343015 0.560122 0.015509 0.021121
5 0.262042 0.573520 0.013303 0.021592
5 0.299576 0.596764 0.013303 0.021592
5 0.284978 0.597247 0.013303 0.021592
5 0.270273 0.595637 0.013303 0.021592
5 0.278216 0.617053 0.013303 0.021592
5 0.292814 0.618019 0.013303 0.021592
5 0.313960 0.597569 0.013303 0.021592
5 0.321688 0.577120 0.013303 0.021592
5 0.284334 0.552323 0.013303 0.021592
5 0.263701 0.616677 0.013303 0.021592
5 0.272085 0.637325 0.013303 0.021592
5 0.228164 0.675618 0.013303 0.021592
5 0.235547 0.656284 0.013303 0.021592
5 0.227163 0.634322 0.013303 0.021592
5 0.233920 0.613111 0.013303 0.021592
5 0.255317 0.594528 0.013303 0.021592
5 0.247935 0.571252 0.013303 0.021592
5 0.233170 0.570126 0.013303 0.021592
5 0.217529 0.572003 0.013303 0.021592
5 0.219867 0.654230 0.013303 0.021592
5 0.204188 0.654417 0.013303 0.021592
5 0.188508 0.653670 0.013303 0.021592
5 0.172704 0.653857 0.013303 0.021592
5 0.179424 0.633883 0.013303 0.021592
5 0.211405 0.635003 0.013303 0.021592
5 0.218499 0.612788 0.013303 0.021592
5 0.193984 0.594867 0.013303 0.021592
5 0.225322 0.551496 0.013303 0.021592
5 0.276862 0.573959 0.013303 0.021592
5 0.291048 0.575453 0.013303 0.021592
5 0.252471 0.501622 0.013303 0.021592
5 0.225804 0.591168 0.013303 0.021592
5 0.203130 0.615339 0.013303 0.021592
5 0.203718 0.693044 0.013303 0.021592
5 0.196012 0.712358 0.013303 0.021592
5 0.187178 0.692762 0.013303 0.021592
