6 0.538793 0.650038 0.922414 0.699924
5 0.761332 0.374798 0.015554 0.024530
5 0.745968 0.420200 0.015554 0.024530
5 0.778097 0.374798 0.015554 0.024530
5 0.737275 0.397846 0.015554 0.024530
5 0.753878 0.398126 0.015554 0.024530
5 0.762281 0.420480 0.015554 0.024530
5 0.778933 0.420219 0.015554 0.024530
5 0.770530 0.397865 0.015554 0.024530
5 0.786834 0.398126 0.015554 0.024530
5 0.795237 0.420480 0.015554 0.024530
5 0.712953 0.375139 0.015554 0.024530
5 0.729015 0.376543 0.015554 0.024530
5 0.721787 0.355068 0.015554 0.024530
5 0.769316 0.348867 0.015738 0.028206
5 0.704254 0.397404 0.015554 0.024530
5 0.721104 0.397094 0.015554 0.024530
5 0.713099 0.419221 0.015554 0.024530
5 0.729408 0.418911 0.015554 0.024530
5 0.705078 0.441756 0.015554 0.024530
5 0.721780 0.441053 0.015554 0.024530
5 0.737947 0.441620 0.015554 0.024530
5 0.754260 0.441900 0.015554 0.024530
5 0.771049 0.442707 0.015554 0.024530
5 0.787484 0.442903 0.015554 0.024530
5 0.762461 0.464156 0.015554 0.024530
5 0.779250 0.464963 0.015554 0.024530
5 0.795685 0.465159 0.015554 0.024530
5 0.688631 0.441884 0.015554 0.024530
5 0.696738 0.419349 0.015554 0.024530
5 0.687722 0.397404 0.015554 0.024530
5 0.638844 0.395813 0.015554 0.024530
5 0.654776 0.394520 0.015554 0.024530
5 0.671526 0.396946 0.015554 0.024530
5 0.646975 0.372994 0.015554 0.024530
5 0.614507 0.371384 0.015554 0.024530
5 0.622453 0.395173 0.015554 0.024530
5 0.639786 0.348503 0.015554 0.024530
5 0.623791 0.347109 0.015738 0.028206
5 0.606849 0.346310 0.015738 0.028206
5 0.574354 0.344292 0.015738 0.028206
5 0.582549 0.369903 0.015738 0.028206
5 0.590183 0.394148 0.015554 0.024530
5 0.606574 0.394789 0.015554 0.024530
5 0.647599 0.418329 0.015554 0.024530
5 0.631246 0.417711 0.015554 0.024530
5 0.614855 0.417070 0.015554 0.024530
5 0.540616 0.391921 0.015554 0.024530
5 0.557006 0.392562 0.015554 0.024530
5 0.573685 0.392946 0.015554 0.024530
5 0.582273 0.416689 0.015554 0.024530
5 0.565690 0.416245 0.015554 0.024530
5 0.549088 0.413407 0.015113 0.021949
5 0.532621 0.415220 0.015554 0.024530
5 0.573512 0.438549 0.015554 0.024530
5 0.556930 0.438104 0.015554 0.024530
5 0.540455 0.437459 0.015554 0.024530
5 0.532035 0.459959 0.015554 0.024530
5 0.548510 0.460604 0.015554 0.024530
5 0.565093 0.461049 0.015554 0.024530
5 0.515588 0.416672 0.015554 0.024530
5 0.523906 0.437749 0.015554 0.024530
5 0.516067 0.460685 0.015554 0.024530
5 0.549006 0.368938 0.015554 0.024530
5 0.565397 0.369578 0.015554 0.024530
5 0.507508 0.392742 0.015554 0.024530
5 0.523899 0.393382 0.015554 0.024530
5 0.515599 0.369441 0.015554 0.024530
5 0.498752 0.368801 0.015554 0.024530
5 0.523096 0.343608 0.015738 0.028206
5 0.458332 0.393422 0.015738 0.028206
5 0.489450 0.342260 0.015554 0.024530
5 0.482099 0.367538 0.015554 0.024530
5 0.473023 0.342978 0.015554 0.024530
5 0.450007 0.368801 0.015554 0.024530
5 0.434008 0.371467 0.015554 0.024530
5 0.491180 0.392176 0.015554 0.024530
5 0.474988 0.391676 0.015554 0.024530
5 0.506422 0.343461 0.015738 0.028206
5 0.466474 0.414973 0.015554 0.024530
5 0.483320 0.415052 0.015554 0.024530
5 0.457937 0.439860 0.015554 0.024530
5 0.474729 0.438595 0.015554 0.024530
5 0.491610 0.436680 0.015554 0.024530
5 0.508030 0.438222 0.015554 0.024530
5 0.499335 0.460286 0.015554 0.024530
5 0.482996 0.460329 0.015554 0.024530
5 0.466521 0.461512 0.015554 0.024530
5 0.449241 0.461924 0.015554 0.024530
5 0.425482 0.392743 0.015113 0.021949
5 0.433418 0.415968 0.015113 0.021949
5 0.449870 0.416404 0.015113 0.021949
5 0.408740 0.391872 0.015113 0.021949
5 0.424453 0.437102 0.015554 0.024530
5 0.441148 0.439030 0.015554 0.024530
5 0.432360 0.460351 0.015554 0.024530
5 0.415854 0.458440 0.015554 0.024530
5 0.400319 0.413908 0.015113 0.021949
5 0.391354 0.435041 0.015554 0.024530
5 0.382755 0.456379 0.015554 0.024530
5 0.399176 0.457529 0.015554 0.024530
5 0.408218 0.435321 0.015554 0.024530
5 0.417278 0.414343 0.015113 0.021949
5 0.366274 0.455745 0.015554 0.024530
5 0.375809 0.391468 0.015113 0.021949
5 0.392092 0.392284 0.015113 0.021949
5 0.400797 0.369718 0.015113 0.021949
5 0.358805 0.389113 0.015554 0.024530
5 0.342311 0.389903 0.015554 0.024530
5 0.325817 0.390429 0.015554 0.024530
5 0.333538 0.410564 0.015554 0.024530
5 0.317044 0.411090 0.015554 0.024530
5 0.309445 0.432831 0.015554 0.024530
5 0.342413 0.432130 0.015554 0.024530
5 0.325566 0.432189 0.015554 0.024530
5 0.308666 0.475601 0.015554 0.024530
5 0.325147 0.476235 0.015554 0.024530
5 0.342128 0.478643 0.015554 0.024530
5 0.358246 0.478295 0.015554 0.024530
5 0.374006 0.478528 0.015554 0.024530
5 0.334484 0.454872 0.015554 0.024530
5 0.300911 0.454142 0.015554 0.024530
5 0.291794 0.476440 0.015554 0.024530
5 0.258497 0.474696 0.015554 0.024530
5 0.275198 0.475846 0.015554 0.024530
5 0.276061 0.432225 0.015113 0.021949
5 0.267096 0.453359 0.015554 0.024530
5 0.284147 0.454338 0.015554 0.024530
5 0.293020 0.432660 0.015113 0.021949
5 0.241186 0.473385 0.015554 0.024530
5 0.249785 0.452047 0.015554 0.024530
5 0.259012 0.430782 0.015113 0.021949
5 0.251056 0.409143 0.015113 0.021949
5 0.267843 0.410323 0.015113 0.021949
5 0.284801 0.410759 0.015113 0.021949
5 0.366186 0.500677 0.015554 0.024530
5 0.349588 0.499874 0.015554 0.024530
5 0.333470 0.499421 0.015554 0.024530
5 0.316489 0.497013 0.015554 0.024530
5 0.299856 0.497978 0.015554 0.024530
5 0.283136 0.497218 0.015554 0.024530
5 0.266236 0.496853 0.015554 0.024530
5 0.249611 0.496160 0.015554 0.024530
5 0.232528 0.494164 0.015554 0.024530
5 0.423874 0.481054 0.015554 0.024530
5 0.407266 0.479910 0.015554 0.024530
5 0.671830 0.441374 0.015554 0.024530
5 0.655477 0.440755 0.015554 0.024530
5 0.639086 0.440115 0.015554 0.024530
5 0.622552 0.438548 0.015554 0.024530
5 0.606619 0.439841 0.015554 0.024530
5 0.590229 0.439200 0.015554 0.024530
5 0.843153 0.416463 0.015554 0.024530
5 0.837188 0.441761 0.015554 0.024530
5 0.803581 0.443536 0.015554 0.024530
5 0.810963 0.421253 0.015554 0.024530
5 0.827041 0.419555 0.015554 0.024530
5 0.820370 0.443098 0.015554 0.024530
5 0.853027 0.439940 0.015554 0.024530
5 0.869377 0.441473 0.015554 0.024530
5 0.861841 0.464561 0.015554 0.024530
5 0.845235 0.463699 0.015554 0.024530
5 0.828949 0.464178 0.015554 0.024530
5 0.812131 0.465515 0.015554 0.024530
5 0.926586 0.423761 0.015554 0.024530
5 0.910419 0.423327 0.015554 0.024530
5 0.894214 0.423362 0.015554 0.024530
5 0.877945 0.419070 0.015554 0.024530
5 0.917833 0.400672 0.015554 0.024530
5 0.933908 0.401518 0.015554 0.024530
5 0.885335 0.444369 0.015554 0.024530
5 0.902181 0.444746 0.015554 0.024530
5 0.918073 0.445455 0.015554 0.024530
5 0.934915 0.445043 0.015554 0.024530
5 0.942879 0.467148 0.015554 0.024530
5 0.926677 0.467560 0.015554 0.024530
5 0.893851 0.466302 0.015554 0.024530
5 0.995753 0.446067 0.008494 0.024530
5 0.982842 0.445275 0.015554 0.024530
5 0.966950 0.444566 0.015554 0.024530
5 0.990854 0.424191 0.015554 0.024530
5 0.974413 0.423398 0.015554 0.024530
5 0.996221 0.403920 0.007557 0.024530
5 0.991121 0.467843 0.015554 0.024530
5 0.974681 0.467050 0.015554 0.024530
5 0.958788 0.466341 0.015554 0.024530
5 0.995658 0.488819 0.008683 0.024530
5 0.982757 0.489015 0.015554 0.024530
5 0.966414 0.488369 0.015554 0.024530
5 0.950521 0.488392 0.015554 0.024530
5 0.934319 0.488467 0.015554 0.024530
5 0.918118 0.488294 0.015554 0.024530
