6 0.311983 0.651882 0.623967 0.696235
5 0.073767 0.342270 0.016504 0.025691
5 0.056910 0.341616 0.016504 0.025691
5 0.023642 0.341386 0.016504 0.025691
5 0.040199 0.341834 0.016504 0.025691
5 0.007786 0.342003 0.015573 0.025691
5 0.048294 0.363601 0.016504 0.025691
5 0.015470 0.363638 0.016504 0.025691
5 0.003478 0.363989 0.006956 0.025691
5 0.040299 0.385321 0.016504 0.025691
5 0.007552 0.385890 0.015105 0.025691
5 0.091110 0.341882 0.016504 0.025691
5 0.099638 0.320429 0.016504 0.025691
5 0.082672 0.363601 0.016504 0.025691
5 0.082494 0.320030 0.016504 0.025691
5 0.065150 0.320417 0.016504 0.025691
5 0.048294 0.319763 0.016504 0.025691
5 0.031583 0.319981 0.016504 0.025691
5 0.015025 0.319533 0.016504 0.025691
5 0.003478 0.320151 0.006956 0.025691
5 0.211490 0.342192 0.016504 0.025691
5 0.194147 0.342579 0.016504 0.025691
5 0.177290 0.341925 0.016504 0.025691
5 0.160579 0.342286 0.016504 0.025691
5 0.143357 0.341695 0.016504 0.025691
5 0.126371 0.342313 0.016504 0.025691
5 0.108552 0.341516 0.016504 0.025691
5 0.220326 0.319390 0.016504 0.025691
5 0.203457 0.320633 0.016504 0.025691
5 0.186506 0.320264 0.016504 0.025691
5 0.151907 0.320462 0.016504 0.025691
5 0.134636 0.320081 0.016504 0.025691
5 0.117102 0.320283 0.016504 0.025691
5 0.169065 0.319635 0.016504 0.025691
5 0.202560 0.363710 0.016504 0.025691
5 0.185216 0.364098 0.016504 0.025691
5 0.151269 0.364374 0.016504 0.025691
5 0.134046 0.363784 0.016504 0.025691
5 0.117060 0.364401 0.016504 0.025691
5 0.304531 0.363245 0.016504 0.025691
5 0.287457 0.362686 0.016504 0.025691
5 0.270421 0.362843 0.016504 0.025691
5 0.253800 0.363204 0.016504 0.025691
5 0.236757 0.363830 0.016504 0.025691
5 0.228514 0.341328 0.016504 0.025691
5 0.245140 0.342063 0.016504 0.025691
5 0.262182 0.341437 0.016504 0.025691
5 0.295839 0.340919 0.016504 0.025691
5 0.312913 0.341478 0.016504 0.025691
5 0.278803 0.341076 0.016504 0.025691
5 0.321656 0.362975 0.016504 0.025691
5 0.330849 0.340937 0.016504 0.025691
5 0.312823 0.385823 0.016504 0.025691
5 0.278624 0.385535 0.016504 0.025691
5 0.244967 0.386052 0.016504 0.025691
5 0.423948 0.361217 0.016504 0.025691
5 0.407057 0.360784 0.016504 0.025691
5 0.390101 0.361104 0.016504 0.025691
5 0.373181 0.361261 0.016504 0.025691
5 0.355974 0.361622 0.016504 0.025691
5 0.338932 0.362248 0.016504 0.025691
5 0.415160 0.383890 0.016504 0.025691
5 0.398269 0.383457 0.016504 0.025691
5 0.381313 0.383777 0.016504 0.025691
5 0.347772 0.384471 0.016504 0.025691
5 0.330496 0.384394 0.016504 0.025691
5 0.432970 0.339247 0.016504 0.025691
5 0.416079 0.338814 0.016504 0.025691
5 0.399123 0.339134 0.016504 0.025691
5 0.382203 0.339291 0.016504 0.025691
5 0.364997 0.339652 0.016504 0.025691
5 0.347955 0.340278 0.016504 0.025691
5 0.406105 0.406352 0.016504 0.025691
5 0.389214 0.405920 0.016504 0.025691
5 0.372507 0.406239 0.016504 0.025691
5 0.355588 0.406397 0.016504 0.025691
5 0.338215 0.406882 0.016504 0.025691
5 0.321006 0.407508 0.016504 0.025691
5 0.423424 0.405877 0.016504 0.025691
5 0.441267 0.360742 0.016504 0.025691
5 0.432479 0.383415 0.016504 0.025691
5 0.450289 0.338772 0.016504 0.025691
5 0.414553 0.428213 0.016504 0.025691
5 0.397551 0.428530 0.016504 0.025691
5 0.363319 0.428575 0.016504 0.025691
5 0.346400 0.428732 0.016504 0.025691
5 0.336790 0.451702 0.016504 0.025691
5 0.372000 0.450591 0.016504 0.025691
5 0.438737 0.450707 0.016504 0.025691
5 0.421735 0.451024 0.016504 0.025691
5 0.463996 0.473401 0.016504 0.025691
5 0.456122 0.451195 0.016504 0.025691
5 0.446993 0.473718 0.016504 0.025691
5 0.490557 0.451497 0.016504 0.025691
5 0.482223 0.429119 0.016504 0.025691
5 0.498882 0.429137 0.016504 0.025691
5 0.491017 0.406309 0.016504 0.025691
5 0.473715 0.406870 0.016504 0.025691
5 0.457200 0.406009 0.016504 0.025691
5 0.448669 0.383811 0.016504 0.025691
5 0.439881 0.406484 0.016504 0.025691
5 0.448146 0.428471 0.016504 0.025691
5 0.466031 0.383984 0.016504 0.025691
5 0.458400 0.361087 0.016504 0.025691
5 0.491638 0.362294 0.016504 0.025691
5 0.483749 0.339979 0.016504 0.025691
5 0.466430 0.340454 0.016504 0.025691
5 0.474727 0.361949 0.016504 0.025691
5 0.515758 0.428751 0.016504 0.025691
5 0.507894 0.406502 0.016504 0.025691
5 0.499391 0.384859 0.016504 0.025691
5 0.507255 0.451167 0.016504 0.025691
5 0.524132 0.450781 0.016504 0.025691
5 0.532119 0.473197 0.016504 0.025691
5 0.515114 0.473583 0.016504 0.025691
5 0.505630 0.495943 0.016504 0.025691
5 0.522844 0.495806 0.016504 0.025691
5 0.540880 0.495033 0.016504 0.025691
5 0.489269 0.495556 0.016504 0.025691
5 0.531346 0.517836 0.016504 0.025691
5 0.514004 0.517779 0.016504 0.025691
5 0.541524 0.450394 0.016504 0.025691
5 0.551444 0.428364 0.016504 0.025691
5 0.559818 0.450781 0.016504 0.025691
5 0.550155 0.473390 0.016504 0.025691
5 0.552984 0.383699 0.016504 0.025691
5 0.561492 0.405562 0.016504 0.025691
5 0.569866 0.427592 0.016504 0.025691
5 0.525930 0.362829 0.016504 0.025691
5 0.534438 0.384692 0.016504 0.025691
5 0.500727 0.339683 0.016504 0.025691
5 0.580002 0.405396 0.016504 0.025691
5 0.588376 0.427425 0.016504 0.025691
5 0.577646 0.494028 0.016504 0.025691
5 0.559610 0.494801 0.016504 0.025691
5 0.512326 0.561819 0.016504 0.025691
5 0.503952 0.539982 0.016504 0.025691
5 0.582543 0.603035 0.016504 0.025691
5 0.564507 0.603808 0.016504 0.025691
5 0.547293 0.603945 0.016504 0.025691
5 0.566185 0.560044 0.016504 0.025691
5 0.576579 0.537772 0.016504 0.025691
5 0.558543 0.537579 0.016504 0.025691
5 0.568087 0.516663 0.016504 0.025691
5 0.473978 0.537772 0.016504 0.025691
5 0.571255 0.669330 0.016504 0.025691
5 0.562752 0.647300 0.016504 0.025691
5 0.554533 0.625445 0.016504 0.025691
5 0.589985 0.668412 0.016504 0.025691
5 0.561462 0.691549 0.016504 0.025691
5 0.553137 0.669697 0.016504 0.025691
5 0.528563 0.604128 0.016504 0.025691
5 0.530154 0.560792 0.016504 0.025691
