6 0.285901 0.675874 0.571801 0.648253
5 0.001945 0.428263 0.003889 0.023058
5 0.005392 0.404535 0.010784 0.023058
5 0.009856 0.383647 0.015105 0.023058
5 0.018025 0.448620 0.015105 0.023058
5 0.005680 0.449953 0.011360 0.023058
5 0.039350 0.424459 0.015105 0.023058
5 0.010332 0.427399 0.015105 0.023058
5 0.025242 0.427123 0.015105 0.023058
5 0.061666 0.447338 0.015105 0.023058
5 0.055141 0.468408 0.015105 0.023058
5 0.047246 0.446293 0.015105 0.023058
5 0.069501 0.467711 0.015105 0.023058
5 0.062072 0.401183 0.015105 0.023058
5 0.047188 0.402516 0.015105 0.023058
5 0.032278 0.402792 0.015105 0.023058
5 0.077780 0.402516 0.015105 0.023058
5 0.068722 0.424293 0.015105 0.023058
5 0.084240 0.425291 0.015105 0.023058
5 0.054113 0.424905 0.015105 0.023058
5 0.076946 0.445355 0.015105 0.023058
5 0.084720 0.467456 0.015105 0.023058
4 0.095726 0.425314 0.021959 0.069849
4 0.133164 0.435760 0.021840 0.048068
4 0.347089 0.470004 0.390526 0.194762
5 0.130197 0.467456 0.015105 0.023058
5 0.114977 0.467711 0.015105 0.023058
5 0.100617 0.468408 0.015105 0.023058
5 0.107142 0.447338 0.015105 0.023058
5 0.122423 0.445355 0.015105 0.023058
5 0.121134 0.402261 0.015105 0.023058
5 0.106112 0.403279 0.015105 0.023058
5 0.114848 0.424038 0.015105 0.023058
5 0.097199 0.382877 0.015105 0.023058
5 0.103356 0.361680 0.015105 0.023058
5 0.112418 0.381849 0.015105 0.023058
5 0.151409 0.401682 0.015105 0.023058
5 0.136386 0.402699 0.015105 0.023058
5 0.127731 0.381138 0.015105 0.023058
5 0.144110 0.381849 0.015105 0.023058
5 0.175673 0.381849 0.015105 0.023058
5 0.159037 0.381718 0.015105 0.023058
5 0.198017 0.485818 0.015105 0.023058
5 0.182553 0.486258 0.015105 0.023058
5 0.190733 0.466288 0.015105 0.023058
5 0.206035 0.465737 0.015105 0.023058
5 0.213319 0.485268 0.015105 0.023058
5 0.228255 0.484717 0.015105 0.023058
5 0.221460 0.464452 0.015105 0.023058
5 0.219869 0.422768 0.015105 0.023058
5 0.204689 0.423503 0.015105 0.023058
5 0.272788 0.523697 0.015105 0.023058
5 0.257835 0.523986 0.015105 0.023058
5 0.243068 0.523771 0.015105 0.023058
5 0.251074 0.504849 0.015105 0.023058
5 0.280231 0.503929 0.015105 0.023058
5 0.265416 0.504167 0.015105 0.023058
5 0.324762 0.503278 0.015105 0.023058
5 0.331915 0.482365 0.015105 0.023058
5 0.346476 0.522127 0.015105 0.023058
5 0.339104 0.502597 0.015105 0.023058
5 0.346444 0.441136 0.015105 0.023058
5 0.339290 0.462050 0.015105 0.023058
5 0.308749 0.424056 0.015105 0.023058
5 0.301595 0.443006 0.015105 0.023058
5 0.316331 0.442520 0.015105 0.023058
5 0.399027 0.500759 0.015105 0.023058
5 0.384122 0.500314 0.015105 0.023058
5 0.369238 0.501199 0.015105 0.023058
5 0.391679 0.480342 0.015105 0.023058
5 0.376956 0.480034 0.015105 0.023058
5 0.399797 0.541188 0.015105 0.023058
5 0.407354 0.521216 0.015105 0.023058
5 0.384395 0.540504 0.015105 0.023058
5 0.392541 0.560596 0.015105 0.023058
5 0.407424 0.559711 0.015105 0.023058
5 0.422329 0.560156 0.015105 0.023058
5 0.469053 0.558787 0.015105 0.023058
5 0.476680 0.577310 0.015105 0.023058
5 0.461797 0.578195 0.015105 0.023058
5 0.475833 0.537376 0.015105 0.023058
5 0.460681 0.537921 0.015105 0.023058
5 0.421846 0.520084 0.015105 0.023058
5 0.166773 0.361431 0.015105 0.023058
5 0.134948 0.361823 0.015105 0.023058
5 0.539055 0.574594 0.015105 0.023058
5 0.523113 0.576074 0.015105 0.023058
5 0.514967 0.555982 0.015105 0.023058
5 0.531030 0.554682 0.015105 0.023058
5 0.522640 0.536139 0.015105 0.023058
5 0.538703 0.534838 0.015105 0.023058
5 0.514438 0.514310 0.015105 0.023058
5 0.491629 0.576715 0.015105 0.023058
5 0.522621 0.657029 0.015105 0.023058
5 0.530538 0.635636 0.015105 0.023058
5 0.538563 0.655549 0.015105 0.023058
5 0.507080 0.616689 0.015105 0.023058
5 0.515118 0.596020 0.015105 0.023058
5 0.499042 0.555174 0.015105 0.023058
