6 0.581913 0.679451 0.836174 0.641098
5 0.278330 0.424953 0.013100 0.020360
5 0.307923 0.425545 0.014520 0.023438
5 0.315972 0.446733 0.014836 0.021307
5 0.351799 0.427083 0.012311 0.021307
5 0.367266 0.428622 0.014520 0.022017
5 0.359059 0.408381 0.013573 0.020360
5 0.373106 0.408026 0.014205 0.020597
5 0.379656 0.390388 0.013731 0.015625
5 0.395991 0.388968 0.014836 0.019413
5 0.419192 0.408617 0.014520 0.021780
5 0.403646 0.408617 0.015309 0.020833
5 0.425979 0.427557 0.014205 0.020360
5 0.441288 0.427320 0.015783 0.023674
5 0.410906 0.388258 0.013415 0.017519
5 0.449179 0.406605 0.013889 0.019650
5 0.426847 0.387311 0.014362 0.019886
5 0.337674 0.425071 0.012153 0.021544
5 0.286143 0.446259 0.013573 0.021307
5 0.270518 0.445904 0.014205 0.022964
5 0.264520 0.467211 0.014836 0.019650
5 0.230982 0.428504 0.014678 0.021307
5 0.249118 0.507102 0.016228 0.019886
5 0.257461 0.526269 0.013681 0.018807
5 0.225188 0.523899 0.013681 0.018807
5 0.217740 0.544212 0.013681 0.018807
5 0.210292 0.564186 0.013681 0.018807
5 0.218191 0.583144 0.013681 0.018807
5 0.218417 0.621735 0.013681 0.018807
5 0.202844 0.623089 0.013681 0.018807
5 0.219770 0.661004 0.013681 0.018807
5 0.235568 0.661004 0.013681 0.018807
5 0.389937 0.449763 0.013681 0.018807
5 0.426498 0.428774 0.013681 0.018807
5 0.441619 0.429112 0.013681 0.018807
5 0.464639 0.449763 0.013681 0.018807
5 0.456288 0.427420 0.013681 0.018807
5 0.470958 0.428097 0.013681 0.018807
5 0.500974 0.430128 0.013681 0.018807
5 0.516095 0.429789 0.013681 0.018807
5 0.531217 0.429789 0.013681 0.018807
5 0.523769 0.449763 0.013681 0.018807
5 0.538665 0.450102 0.013681 0.018807
5 0.553335 0.450102 0.013681 0.018807
5 0.560783 0.429112 0.013681 0.018807
5 0.574776 0.426404 0.013681 0.018807
5 0.582224 0.447393 0.013681 0.018807
5 0.530994 0.388151 0.013681 0.018807
5 0.547019 0.388151 0.013681 0.018807
5 0.538894 0.408802 0.013681 0.018807
5 0.523095 0.409141 0.013681 0.018807
5 0.507748 0.409479 0.013681 0.018807
5 0.500751 0.429792 0.013681 0.018807
5 0.516098 0.430130 0.013681 0.018807
5 0.492628 0.409141 0.013681 0.018807
5 0.499399 0.389167 0.013681 0.018807
5 0.514746 0.388828 0.013681 0.018807
5 0.396708 0.429112 0.013681 0.018807
5 0.617977 0.426847 0.014362 0.024148
5 0.647727 0.426965 0.014836 0.022017
5 0.663510 0.427202 0.012942 0.020597
5 0.670928 0.450284 0.013258 0.021307
5 0.648990 0.470170 0.015467 0.021307
5 0.654253 0.406165 0.013415 0.018703
5 0.671165 0.406368 0.014678 0.021544
5 0.686316 0.406723 0.014678 0.021307
5 0.681581 0.384943 0.013415 0.018466
5 0.663905 0.386600 0.015625 0.020833
5 0.639915 0.407315 0.014678 0.020597
5 0.624132 0.407789 0.013731 0.020123
5 0.706834 0.423887 0.012468 0.022964
5 0.722064 0.424124 0.012311 0.018703
5 0.735973 0.424361 0.012676 0.018703
5 0.728456 0.403054 0.011837 0.015862
5 0.714568 0.403527 0.012153 0.017756
5 0.743292 0.404593 0.011521 0.018466
5 0.751578 0.422822 0.011679 0.019886
5 0.743789 0.445549 0.011607 0.019413
5 0.729561 0.446259 0.014994 0.022727
5 0.736742 0.468513 0.017677 0.023201
5 0.765941 0.466027 0.016414 0.021070
5 0.773438 0.443892 0.014678 0.021780
5 0.781408 0.421402 0.013889 0.020360
5 0.788747 0.443300 0.014994 0.022491
5 0.803819 0.445076 0.012626 0.020833
5 0.795612 0.421757 0.013573 0.020123
5 0.758523 0.403172 0.012311 0.018466
5 0.787642 0.401042 0.013731 0.020360
5 0.803425 0.401278 0.011837 0.017045
5 0.810527 0.424953 0.014362 0.020833
5 0.818419 0.447443 0.013731 0.022254
5 0.832150 0.448272 0.013100 0.021070
5 0.847301 0.448982 0.014678 0.021544
5 0.839489 0.427320 0.015783 0.022254
5 0.824653 0.426136 0.013573 0.020360
5 0.831360 0.404830 0.013100 0.020360
5 0.817314 0.405658 0.013415 0.021070
5 0.838778 0.384233 0.014047 0.018466
5 0.847064 0.405895 0.014520 0.021544
5 0.854956 0.386009 0.014205 0.018703
5 0.862610 0.406368 0.014362 0.020123
5 0.854419 0.427320 0.014331 0.020360
5 0.870186 0.428149 0.013415 0.021544
5 0.884391 0.428385 0.011837 0.020597
5 0.877210 0.407112 0.014520 0.023626
5 0.899779 0.427794 0.014836 0.023674
5 0.906092 0.449337 0.014520 0.021307
5 0.913947 0.427678 0.012551 0.021307
5 0.906802 0.408026 0.014994 0.018703
5 0.891803 0.406925 0.013400 0.021841
5 0.914536 0.385298 0.015309 0.022491
5 0.921954 0.407907 0.015309 0.023201
5 0.928583 0.426965 0.015309 0.022017
5 0.936315 0.447259 0.013238 0.020699
5 0.942955 0.467330 0.014362 0.020833
5 0.884470 0.468632 0.015467 0.021070
5 0.951315 0.446957 0.014205 0.020597
5 0.943813 0.426018 0.012942 0.021544
5 0.959038 0.426479 0.013400 0.018939
5 0.965918 0.448035 0.013275 0.022964
5 0.980594 0.447194 0.014205 0.022017
5 0.973169 0.425781 0.013889 0.022017
5 0.994318 0.444366 0.011364 0.020360
5 0.997240 0.466030 0.005521 0.019413
5 0.987295 0.466738 0.013731 0.020123
5 0.979009 0.487571 0.015467 0.021070
5 0.998502 0.422481 0.002996 0.021098
5 0.217330 0.503906 0.014205 0.016809
5 0.209201 0.524148 0.014047 0.017519
5 0.202304 0.543916 0.014459 0.022017
5 0.193182 0.523793 0.015467 0.019650
5 0.201673 0.504853 0.014146 0.020123
5 0.208058 0.485322 0.013970 0.020360
