6 0.550189 0.629025 0.899621 0.741951
5 0.998164 0.338578 0.003672 0.021981
5 0.997455 0.379527 0.005090 0.023045
5 0.993673 0.400444 0.012654 0.023754
5 0.986165 0.378640 0.013236 0.025526
5 0.993910 0.357546 0.012181 0.020208
5 0.987937 0.335919 0.013945 0.023045
5 0.977892 0.355596 0.014181 0.021981
5 0.970211 0.376513 0.013472 0.022690
5 0.963120 0.355241 0.013945 0.025526
5 0.971983 0.334147 0.012290 0.024463
5 0.979901 0.313407 0.013472 0.021981
5 0.996509 0.421539 0.006981 0.025526
5 0.991483 0.443165 0.013472 0.023399
5 0.976474 0.443874 0.013709 0.024108
5 0.985101 0.420830 0.012527 0.024108
5 0.977419 0.398849 0.013709 0.023399
5 0.994737 0.316775 0.010526 0.021626
5 0.948111 0.356305 0.012763 0.024817
5 0.956384 0.332906 0.013236 0.023399
5 0.941021 0.333792 0.013709 0.024463
5 0.932394 0.355419 0.013945 0.022336
5 0.955202 0.375804 0.014181 0.022690
5 0.940075 0.375981 0.013709 0.021626
5 0.947048 0.397431 0.013472 0.023399
5 0.931448 0.398140 0.013472 0.024817
5 0.924240 0.376691 0.014654 0.022336
5 0.917740 0.354178 0.013000 0.024108
5 0.911358 0.333615 0.013472 0.024108
5 0.902259 0.355773 0.014181 0.024463
5 0.908877 0.376336 0.013709 0.022336
5 0.893986 0.374563 0.014181 0.023045
5 0.886186 0.354355 0.013709 0.025172
5 0.894813 0.333969 0.013945 0.024108
5 0.903559 0.312166 0.013000 0.023754
5 0.887626 0.312027 0.015783 0.021780
5 0.879214 0.333083 0.013000 0.023045
5 0.872005 0.311811 0.013236 0.023754
5 0.870705 0.353823 0.013472 0.022690
5 0.878505 0.375981 0.013945 0.024463
5 0.885359 0.397076 0.014890 0.023399
5 0.901195 0.397253 0.013472 0.026590
5 0.923767 0.419234 0.013236 0.023045
5 0.862078 0.374563 0.014181 0.024463
5 0.880919 0.291430 0.014047 0.019413
5 0.911949 0.293198 0.013236 0.021272
5 0.926130 0.293375 0.013236 0.018081
5 0.895050 0.293021 0.014418 0.018081
5 0.856642 0.310570 0.013236 0.023399
5 0.864087 0.331488 0.013000 0.024108
5 0.848606 0.332374 0.014181 0.020208
5 0.869878 0.394949 0.013709 0.026235
5 0.854515 0.395303 0.014181 0.022690
5 0.861133 0.417994 0.013709 0.022690
5 0.876850 0.417639 0.014418 0.024817
5 0.829934 0.416930 0.013236 0.024108
5 0.837497 0.439265 0.013236 0.023399
5 0.839270 0.351164 0.013945 0.021626
5 0.855106 0.352937 0.013472 0.023754
5 0.846715 0.373322 0.014654 0.020563
5 0.831301 0.372361 0.014394 0.023415
5 0.823293 0.351075 0.013380 0.021591
5 0.840829 0.308958 0.012772 0.024327
5 0.824915 0.309262 0.013380 0.023111
5 0.807683 0.394256 0.012975 0.023415
5 0.815488 0.371601 0.013177 0.023111
5 0.832416 0.329636 0.014191 0.023719
5 0.817077 0.287879 0.014205 0.018939
5 0.801373 0.287642 0.014047 0.018466
5 0.833333 0.288826 0.014205 0.018939
5 0.785985 0.287997 0.013889 0.018229
5 0.770044 0.286340 0.014836 0.016809
5 0.754498 0.287050 0.013731 0.017756
5 0.739583 0.286695 0.013889 0.018466
5 0.723564 0.285511 0.015625 0.017045
5 0.707860 0.284683 0.014520 0.015388
5 0.692866 0.286932 0.014205 0.019886
5 0.677557 0.286103 0.013889 0.017756
5 0.661301 0.285156 0.013573 0.017282
5 0.668640 0.304214 0.014994 0.020833
5 0.699021 0.305990 0.014836 0.022964
5 0.729798 0.305398 0.014836 0.021307
5 0.746765 0.305398 0.015625 0.021780
5 0.800663 0.328007 0.015152 0.023438
5 0.808396 0.307884 0.013258 0.020123
5 0.816525 0.327533 0.016256 0.018703
5 0.807607 0.350497 0.015467 0.022491
5 0.791746 0.349432 0.016256 0.021780
5 0.774858 0.348722 0.015625 0.021307
5 0.777578 0.307285 0.013583 0.022807
5 0.799878 0.372057 0.013583 0.024023
5 0.768861 0.326443 0.013988 0.022199
5 0.753251 0.327659 0.013988 0.024023
5 0.761765 0.348946 0.012772 0.024023
5 0.783761 0.371449 0.014191 0.024023
5 0.791769 0.392127 0.013583 0.024023
5 0.814880 0.414782 0.012772 0.023111
5 0.822280 0.437741 0.014596 0.023415
5 0.768557 0.369703 0.014596 0.022042
5 0.768962 0.412653 0.012569 0.023719
5 0.752845 0.370384 0.013583 0.023111
5 0.746054 0.349250 0.012975 0.022807
5 0.737641 0.328116 0.013177 0.023719
5 0.729937 0.349706 0.013177 0.024327
5 0.722943 0.327203 0.014191 0.024327
5 0.737742 0.370689 0.013380 0.021895
5 0.745040 0.392127 0.013380 0.020982
5 0.760853 0.391519 0.012975 0.023415
5 0.707333 0.328876 0.013786 0.023415
5 0.722172 0.371301 0.013479 0.022638
5 0.800164 0.415727 0.013193 0.023190
5 0.752031 0.413717 0.013399 0.023500
5 0.729459 0.392691 0.013605 0.023500
5 0.737293 0.414181 0.014017 0.023809
5 0.744301 0.434434 0.014017 0.022881
5 0.728326 0.435825 0.014223 0.024427
5 0.721420 0.414490 0.014017 0.021954
5 0.702573 0.457386 0.016256 0.020360
5 0.741556 0.477983 0.014362 0.021780
5 0.719049 0.457934 0.013811 0.023500
5 0.705547 0.413563 0.012781 0.023190
5 0.713381 0.391764 0.013193 0.027210
5 0.706166 0.371975 0.014017 0.025973
5 0.714927 0.349402 0.012574 0.021644
5 0.699363 0.349093 0.012781 0.023500
5 0.691118 0.370119 0.014017 0.022881
5 0.684006 0.349093 0.012574 0.021644
5 0.691530 0.326830 0.013605 0.023500
5 0.676070 0.326985 0.013193 0.022572
5 0.667824 0.348629 0.013605 0.025664
5 0.674936 0.371201 0.015048 0.024427
5 0.697920 0.391918 0.012781 0.023190
5 0.689881 0.413872 0.013193 0.021335
5 0.682151 0.393000 0.014636 0.025355
5 0.674318 0.413253 0.014223 0.023809
5 0.667618 0.390991 0.012781 0.021335
5 0.658857 0.412944 0.013399 0.023809
5 0.651230 0.389908 0.013811 0.022881
5 0.659167 0.368109 0.012368 0.025664
5 0.659991 0.324511 0.014017 0.020098
5 0.652364 0.303331 0.014017 0.023500
5 0.635976 0.302712 0.013399 0.023500
5 0.628235 0.283617 0.011521 0.017045
5 0.644492 0.282552 0.014678 0.018703
5 0.619003 0.301847 0.017045 0.021307
5 0.603141 0.304096 0.015625 0.020123
5 0.611348 0.322917 0.015309 0.023201
5 0.628658 0.325130 0.015254 0.023190
5 0.644531 0.323429 0.012368 0.021026
5 0.636491 0.345692 0.013193 0.024118
5 0.620413 0.347083 0.014430 0.021954
5 0.628040 0.367336 0.014017 0.020408
5 0.644015 0.367955 0.013811 0.023500
5 0.635048 0.389445 0.014430 0.022572
5 0.642882 0.411553 0.013193 0.022881
5 0.634224 0.433816 0.014017 0.023500
5 0.627215 0.411089 0.013193 0.023190
5 0.619485 0.388362 0.015048 0.023500
5 0.619485 0.433816 0.014223 0.016697
5 0.611137 0.410471 0.013605 0.021954
5 0.603922 0.388208 0.014017 0.021954
5 0.612167 0.366873 0.013605 0.021335
5 0.604437 0.345228 0.012987 0.023190
5 0.588461 0.388981 0.013605 0.024118
5 0.595264 0.410934 0.012781 0.022881
5 0.578876 0.410161 0.012987 0.022572
5 0.564034 0.410625 0.013399 0.023500
5 0.572486 0.388672 0.012574 0.024118
5 0.580319 0.366100 0.013399 0.024118
5 0.588771 0.345692 0.012987 0.022263
5 0.596604 0.325130 0.012987 0.021335
5 0.581041 0.324357 0.014017 0.022881
5 0.573413 0.344919 0.013193 0.022572
5 0.565065 0.366563 0.012987 0.025664
5 0.575063 0.301785 0.014842 0.021644
5 0.565374 0.322347 0.013605 0.022572
5 0.556304 0.389290 0.013193 0.022881
5 0.548677 0.366563 0.014017 0.025664
5 0.540328 0.387744 0.013399 0.021644
5 0.547749 0.410316 0.014223 0.022263
5 0.555583 0.432733 0.014223 0.023190
5 0.532083 0.408615 0.014223 0.024427
5 0.532908 0.366563 0.013811 0.024427
5 0.541771 0.343218 0.013811 0.022881
5 0.556922 0.343682 0.013193 0.023190
5 0.549811 0.320956 0.013811 0.023500
5 0.543111 0.298229 0.013605 0.023190
5 0.559396 0.299466 0.014017 0.022572
5 0.526930 0.298229 0.012574 0.021335
5 0.526002 0.343218 0.013193 0.022881
5 0.517138 0.364708 0.014017 0.023190
5 0.524868 0.387126 0.013811 0.021026
5 0.516313 0.408306 0.014017 0.023190
5 0.508996 0.386816 0.014223 0.024118
5 0.501369 0.363008 0.014223 0.026592
5 0.510645 0.341827 0.014223 0.023809
5 0.502090 0.319100 0.014017 0.022881
5 0.494360 0.298074 0.013399 0.021026
5 0.486664 0.278054 0.013731 0.018703
5 0.502525 0.280066 0.014520 0.019413
5 0.518545 0.278527 0.016572 0.017282
5 0.534959 0.278172 0.014678 0.018466
5 0.552399 0.279001 0.015467 0.018703
5 0.485496 0.318946 0.013811 0.022572
5 0.494154 0.341054 0.014223 0.022263
5 0.485805 0.362853 0.014017 0.024427
5 0.493226 0.384343 0.014017 0.024118
5 0.478075 0.383261 0.013399 0.024427
5 0.469726 0.360998 0.014017 0.022572
5 0.461790 0.381560 0.013811 0.023500
5 0.469314 0.403668 0.014842 0.023809
5 0.445196 0.425158 0.014017 0.024118
5 0.461069 0.425776 0.014017 0.024118
5 0.436951 0.403050 0.014842 0.023809
5 0.429839 0.381251 0.014636 0.022881
5 0.437672 0.358215 0.014223 0.026282
5 0.445608 0.338735 0.014017 0.022572
5 0.478930 0.296638 0.015625 0.023201
5 0.430319 0.295928 0.015625 0.021780
5 0.438763 0.275450 0.014836 0.017756
5 0.454309 0.277344 0.014994 0.020597
5 0.422427 0.274858 0.013100 0.019413
5 0.406092 0.274384 0.016414 0.018939
5 0.389994 0.273793 0.015467 0.019176
5 0.372790 0.273201 0.014836 0.018939
5 0.356850 0.273082 0.013258 0.017756
5 0.347617 0.290246 0.014678 0.021307
5 0.364583 0.291193 0.013889 0.021780
5 0.453559 0.318480 0.014935 0.023740
5 0.462587 0.297916 0.012483 0.023405
5 0.461807 0.339210 0.014043 0.021065
5 0.454116 0.361278 0.014712 0.023740
5 0.453113 0.403073 0.013152 0.021734
5 0.421683 0.358436 0.014043 0.023405
5 0.437621 0.316808 0.013374 0.021065
5 0.445757 0.295743 0.014043 0.023740
5 0.413770 0.294071 0.014266 0.021065
5 0.405522 0.315805 0.014712 0.023740
5 0.397163 0.292734 0.013152 0.019727
5 0.380891 0.293235 0.013152 0.022068
5 0.420346 0.401903 0.014489 0.024074
5 0.389473 0.314802 0.013374 0.023071
5 0.396606 0.336535 0.013374 0.021065
5 0.405299 0.358436 0.014266 0.023405
5 0.396940 0.379166 0.014489 0.022737
5 0.404742 0.401067 0.013152 0.023071
5 0.412878 0.422633 0.013374 0.021399
5 0.429151 0.424807 0.012483 0.023071
5 0.436395 0.446039 0.014043 0.022068
5 0.452890 0.447376 0.012260 0.020062
5 0.427256 0.467438 0.014043 0.021399
5 0.395269 0.464596 0.013374 0.022402
5 0.404185 0.442528 0.012929 0.020396
5 0.396049 0.422132 0.014489 0.021734
5 0.388693 0.400231 0.014489 0.020730
5 0.380668 0.420794 0.012706 0.023740
5 0.371975 0.440355 0.013152 0.020730
5 0.364396 0.460751 0.013152 0.022068
5 0.364619 0.419624 0.012706 0.025411
5 0.372755 0.398392 0.014266 0.024408
5 0.381894 0.376491 0.013374 0.024074
5 0.388916 0.356764 0.014043 0.021399
5 0.413324 0.337204 0.013374 0.023071
5 0.421460 0.315470 0.013597 0.023740
5 0.381002 0.335031 0.013820 0.022068
5 0.372866 0.313631 0.014489 0.020730
5 0.365287 0.333526 0.012706 0.022402
5 0.372978 0.355594 0.012929 0.022402
5 0.365399 0.377662 0.013820 0.023071
5 0.357374 0.354591 0.013820 0.024408
5 0.356928 0.396386 0.013820 0.022402
5 0.341067 0.440933 0.014836 0.018703
5 0.348801 0.417377 0.014520 0.022727
5 0.341213 0.396052 0.014043 0.025746
5 0.349238 0.375656 0.013152 0.021065
5 0.349684 0.333024 0.012706 0.022068
5 0.342328 0.311458 0.013152 0.020396
5 0.357040 0.311792 0.012706 0.022402
5 0.341548 0.353420 0.014712 0.022068
5 0.333635 0.416949 0.012706 0.022737
5 0.333857 0.373482 0.012706 0.023405
5 0.326390 0.395048 0.012929 0.022402
5 0.318365 0.415779 0.012929 0.023071
5 0.325721 0.437345 0.012929 0.022068
5 0.319034 0.370640 0.012929 0.023740
5 0.333746 0.331854 0.013374 0.023071
5 0.310898 0.393544 0.012260 0.023405
5 0.303319 0.415110 0.012706 0.023071
5 0.295406 0.389699 0.013820 0.024408
5 0.305325 0.321489 0.012706 0.020396
5 0.298972 0.298418 0.013374 0.024408
5 0.289276 0.319316 0.013597 0.022068
5 0.287604 0.410763 0.014266 0.025746
5 0.295517 0.433333 0.014043 0.022068
5 0.280025 0.431160 0.012929 0.024408
5 0.273226 0.409259 0.013152 0.024074
5 0.297189 0.341885 0.012037 0.025746
5 0.278330 0.271544 0.015941 0.019413
5 0.267124 0.292495 0.016888 0.022491
5 0.283539 0.294152 0.015309 0.022017
5 0.273359 0.315696 0.014520 0.023911
5 0.257812 0.314512 0.014362 0.022491
5 0.266093 0.338709 0.013152 0.024743
5 0.274230 0.363284 0.011591 0.023740
5 0.258626 0.361612 0.013374 0.027083
5 0.250267 0.337204 0.011814 0.023071
5 0.234775 0.338374 0.012929 0.021399
5 0.218948 0.338207 0.012929 0.021734
5 0.226304 0.361278 0.012929 0.023740
5 0.257177 0.407420 0.014489 0.025077
5 0.265313 0.429488 0.013374 0.023071
5 0.241796 0.405748 0.013597 0.024408
5 0.249041 0.428652 0.014712 0.024074
5 0.266539 0.384850 0.012706 0.022737
5 0.281140 0.340380 0.011591 0.025411
5 0.320149 0.323997 0.012929 0.019393
5 0.225970 0.404912 0.013597 0.020730
5 0.217611 0.426646 0.015158 0.023405
5 0.233103 0.426311 0.014489 0.023405
5 0.240459 0.449382 0.012706 0.020730
5 0.230587 0.468513 0.016098 0.019413
5 0.224195 0.446023 0.013731 0.020833
5 0.216856 0.467803 0.015152 0.017519
5 0.221907 0.486269 0.016098 0.018939
5 0.208807 0.484493 0.017361 0.021070
5 0.190751 0.484156 0.014043 0.022068
5 0.192199 0.446206 0.013820 0.020396
5 0.199778 0.465933 0.014266 0.022402
5 0.208583 0.446039 0.013597 0.022737
5 0.201227 0.425643 0.013152 0.022737
5 0.184175 0.425643 0.014266 0.022737
5 0.210984 0.318686 0.012901 0.021822
5 0.202200 0.338297 0.012191 0.020672
5 0.208295 0.295165 0.013781 0.019479
5 0.194249 0.316234 0.013781 0.020274
5 0.210813 0.359366 0.012986 0.026237
5 0.219028 0.383218 0.012986 0.023057
5 0.202597 0.382224 0.013516 0.021864
5 0.193454 0.404287 0.013781 0.023057
5 0.177553 0.403691 0.014311 0.021069
5 0.184708 0.337502 0.013781 0.023057
5 0.191069 0.294569 0.013781 0.023057
5 0.178878 0.313651 0.013251 0.018286
5 0.167085 0.335117 0.014046 0.021467
5 0.169602 0.384013 0.012721 0.025442
5 0.150388 0.421977 0.014576 0.021864
5 0.141643 0.441456 0.012456 0.019479
5 0.150521 0.462128 0.012721 0.021069
5 0.166952 0.464513 0.013781 0.021069
5 0.183383 0.464115 0.014841 0.021069
5 0.174638 0.482998 0.014311 0.020672
5 0.234364 0.384131 0.014039 0.023342
5 0.167128 0.424472 0.014885 0.019790
5 0.175754 0.445658 0.014885 0.023088
5 0.166113 0.501603 0.013870 0.021312
5 0.143278 0.400242 0.014547 0.021059
5 0.148522 0.499066 0.016238 0.021312
5 0.157825 0.481179 0.014208 0.021059
5 0.173217 0.521139 0.014547 0.021820
5 0.155619 0.601799 0.016730 0.029830
5 0.163431 0.580019 0.016256 0.022727
5 0.155619 0.559422 0.014520 0.019886
5 0.173138 0.560251 0.016414 0.025331
5 0.188658 0.605428 0.013710 0.024077
5 0.171604 0.602418 0.014714 0.023073
5 0.180047 0.581978 0.014212 0.021318
5 0.188658 0.562040 0.012707 0.023073
5 0.213153 0.545111 0.013209 0.021819
5 0.205629 0.523918 0.013878 0.022572
5 0.190163 0.522163 0.014714 0.020565
5 0.181134 0.541976 0.013710 0.019061
5 0.164581 0.540471 0.014045 0.021569
5 0.148447 0.538339 0.014881 0.022321
5 0.139334 0.558152 0.014714 0.021819
5 0.132312 0.536834 0.014379 0.022823
5 0.156556 0.520532 0.014379 0.021819
5 0.188156 0.646559 0.013710 0.022070
5 0.171559 0.643111 0.017045 0.023438
5 0.162721 0.623698 0.014836 0.021544
5 0.180319 0.623816 0.016572 0.025568
5 0.211963 0.627841 0.013889 0.019886
5 0.179293 0.664654 0.014205 0.019176
5 0.169665 0.683594 0.016414 0.018703
5 0.195931 0.584361 0.014212 0.021067
5 0.211564 0.585865 0.013710 0.020064
5 0.196349 0.666121 0.014714 0.023575
5 0.204291 0.647060 0.012874 0.022572
5 0.204625 0.688442 0.013878 0.021569
5 0.161404 0.702361 0.014379 0.021318
5 0.196433 0.705998 0.013878 0.022572
5 0.154017 0.641393 0.013509 0.022871
5 0.893172 0.418707 0.012947 0.023120
5 0.883770 0.440093 0.013564 0.023814
5 0.938682 0.418647 0.012970 0.023058
5 0.970507 0.419908 0.011769 0.023418
