6 0.267850 0.654830 0.535701 0.690341
5 0.351515 0.492069 0.013573 0.022017
5 0.382696 0.494677 0.011841 0.020642
5 0.409578 0.538841 0.015041 0.019681
5 0.447981 0.562122 0.013121 0.022082
5 0.367771 0.558002 0.014836 0.021780
5 0.352146 0.557647 0.013258 0.019650
5 0.349306 0.534328 0.013258 0.020360
5 0.358775 0.471354 0.011995 0.018939
5 0.373611 0.474550 0.015467 0.022491
5 0.413147 0.493490 0.014678 0.021544
5 0.286569 0.530777 0.013731 0.021307
5 0.270786 0.529238 0.014994 0.022017
5 0.240956 0.526160 0.015625 0.022964
5 0.256739 0.527936 0.014678 0.023201
5 0.343939 0.513021 0.013889 0.022254
5 0.443660 0.602234 0.016979 0.021741
5 0.433307 0.621180 0.012009 0.021741
5 0.458154 0.643232 0.014080 0.020499
5 0.423989 0.641834 0.014080 0.022673
5 0.460742 0.605651 0.012217 0.019878
5 0.476272 0.600837 0.011802 0.018946
5 0.461467 0.559839 0.011181 0.023294
5 0.431029 0.561547 0.013252 0.018635
5 0.424196 0.539495 0.011595 0.022362
5 0.470202 0.681581 0.017992 0.024621
5 0.228093 0.483310 0.012311 0.021544
5 0.244508 0.484020 0.014836 0.022491
5 0.259186 0.485440 0.015152 0.022491
5 0.274574 0.485204 0.014362 0.021070
5 0.281755 0.506629 0.014205 0.023674
5 0.296117 0.507221 0.013573 0.021544
5 0.268024 0.465080 0.013258 0.020123
5 0.248927 0.463423 0.018939 0.021070
5 0.222175 0.462121 0.014047 0.021307
5 0.237642 0.461648 0.014362 0.018939
5 0.221149 0.504025 0.013258 0.022727
5 0.205208 0.503078 0.015467 0.026989
5 0.236458 0.505682 0.014205 0.024621
5 0.207734 0.459635 0.012311 0.019650
5 0.215467 0.442116 0.017045 0.020123
5 0.149021 0.515625 0.015152 0.023201
5 0.216020 0.546165 0.015941 0.023674
5 0.144918 0.493608 0.015152 0.022254
5 0.138605 0.472538 0.014520 0.023201
5 0.199225 0.478930 0.013873 0.023605
5 0.214237 0.482502 0.012424 0.020810
5 0.184110 0.473960 0.011802 0.019257
5 0.175413 0.494459 0.011802 0.020499
5 0.189804 0.496789 0.011181 0.022052
5 0.139315 0.430279 0.013100 0.020123
5 0.158333 0.411103 0.017992 0.021544
5 0.086364 0.443537 0.015152 0.023438
5 0.116401 0.450822 0.014287 0.023294
5 0.102321 0.447560 0.013045 0.022362
5 0.131517 0.451443 0.012631 0.022673
5 0.080890 0.421315 0.012424 0.022052
5 0.064426 0.415956 0.014205 0.019413
5 0.072869 0.398793 0.014362 0.019176
5 0.049511 0.416193 0.017519 0.019413
5 0.024100 0.437855 0.013731 0.021544
5 0.040199 0.437855 0.016572 0.024384
5 0.062876 0.460450 0.012424 0.024537
5 0.093832 0.466506 0.013873 0.023605
5 0.095799 0.423490 0.013666 0.022052
5 0.017393 0.415128 0.016098 0.021070
5 0.003961 0.414536 0.007923 0.022727
5 0.009896 0.393584 0.014994 0.018703
5 0.025679 0.396188 0.014994 0.017282
5 0.058112 0.397372 0.014836 0.016809
5 0.435358 0.517968 0.012649 0.022136
