6 0.588583 0.688238 0.822835 0.623524
5 0.857105 0.430879 0.013851 0.020899
5 0.842479 0.430621 0.013851 0.020899
5 0.835135 0.409591 0.013851 0.020899
5 0.850334 0.409420 0.013851 0.020899
5 0.827601 0.430478 0.013851 0.020899
5 0.835040 0.451365 0.013851 0.020899
5 0.893347 0.451480 0.013851 0.020899
5 0.878721 0.451222 0.013851 0.020899
5 0.901931 0.432167 0.013851 0.020899
5 0.897317 0.411937 0.013851 0.020899
5 0.943335 0.431279 0.013851 0.020899
5 0.958359 0.431989 0.013851 0.020899
5 0.994172 0.412128 0.011657 0.020899
5 0.980643 0.411870 0.013851 0.020899
5 0.965765 0.411727 0.013851 0.020899
5 0.937074 0.452206 0.013851 0.020899
5 0.928725 0.432103 0.013851 0.020899
5 0.923782 0.491257 0.013851 0.020899
5 0.934073 0.411341 0.013851 0.020899
5 0.997667 0.432216 0.004666 0.020899
5 0.872110 0.472706 0.013851 0.020899
5 0.799856 0.433237 0.013851 0.020899
