5 0.22643097604166668 0.3364898989583333 0.22748316458333334 0.3338068177083333 0.22622053854166665 0.33222853541666664 0.22053872083333334 0.3301767677083333 0.21885521875 0.33143939375000003 0.21738215520833334 0.334280303125 0.21685606041666666 0.337752525 0.21811868645833332 0.3413825760416667 0.22085437708333336 0.34359217187499996 0.22558922604166665 0.3416982322916667 0.22622053854166665 0.33964646458333336 0.22643097604166668 0.3364898989583333
5 0.21422558958333332 0.34154040416666664 0.21496212083333335 0.337910353125 0.21496212083333335 0.333964646875 0.21369949479166667 0.3319128791666667 0.212752525 0.331281565625 0.20875420833333333 0.33080808125 0.2061237375 0.33364898958333333 0.20601851875000002 0.33822601041666667 0.20633417499999998 0.33964646458333336 0.20696548854166666 0.3416982322916667 0.20854377083333334 0.34343434375000004 0.21243686874999998 0.3431186864583333 0.21422558958333332 0.34154040416666664
5 0.20486111145833333 0.333964646875 0.203493265625 0.33207070729166666 0.20159932708333334 0.3306502520833333 0.2001262625 0.3306502520833333 0.197074915625 0.33207070729166666 0.19612794583333332 0.33364898958333333 0.19539141458333334 0.3364898989583333 0.19518097604166668 0.33822601041666667 0.19591750833333332 0.34185606041666666 0.19823232291666668 0.34390782812500004 0.20138888854166667 0.3450126260416667 0.20486111145833333 0.3416982322916667 0.20486111145833333 0.333964646875
5 0.19907407395833332 0.32544191875 0.19865319895833336 0.32165404062499997 0.197390571875 0.31802398958333333 0.19318181770833334 0.3172348489583333 0.19118266041666668 0.318497475 0.190340909375 0.32023358541666663 0.19023569062499998 0.32623106041666666 0.19286616145833332 0.33033459583333336 0.19360269375 0.33080808125 0.197074915625 0.3301767677083333 0.19781144791666666 0.3293876260416667 0.19907407395833332 0.32544191875
5 0.21064814791666667 0.3260732322916667 0.21022727291666668 0.32023358541666663 0.209701178125 0.3192866166666667 0.20696548854166666 0.31739267708333335 0.20475589270833333 0.3169191916666667 0.20328282812499998 0.3177083333333333 0.20107323229166668 0.32023358541666663 0.20044191875 0.32165404062499997 0.20086279479166666 0.32623106041666666 0.20233585833333334 0.32828282812500004 0.20496633020833332 0.3304924239583333 0.20759680104166664 0.32954545416666664 0.209701178125 0.32796717187499996 0.21064814791666667 0.3260732322916667
5 0.22085437708333336 0.3224431822916667 0.21875 0.318339646875 0.21685606041666666 0.31707701979166664 0.21201599375000002 0.318339646875 0.21106902395833332 0.31960227291666665 0.21033249166666668 0.322127525 0.21022727291666668 0.3260732322916667 0.21127946145833335 0.328125 0.21285774375 0.3293876260416667 0.21675084166666667 0.3304924239583333 0.21948653229166667 0.3274936864583333 0.22085437708333336 0.3224431822916667
5 0.23547979791666668 0.3338068177083333 0.23327020208333332 0.33112373749999996 0.23221801354166666 0.3306502520833333 0.22843013437499998 0.331281565625 0.22706228958333333 0.33317550520833333 0.22653619479166667 0.33601641458333337 0.22674663333333334 0.3416982322916667 0.22811447812500002 0.343276515625 0.23232323229166668 0.3443813135416667 0.23569023541666667 0.3416982322916667 0.23516414166666666 0.3380681822916667 0.23547979791666668 0.3338068177083333
5 0.24505471354166666 0.33727904062499997 0.24473905729166667 0.3338068177083333 0.244002525 0.33207070729166666 0.24000420833333333 0.3297032833333333 0.23768939375 0.33143939375000003 0.23642676770833332 0.33349116145833335 0.23674242395833334 0.33680555520833333 0.23642676770833332 0.3416982322916667 0.24031986562500002 0.3431186864583333 0.244002525 0.3416982322916667 0.24442340104166668 0.34090909062499997 0.24505471354166666 0.33727904062499997
5 0.24989478125 0.34674873749999996 0.24831649791666666 0.344223484375 0.24410774375 0.3426452020833333 0.24200336666666666 0.3448547979166667 0.24147727291666668 0.34722222187499996 0.24168771041666667 0.353219696875 0.24389730625 0.35637626250000004 0.24810606041666666 0.35590277812500004 0.25 0.3541666666666667 0.25052609479166665 0.3489583333333333 0.24989478125 0.34674873749999996
5 0.22053872083333334 0.34674873749999996 0.21990740729166666 0.34564393958333334 0.21727693645833332 0.34406565624999996 0.21285774375 0.3453282833333333 0.21201599375000002 0.34927398958333333 0.21191077395833335 0.353535353125 0.21338383854166668 0.3555871208333333 0.21685606041666666 0.35669191875 0.22106481458333332 0.353377525 0.22106481458333332 0.3494318177083333 0.22053872083333334 0.34674873749999996
5 0.19865319895833336 0.3458017677083333 0.19728535312499998 0.34469696979166664 0.19318181770833334 0.3443813135416667 0.19149831666666667 0.346906565625 0.190761784375 0.3505366166666667 0.190656565625 0.353535353125 0.19307659895833332 0.356218434375 0.19718013437499998 0.35653409062499997 0.20044191875 0.353377525 0.19949495 0.34738005 0.19865319895833336 0.3458017677083333
5 0.21159511770833334 0.353535353125 0.21117424270833332 0.34832701979166664 0.21022727291666668 0.34643308125 0.208859428125 0.34517045416666664 0.20507154895833332 0.3443813135416667 0.20338804687499998 0.3458017677083333 0.20180976458333333 0.34880050520833333 0.20202020208333332 0.3536931822916667 0.20317760937499998 0.35542929270833334 0.20496633020833332 0.35669191875 0.208859428125 0.356218434375 0.21064814791666667 0.3549558083333333 0.21159511770833334 0.353535353125
5 0.17781986562500002 0.34359217187499996 0.17371633020833332 0.34280303020833336 0.172348484375 0.3448547979166667 0.17119107708333334 0.3484848489583333 0.171506734375 0.35243055520833333 0.17319023541666667 0.35479798020833336 0.17771464687500002 0.35479798020833336 0.17897727291666668 0.353219696875 0.17908249166666668 0.3461174239583333 0.17781986562500002 0.34359217187499996
5 0.18960437708333336 0.35069444479166667 0.18949915833333333 0.34659090937500003 0.18907828333333335 0.3450126260416667 0.18802609479166668 0.34375 0.18497474791666668 0.34280303020833336 0.18181818229166666 0.34390782812500004 0.18108164999999998 0.3453282833333333 0.18076599375000002 0.3475378791666667 0.1808712125 0.353377525 0.18223905729166667 0.35479798020833336 0.18581649791666666 0.35606060624999997 0.18802609479166668 0.3549558083333333 0.18918350208333334 0.353377525 0.18960437708333336 0.35069444479166667
5 0.1941287875 0.3380681822916667 0.19391835000000002 0.3338068177083333 0.19339225625 0.3323863635416667 0.18949915833333333 0.32907196979166664 0.18634259270833334 0.33175505 0.18507996666666668 0.333964646875 0.18497474791666668 0.33822601041666667 0.18529040416666664 0.3393308083333333 0.18644781145833333 0.3412247479166667 0.18928872083333334 0.34343434375000004 0.19297138020833332 0.34106691875 0.1941287875 0.3380681822916667
5 0.1937079125 0.306502525 0.19318181770833334 0.30539772708333335 0.18939393958333334 0.3041351010416667 0.18560606041666666 0.306344696875 0.18529040416666664 0.3080808083333333 0.18529040416666664 0.312973484375 0.18581649791666666 0.31470959583333336 0.18939393958333334 0.3169191916666667 0.19339225625 0.31423611145833336 0.19391835000000002 0.30981691875 0.1937079125 0.306502525
5 0.22623758437500002 0.3144635416666667 0.226132365625 0.3097286927083333 0.22508017708333333 0.3060986427083333 0.22402798854166667 0.304520359375 0.22024010937500002 0.30325773333333333 0.216978325 0.3056251583333333 0.21666266875 0.3060986427083333 0.216978325 0.3139900572916667 0.21855660729166668 0.31619965312500004 0.22076620416666665 0.3171466229166667 0.22518539583333333 0.3154105114583333 0.22623758437500002 0.3144635416666667
5 0.259785353125 0.3450126260416667 0.2622053875 0.34390782812500004 0.2644149833333333 0.3416982322916667 0.2645202020833333 0.333964646875 0.26294191875 0.33175505 0.259680134375 0.3297032833333333 0.2557870375 0.3301767677083333 0.25494528645833336 0.33175505 0.2543139729166667 0.33364898958333333 0.2543139729166667 0.33838383854166665 0.2547348489583333 0.3416982322916667 0.2552609427083333 0.3424873739583333 0.25694444479166667 0.34390782812500004 0.259785353125 0.3450126260416667
5 0.16310627083333334 0.3652586802083333 0.16415845937499998 0.3614708020833334 0.164368896875 0.35752509479166666 0.16331670833333334 0.3556311552083333 0.16184364479166666 0.35436852916666667 0.15774010937500002 0.3546841854166667 0.15637226458333334 0.356578125 0.15532007604166667 0.359419034375 0.15500441874999998 0.36131297395833334 0.15532007604166667 0.3652586802083333 0.157634890625 0.36778393333333337 0.16037058125 0.36746827604166665 0.16205408229166668 0.36683696354166667 0.16310627083333334 0.3652586802083333
5 0.15793350208333334 0.406723484375 0.159090909375 0.40530303020833336 0.16077441041666668 0.4005681822916667 0.16087962916666668 0.396464646875 0.16056397291666666 0.39599116145833335 0.15835437708333336 0.39425505 0.15551346770833333 0.393781565625 0.15404040416666664 0.393781565625 0.15140993229166666 0.39567550520833333 0.15088383854166668 0.3963068177083333 0.15088383854166668 0.39867424270833335 0.15109427604166664 0.4041982322916667 0.15162037083333332 0.4049873739583333 0.15404040416666664 0.4068813135416667 0.15793350208333334 0.406723484375
5 0.15014730625 0.3963068177083333 0.14846380520833333 0.39457070729166666 0.14625420833333333 0.39362373749999996 0.14194023541666667 0.39567550520833333 0.14141414166666666 0.396464646875 0.141098484375 0.39883207083333333 0.141098484375 0.4010416666666667 0.14204545416666667 0.4041982322916667 0.14646464687500002 0.40609217187499996 0.14888468020833334 0.4041982322916667 0.1500420875 0.400252525 0.15014730625 0.3963068177083333
5 0.14842213854166666 0.3688006625 0.14684385520833335 0.3672223802083333 0.14558122916666666 0.36674889479166667 0.14242466354166666 0.368011521875 0.14158291250000002 0.36895849166666667 0.14095159895833334 0.371325915625 0.14074116145833332 0.3760607635416667 0.14189856874999998 0.37811253125 0.14600210416666667 0.3790595010416667 0.14926388854166667 0.3765342489583333 0.14936910729166666 0.371641571875 0.14842213854166666 0.3688006625
5 0.17098063958333334 0.3734217166666667 0.17087542083333332 0.3726325760416667 0.16908669999999998 0.3702651510416667 0.16603535312499998 0.3677398989583333 0.16214225625 0.36852904062499997 0.16066919166666666 0.3726325760416667 0.16056397291666666 0.37689393958333334 0.16119528645833334 0.37847222187499996 0.16235269375 0.37989267708333335 0.165824915625 0.3816287875 0.17045454583333333 0.37689393958333334 0.17098063958333334 0.3734217166666667
5 0.16298400624999998 0.33159722187499996 0.16214225625 0.33096590937500003 0.15814393958333334 0.32954545416666664 0.15625 0.3319128791666667 0.15572390520833332 0.3333333333333333 0.15614478125 0.337752525 0.15793350208333334 0.33964646458333336 0.16193181770833334 0.33917298020833336 0.16382575729166668 0.337752525 0.16414141458333334 0.3338068177083333 0.16298400624999998 0.33159722187499996
5 0.153093434375 0.365214646875 0.15435606041666666 0.36158459583333336 0.15467171666666665 0.3573232322916667 0.15288299687499998 0.35432449479166667 0.1504629625 0.3525883833333333 0.14646464687500002 0.35385101041666667 0.14478114479166668 0.3577967166666667 0.14446548854166666 0.36237373749999996 0.14488636354166667 0.3650568177083333 0.14814814791666667 0.36679292916666667 0.15056818229166666 0.36726641458333337 0.15225168333333333 0.3661616166666667 0.153093434375 0.365214646875
5 0.29997895625000004 0.32638888854166664 0.29997895625000004 0.322127525 0.29955808125 0.32070707083333333 0.29882154895833335 0.3192866166666667 0.29671717187499996 0.3181818177083333 0.2948232322916667 0.3177083333333333 0.29335016875 0.318339646875 0.29177188541666665 0.3208648989583333 0.29114057187500003 0.3237058083333333 0.291035353125 0.32638888854166664 0.29177188541666665 0.328598484375 0.29271885520833335 0.32986111145833336 0.2946127947916667 0.33080808125 0.2987163302083333 0.3293876260416667 0.29997895625000004 0.32638888854166664
5 0.278514309375 0.321969696875 0.2774621208333333 0.31881313125 0.2757786197916667 0.31660353541666664 0.27125420833333336 0.3167613635416667 0.26914983125 0.31786616145833335 0.26862373749999996 0.31897095937500003 0.26851851875 0.322127525 0.26914983125 0.3260732322916667 0.27125420833333336 0.32954545416666664 0.27535774375 0.3306502520833333 0.278303871875 0.32623106041666666 0.278514309375 0.321969696875
5 0.28977272708333335 0.32181186875 0.28882575729166665 0.3197601010416667 0.28703703750000004 0.318497475 0.28314393958333334 0.3172348489583333 0.28177609479166665 0.318497475 0.28040824895833333 0.32118055520833333 0.28040824895833333 0.3260732322916667 0.28314393958333334 0.3306502520833333 0.28714225625 0.331281565625 0.2886153197916667 0.33001893958333334 0.28977272708333335 0.32623106041666666 0.28977272708333335 0.32181186875
5 0.29324495 0.31076388854166664 0.2931397302083333 0.306344696875 0.2915614479166667 0.30334595937500003 0.28703703750000004 0.30097853541666664 0.2855639729166667 0.30224116145833335 0.283985690625 0.302714646875 0.2837752520833333 0.3035037875 0.283985690625 0.3104482322916667 0.2854587541666667 0.3150252520833333 0.28703703750000004 0.31644570729166666 0.291035353125 0.3167613635416667 0.2928240739583333 0.31439393958333334 0.29324495 0.31076388854166664
5 0.24736952812500002 0.3260732322916667 0.24726430937500002 0.322127525 0.24663299687499998 0.3181818177083333 0.24579124583333334 0.3169191916666667 0.24442340104166668 0.31613005 0.24116161666666666 0.3167613635416667 0.240109428125 0.31786616145833335 0.23958333333333334 0.32054924270833335 0.23968855208333334 0.32623106041666666 0.24137205416666668 0.32844065624999996 0.24410774375 0.3297032833333333 0.24568602708333334 0.32891414166666666 0.247053871875 0.3270202020833333 0.24736952812500002 0.3260732322916667
5 0.24021464687500002 0.353535353125 0.24021464687500002 0.34564393958333334 0.23705808125 0.34296085833333334 0.23558501666666667 0.34280303020833336 0.23305976458333333 0.34469696979166664 0.23169191875 0.34911616145833335 0.23169191875 0.35400883854166665 0.23242845104166668 0.3555871208333333 0.23348063958333334 0.35637626250000004 0.23642676770833332 0.35716540416666664 0.23863636354166667 0.35574495 0.24021464687500002 0.353535353125
5 0.22640635520833333 0.36032196979166664 0.22566982291666668 0.358901515625 0.22461763437499999 0.3582702020833333 0.21956712916666668 0.35669191875 0.217778409375 0.359375 0.21693665833333334 0.3617424239583333 0.21683143958333334 0.365530303125 0.21735753333333332 0.36868686875 0.21946191041666668 0.37089646458333336 0.22472285312499998 0.3682133833333333 0.22672201145833334 0.365214646875 0.22640635520833333 0.36032196979166664
5 0.23127104375000002 0.353535353125 0.23053451145833334 0.34706439375000003 0.23011363645833333 0.3458017677083333 0.22853535312499998 0.34390782812500004 0.2245370375 0.34359217187499996 0.22369528645833334 0.34406565624999996 0.22211700312500002 0.3458017677083333 0.22148569062499998 0.3484848489583333 0.222011784375 0.35385101041666667 0.22264309791666664 0.3551136364583333 0.22380050520833333 0.35606060624999997 0.22464225625 0.35637626250000004 0.22853535312499998 0.3555871208333333 0.23127104375000002 0.353535353125
5 0.34869528645833336 0.302872475 0.34995791249999997 0.29876893958333334 0.35016834999999996 0.2948232322916667 0.3475378791666667 0.29292929270833334 0.34175084166666664 0.29150883854166665 0.34006733958333335 0.2945075760416667 0.33985690208333336 0.296401515625 0.33975168333333333 0.29876893958333334 0.34111952812499996 0.30318813125 0.34269781145833333 0.30476641458333337 0.34585437708333333 0.3058712125 0.3475378791666667 0.30460858541666663 0.34869528645833336 0.302872475
5 0.31373884687500003 0.3056322604166667 0.31205534479166663 0.3031070072916667 0.307846590625 0.30216003750000003 0.30595265104166663 0.30326483541666666 0.3051109010416667 0.30436963333333333 0.3054265572916667 0.3127345333333333 0.30679440208333336 0.31541761354166664 0.31195012604166666 0.3168380677083333 0.3127918770833333 0.31620675520833336 0.31489625416666667 0.31257670416666666 0.31373884687500003 0.3056322604166667
5 0.47453703750000004 0.31060606041666666 0.47411616145833335 0.306660353125 0.47138047187500004 0.3041351010416667 0.46990740729166663 0.30381944479166667 0.46675084166666664 0.30460858541666663 0.46527777812500004 0.30618686875 0.4649621208333333 0.3082386364583333 0.46485690208333336 0.31060606041666666 0.46548821562500003 0.3140782833333333 0.46675084166666664 0.31581439375000003 0.47074915833333336 0.31739267708333335 0.4740109427083333 0.31439393958333334 0.47453703750000004 0.31060606041666666
5 0.4850589229166667 0.31439393958333334 0.4854797979166667 0.31076388854166664 0.4852693604166667 0.306660353125 0.483901515625 0.30492424270833335 0.48242845104166665 0.30397727291666665 0.47895622916666664 0.3041351010416667 0.47527356875 0.306502525 0.47558922604166665 0.3109217166666667 0.47506313125 0.31439393958333334 0.47632575729166665 0.31581439375000003 0.47843013437500004 0.3172348489583333 0.4820075760416667 0.3169191916666667 0.4850589229166667 0.31439393958333334
5 0.4497053875 0.29466540416666664 0.4488636364583333 0.29324495 0.44739057187500003 0.29229798020833336 0.44328703750000004 0.2916666666666667 0.44160353541666664 0.2926136364583333 0.440867003125 0.293718434375 0.44055134687499997 0.29466540416666664 0.44076178437499997 0.3020833333333333 0.44328703750000004 0.3052398989583333 0.447285353125 0.30460858541666663 0.4493897302083333 0.3025568177083333 0.4497053875 0.29466540416666664
5 0.43965077812500003 0.29876893958333334 0.43965077812500003 0.2948232322916667 0.438809028125 0.293718434375 0.4358629 0.2926136364583333 0.4312332697916667 0.29356060624999997 0.429865425 0.2948232322916667 0.42976020625 0.29608585833333334 0.42965498750000003 0.29876893958333334 0.43018108125 0.302714646875 0.4320750208333333 0.3041351010416667 0.4352315864583333 0.30539772708333335 0.4383881520833333 0.302714646875 0.43965077812500003 0.29876893958333334
5 0.5341961281250001 0.30855429270833334 0.5335648145833333 0.306344696875 0.5324074072916667 0.3052398989583333 0.5295664979166667 0.30429292916666667 0.527672559375 0.30492424270833335 0.5259890572916667 0.306502525 0.52535774375 0.30965909062499997 0.5252525250000001 0.31439393958333334 0.5269360270833333 0.31644570729166666 0.5291456229166667 0.31786616145833335 0.5325126260416667 0.3162878791666667 0.5341961281250001 0.3137626260416667 0.5341961281250001 0.30855429270833334
5 0.5733375416666667 0.3136047979166667 0.5739688552083333 0.3125 0.5742845114583334 0.3104482322916667 0.5739688552083333 0.3058712125 0.5727062291666667 0.30318813125 0.5708122895833333 0.30145201979166664 0.5681818177083334 0.30050505 0.565656565625 0.3025568177083333 0.5646043770833333 0.3058712125 0.5644991583333333 0.309343434375 0.565130471875 0.31439393958333334 0.5671296291666666 0.3162878791666667 0.5680765989583333 0.3167613635416667 0.5697601010416666 0.3162878791666667 0.5733375416666667 0.3136047979166667
5 0.5942760947916667 0.30555555520833333 0.5932239052083333 0.30334595937500003 0.5917508416666667 0.3020833333333333 0.5877525250000001 0.3016098489583333 0.5853324916666666 0.306344696875 0.5853324916666666 0.31107954583333336 0.5863846802083333 0.31423611145833336 0.5877525250000001 0.315656565625 0.5928030302083334 0.31439393958333334 0.5942760947916667 0.3113952020833333 0.5942760947916667 0.30555555520833333
5 0.6112163302083334 0.31439393958333334 0.6128998312499999 0.31234217187499996 0.6135311447916667 0.31060606041666666 0.6140572385416667 0.3068181822916667 0.6137415822916666 0.30445075729166665 0.6132154885416666 0.3025568177083333 0.6118476427083334 0.30097853541666664 0.6070075760416667 0.3006628791666667 0.6050084177083334 0.3025568177083333 0.6044823229166667 0.30476641458333337 0.6041666666666666 0.306502525 0.6043771041666666 0.31060606041666666 0.6047979802083333 0.31265782812500004 0.60606060625 0.31439393958333334 0.6072180135416667 0.3150252520833333 0.6112163302083334 0.31439393958333334
5 0.6399410770833334 0.318339646875 0.6389941072916667 0.31597222187499996 0.63773148125 0.31439393958333334 0.6358375416666667 0.31281565624999996 0.6343644781250001 0.31234217187499996 0.6316287875000001 0.31439393958333334 0.63089225625 0.31644570729166666 0.6303661614583334 0.32007575729166665 0.6303661614583334 0.32275883854166665 0.6315235687499999 0.3260732322916667 0.6347853531250001 0.3287563135416667 0.63731060625 0.32717803020833336 0.6389941072916667 0.32465277812500004 0.6399410770833334 0.318339646875
5 0.6595581864583333 0.31797995625000003 0.6578746843750001 0.315139046875 0.6539815864583333 0.31498121875 0.6505093645833333 0.31797995625000003 0.6504041458333333 0.32239914791666663 0.651140678125 0.3258713697916667 0.6538763677083334 0.327765309375 0.657979903125 0.3258713697916667 0.6599790614583333 0.3219256625 0.6595581864583333 0.31797995625000003
5 0.6496676135416667 0.3222413197916667 0.6493519572916667 0.31782212708333335 0.6463006104166666 0.3146655614583333 0.6423022937499999 0.315770359375 0.6409344489583333 0.31861126875 0.6408292302083333 0.32255697604166667 0.6417762 0.3253978854166667 0.64251273125 0.32618702604166666 0.6463006104166666 0.3271339958333333 0.6479841114583333 0.3258713697916667 0.6496676135416667 0.3222413197916667
5 0.633943603125 0.3058712125 0.6333122895833333 0.30318813125 0.6325757572916667 0.30224116145833335 0.63089225625 0.30097853541666664 0.6269991583333333 0.3016098489583333 0.6260521885416667 0.302714646875 0.6257365322916667 0.30397727291666665 0.625420875 0.3072916666666667 0.6259469697916666 0.3104482322916667 0.6265782833333333 0.31107954583333336 0.6309974749999999 0.31218434375000004 0.6332070708333333 0.31029040416666664 0.633943603125 0.3058712125
5 0.7054924239583333 0.3338068177083333 0.7057028614583333 0.32986111145833336 0.7053872052083333 0.32891414166666666 0.7040193604166666 0.3270202020833333 0.7012836697916666 0.32481060624999997 0.696969696875 0.3270202020833333 0.6954966333333333 0.33001893958333334 0.6953914145833333 0.334122475 0.6957070708333333 0.3353851010416667 0.6967592593749999 0.337752525 0.6980218854166667 0.3385416666666667 0.7012836697916666 0.3394886364583333 0.7054924239583333 0.3338068177083333
5 0.7102272729166667 0.32260101041666667 0.7103324916666666 0.3169191916666667 0.709806396875 0.31470959583333336 0.7087542083333334 0.3131313135416667 0.7047558927083333 0.3112373739583333 0.7021254208333333 0.31328914166666666 0.7013888885416667 0.31534090937500003 0.7012836697916666 0.322285353125 0.702861953125 0.32481060624999997 0.7047558927083333 0.32591540416666664 0.7069654885416666 0.3255997479166667 0.709280303125 0.32417929270833334 0.7102272729166667 0.32260101041666667
5 0.6986531989583333 0.32417929270833334 0.6997053875 0.322285353125 0.7000210437500001 0.318655303125 0.6997053875 0.3148674239583333 0.6990740739583334 0.3136047979166667 0.6974957916666666 0.31218434375000004 0.6934974749999999 0.3112373739583333 0.6926557239583333 0.31155303020833336 0.6904461281250001 0.3140782833333333 0.6900252520833334 0.3172348489583333 0.6899200333333333 0.322127525 0.6904461281250001 0.32354798020833336 0.6917087541666667 0.324968434375 0.6931818177083334 0.3255997479166667 0.696969696875 0.32544191875 0.6986531989583333 0.32417929270833334
5 0.6888678447916666 0.318339646875 0.6875 0.3145517677083333 0.6865530302083334 0.31328914166666666 0.6851851854166667 0.31234217187499996 0.6835016833333333 0.31344696979166664 0.68118686875 0.31581439375000003 0.6804503364583333 0.3181818177083333 0.6803451177083333 0.322285353125 0.68108165 0.3260732322916667 0.6852904041666666 0.32780934375000004 0.6882365322916667 0.3260732322916667 0.6890782833333333 0.322285353125 0.6888678447916666 0.318339646875
5 0.6795033666666667 0.32307449479166667 0.6796085854166667 0.31802398958333333 0.6788720541666666 0.315656565625 0.677609428125 0.3137626260416667 0.6737163302083334 0.312026515625 0.6719276093750001 0.31470959583333336 0.6705597645833333 0.32102272708333335 0.6706649833333334 0.3233901510416667 0.672032828125 0.3257575760416667 0.6736111114583333 0.3265467166666667 0.6773989895833333 0.3260732322916667 0.6782407406250001 0.3255997479166667 0.6795033666666667 0.32307449479166667
5 0.684238215625 0.30697601041666667 0.684343434375 0.30224116145833335 0.683922559375 0.30050505 0.6829755895833334 0.29908459583333336 0.6818181822916666 0.2984532833333333 0.6777146468749999 0.29908459583333336 0.6760311447916667 0.30097853541666664 0.6753998312499999 0.30429292916666667 0.6756102697916667 0.30792298020833336 0.6763468010416667 0.3099747479166667 0.677609428125 0.3112373739583333 0.68160774375 0.31171085833333334 0.6836069020833333 0.3101325760416667 0.684238215625 0.30697601041666667
5 0.6941287875000001 0.3087121208333333 0.6948653197916667 0.306502525 0.6944444447916667 0.30239898958333333 0.69339225625 0.29971590937500003 0.6894991583333333 0.29655934375000004 0.6863425927083333 0.29876893958333334 0.6858164979166667 0.29955808125 0.6853956229166667 0.3020833333333333 0.6852904041666666 0.306660353125 0.6859217166666667 0.3104482322916667 0.6889730635416667 0.3125 0.690656565625 0.31218434375000004 0.6927609427083333 0.31060606041666666 0.6941287875000001 0.3087121208333333
5 0.6648779458333334 0.306344696875 0.6650883833333334 0.30239898958333333 0.6644570708333333 0.29971590937500003 0.6632996635416667 0.29782196979166664 0.66214225625 0.29703282812500004 0.6581439395833333 0.29719065624999996 0.65614478125 0.3016098489583333 0.65635521875 0.3099747479166667 0.6575126260416667 0.31171085833333334 0.6581439395833333 0.31218434375000004 0.66214225625 0.3118686864583333 0.6640361947916666 0.309343434375 0.6648779458333334 0.306344696875
5 0.6642466333333333 0.275410353125 0.6639309760416666 0.271622475 0.6631944447916667 0.2703598489583333 0.6620370375 0.2694128791666667 0.658880471875 0.268781565625 0.6547769364583333 0.26957070729166666 0.6542508416666667 0.2703598489583333 0.653619528125 0.27414772708333335 0.653514309375 0.27572601041666667 0.6541456229166667 0.27840909062499997 0.6579335020833333 0.280776515625 0.6624579125000001 0.27904040416666664 0.6636153197916667 0.2774621208333333 0.6642466333333333 0.275410353125
5 0.6741372052083333 0.27493686875 0.6742424239583333 0.2703598489583333 0.6738215489583333 0.266098484375 0.6727693604166666 0.2635732322916667 0.6705597645833333 0.262468434375 0.6665614479166667 0.2635732322916667 0.66824495 0.2668876260416667 0.6681397302083333 0.2676767677083333 0.6660353531250001 0.26862373749999996 0.665193603125 0.271464646875 0.6647727270833333 0.275252525 0.6656144781250001 0.2769886364583333 0.6698232322916666 0.27951388854166664 0.671401515625 0.2787247479166667 0.6732954541666667 0.2769886364583333 0.6741372052083333 0.27493686875
5 0.6520412458333333 0.27793560624999997 0.653093434375 0.275252525 0.6524621208333333 0.271464646875 0.64993686875 0.2700441916666667 0.6464646468749999 0.2694128791666667 0.6446759260416666 0.271464646875 0.6444654885416666 0.27320075729166665 0.6443602697916667 0.2755681822916667 0.6447811447916667 0.278093434375 0.6452020197916667 0.2791982322916667 0.646359428125 0.2799873739583333 0.6504629625 0.27982954583333336 0.6520412458333333 0.27793560624999997
5 0.6333122895833333 0.27383207083333333 0.6315235687499999 0.271780303125 0.6268939395833333 0.271464646875 0.6259469697916666 0.2768308083333333 0.6258417510416667 0.2791982322916667 0.6267887208333334 0.28046085833333334 0.63089225625 0.28203914166666666 0.6335227270833333 0.27951388854166664 0.6337331645833333 0.275094696875 0.6333122895833333 0.27383207083333333
5 0.7195917510416667 0.31439393958333334 0.7168560604166667 0.31171085833333334 0.71285774375 0.3118686864583333 0.7115951177083333 0.3145517677083333 0.7112794614583334 0.3167613635416667 0.7113846802083333 0.32181186875 0.7127525250000001 0.32465277812500004 0.7167508416666667 0.3255997479166667 0.71875 0.3243371208333333 0.7196969697916666 0.3224431822916667 0.7195917510416667 0.31439393958333334
5 0.7297979802083333 0.32165404062499997 0.7300084177083334 0.31786616145833335 0.7284301343749999 0.31281565624999996 0.7245370375 0.31155303020833336 0.7226430979166667 0.31281565624999996 0.7216961281250001 0.31439393958333334 0.721380471875 0.322127525 0.7227483166666667 0.32465277812500004 0.72516835 0.32591540416666664 0.7284301343749999 0.32481060624999997 0.7291666666666666 0.3237058083333333 0.7297979802083333 0.32165404062499997
5 0.7390572385416667 0.322127525 0.7393728958333334 0.3177083333333333 0.7382154885416666 0.31392045416666664 0.7364267677083334 0.312026515625 0.7323232322916666 0.312026515625 0.7309553875 0.3136047979166667 0.7306397302083333 0.31470959583333336 0.7301136364583333 0.3224431822916667 0.7311658249999999 0.32481060624999997 0.7323232322916666 0.3257575760416667 0.7362163302083334 0.32670454583333336 0.7383207072916667 0.32417929270833334 0.7390572385416667 0.322127525
5 0.7482112791666666 0.32544191875 0.749579125 0.32260101041666667 0.75 0.31881313125 0.7492634677083333 0.3162878791666667 0.747264309375 0.31344696979166664 0.7445286197916666 0.31171085833333334 0.7420033666666667 0.31281565624999996 0.7391624583333333 0.3181818177083333 0.7390572385416667 0.32260101041666667 0.7395833333333334 0.32417929270833334 0.7416877104166667 0.32670454583333336 0.7437920874999999 0.328125 0.7457912458333333 0.3274936864583333 0.7482112791666666 0.32544191875
5 0.7334806395833334 0.3371212125 0.734217171875 0.3349116166666667 0.7343223906249999 0.33001893958333334 0.7336910770833334 0.32828282812500004 0.7323232322916666 0.3268623739583333 0.7280092593749999 0.32638888854166664 0.7259048822916667 0.3287563135416667 0.7252735687499999 0.33096590937500003 0.72516835 0.334122475 0.7256944447916667 0.33585858541666663 0.7267466333333333 0.337910353125 0.7284301343749999 0.3394886364583333 0.7325336697916666 0.33838383854166665 0.7334806395833334 0.3371212125
5 0.7242213802083334 0.32986111145833336 0.7222222218750001 0.3270202020833333 0.7203282833333333 0.3255997479166667 0.7166456229166667 0.32733585833333334 0.7156986531249999 0.3297032833333333 0.715593434375 0.33443813125 0.7167508416666667 0.337910353125 0.7207491583333333 0.3393308083333333 0.7228535354166666 0.337752525 0.7238005052083333 0.334122475 0.7242213802083334 0.32986111145833336
5 0.7152777781249999 0.32986111145833336 0.7147516833333333 0.32796717187499996 0.7138047135416666 0.32670454583333336 0.708859428125 0.32591540416666664 0.7077020197916667 0.32733585833333334 0.70675505 0.3306502520833333 0.7065446125 0.334122475 0.708859428125 0.33838383854166665 0.7129629625 0.33822601041666667 0.7142255895833334 0.337752525 0.7149621208333333 0.33680555520833333 0.7152777781249999 0.32986111145833336
5 0.7727272729166667 0.32717803020833336 0.7718855218749999 0.3265467166666667 0.7674663302083334 0.32544191875 0.7652567343750001 0.32954545416666664 0.765151515625 0.334122475 0.7674663302083334 0.33917298020833336 0.7714646468749999 0.33885732291666665 0.7738846802083333 0.334122475 0.7736742427083333 0.32907196979166664 0.7727272729166667 0.32717803020833336
5 0.7629419187500001 0.337594696875 0.7642045458333333 0.334280303125 0.7636784510416667 0.32907196979166664 0.7629419187500001 0.327651515625 0.7616792927083333 0.32670454583333336 0.7592592593749999 0.32623106041666666 0.7559974749999999 0.3274936864583333 0.7551557239583333 0.32844065624999996 0.7545244104166666 0.3304924239583333 0.7543139729166667 0.333964646875 0.7552609427083333 0.337910353125 0.7577861947916666 0.33980429270833334 0.7597853531250001 0.34043560624999997 0.7616792927083333 0.33917298020833336 0.7629419187500001 0.337594696875
5 0.7596801343749999 0.31802398958333333 0.759154040625 0.31597222187499996 0.7578914145833333 0.31328914166666666 0.7565235687499999 0.31218434375000004 0.7544191916666667 0.312026515625 0.7518939395833333 0.312973484375 0.7507365322916667 0.3177083333333333 0.7506313135416666 0.3224431822916667 0.7521043770833333 0.3255997479166667 0.7568392260416666 0.3257575760416667 0.7584175083333334 0.32465277812500004 0.759574915625 0.322285353125 0.7596801343749999 0.31802398958333333
5 0.7683080812499999 0.3238636364583333 0.76925505 0.322127525 0.7694654885416666 0.318339646875 0.76893939375 0.31581439375000003 0.7674663302083334 0.31344696979166664 0.7634680135416667 0.31171085833333334 0.7611531989583333 0.31423611145833336 0.7604166666666666 0.31991792916666667 0.7603114479166667 0.32260101041666667 0.7608375416666667 0.32402146458333336 0.76199495 0.32528409062499997 0.7638888885416667 0.32591540416666664 0.7673611114583333 0.32481060624999997 0.7683080812499999 0.3238636364583333
5 0.7649410770833334 0.306502525 0.7650462958333333 0.302714646875 0.7636784510416667 0.30050505 0.7592592593749999 0.2979797979166667 0.75589225625 0.2992424239583333 0.7553661614583334 0.30460858541666663 0.7553661614583334 0.30744949479166667 0.7565235687499999 0.3104482322916667 0.7601010104166667 0.3118686864583333 0.7629419187500001 0.31060606041666666 0.7643097645833333 0.30918560624999997 0.7649410770833334 0.306502525
5 0.7746212124999999 0.302714646875 0.772095959375 0.29782196979166664 0.7714646468749999 0.297348484375 0.7700968010416667 0.2975063135416667 0.7674663302083334 0.2989267677083333 0.7662037041666667 0.30192550520833333 0.7659932656249999 0.3035037875 0.765888046875 0.3068181822916667 0.7674663302083334 0.3104482322916667 0.7714646468749999 0.31218434375000004 0.7738846802083333 0.31029040416666664 0.7746212124999999 0.30697601041666667 0.7746212124999999 0.302714646875
5 0.784827440625 0.306502525 0.7846170031249999 0.302714646875 0.783880471875 0.29987373749999996 0.7825126260416667 0.29782196979166664 0.780829125 0.29671717187499996 0.7790404041666666 0.2962436864583333 0.7775673395833334 0.29719065624999996 0.7767255895833334 0.29829545416666664 0.77535774375 0.3020833333333333 0.7752525250000001 0.306502525 0.7756734010416667 0.3077651510416667 0.7768308083333333 0.30965909062499997 0.7792508416666667 0.3113952020833333 0.7831439395833333 0.30902777812500004 0.784827440625 0.306502525
5 0.7900883833333334 0.318339646875 0.7900883833333334 0.31423611145833336 0.7885101010416666 0.3118686864583333 0.7870370375 0.31107954583333336 0.7830387208333334 0.31076388854166664 0.7809343437499999 0.31423611145833336 0.780829125 0.318655303125 0.78125 0.32181186875 0.7826178447916666 0.3238636364583333 0.78714225625 0.32449495 0.7891414145833333 0.322127525 0.7900883833333334 0.318339646875
5 0.7833543770833333 0.33617424270833335 0.784511784375 0.334122475 0.7846170031249999 0.33001893958333334 0.7840909093749999 0.328598484375 0.7830387208333334 0.3270202020833333 0.7792508416666667 0.32449495 0.7763047135416666 0.3260732322916667 0.77493686875 0.33033459583333336 0.77483165 0.334122475 0.7758838385416666 0.3371212125 0.7787247479166666 0.3393308083333333 0.7793560604166667 0.3394886364583333 0.780829125 0.3385416666666667 0.7833543770833333 0.33617424270833335
5 0.7793560604166667 0.31786616145833335 0.7787247479166666 0.31439393958333334 0.7775673395833334 0.31281565624999996 0.7757786197916666 0.31155303020833336 0.7732533666666667 0.3118686864583333 0.7715698656250001 0.312973484375 0.7707281145833333 0.3145517677083333 0.7700968010416667 0.318655303125 0.7697811447916667 0.322285353125 0.7712542083333334 0.32417929270833334 0.7756734010416667 0.32512626250000004 0.777988215625 0.32402146458333336 0.7795664979166667 0.322285353125 0.7793560604166667 0.31786616145833335
5 0.7924031989583333 0.337910353125 0.7938762625 0.33601641458333337 0.7945075760416667 0.334122475 0.7938762625 0.3270202020833333 0.7931397302083333 0.32544191875 0.791140571875 0.3238636364583333 0.7880892260416666 0.32481060624999997 0.7860900677083333 0.3265467166666667 0.7853535354166666 0.328125 0.7849326604166666 0.3306502520833333 0.7847222218750001 0.3338068177083333 0.7852483166666667 0.3353851010416667 0.7864057239583333 0.3369633833333333 0.7890361947916666 0.33822601041666667 0.7910353531250001 0.33869949479166667 0.7924031989583333 0.337910353125
5 0.7993476427083334 0.32007575729166665 0.7998737375 0.31439393958333334 0.7987163302083334 0.3125 0.797032828125 0.3112373739583333 0.7951388885416667 0.3101325760416667 0.79324495 0.31076388854166664 0.7920875416666667 0.31171085833333334 0.790824915625 0.31439393958333334 0.7910353531250001 0.321969696875 0.7925084177083334 0.3237058083333333 0.7946127947916667 0.32481060624999997 0.7968223906249999 0.32417929270833334 0.7982954541666667 0.3224431822916667 0.7993476427083334 0.32007575729166665
5 0.7894741166666667 0.34564393958333334 0.7889480218749999 0.3416982322916667 0.7868436447916667 0.3394886364583333 0.7826348906249999 0.3394886364583333 0.7806357322916667 0.3416982322916667 0.77979398125 0.34469696979166664 0.78000441875 0.3494318177083333 0.782740109375 0.3527462125 0.7850549239583333 0.3521148989583333 0.7873697385416667 0.3505366166666667 0.788842803125 0.3481691916666667 0.7894741166666667 0.34564393958333334
5 0.80462563125 0.33364898958333333 0.80420475625 0.328598484375 0.8032577864583333 0.32670454583333336 0.801784721875 0.3255997479166667 0.7983125 0.32449495 0.7965237791666666 0.3270202020833333 0.795261153125 0.32986111145833336 0.795155934375 0.333964646875 0.795576809375 0.33522727291666665 0.79841771875 0.3390151510416667 0.8026264729166667 0.337594696875 0.80441519375 0.3349116166666667 0.80462563125 0.33364898958333333
5 0.8143816291666667 0.32986111145833336 0.813855534375 0.327651515625 0.8129085645833333 0.3260732322916667 0.8098572177083334 0.3243371208333333 0.8063849958333333 0.3260732322916667 0.8060693395833333 0.327651515625 0.8059641208333334 0.334280303125 0.807963278125 0.33822601041666667 0.8099624364583333 0.3394886364583333 0.8117511572916667 0.337910353125 0.814065971875 0.33459595937500003 0.8143816291666667 0.32986111145833336
5 0.8099747479166666 0.322127525 0.809869528125 0.31470959583333336 0.8083964645833334 0.31155303020833336 0.8062920874999999 0.3101325760416667 0.802609428125 0.3112373739583333 0.8013468010416667 0.312973484375 0.8009259260416666 0.31423611145833336 0.8012415822916666 0.32070707083333333 0.8015572385416667 0.3224431822916667 0.8027146468749999 0.32417929270833334 0.8067129625 0.32481060624999997 0.8099747479166666 0.322127525
5 0.8052398989583334 0.30429292916666667 0.8055555552083333 0.302714646875 0.8054503364583333 0.29876893958333334 0.8043981479166666 0.29719065624999996 0.8028198656250001 0.29608585833333334 0.7988215489583333 0.2956123739583333 0.7977693604166666 0.2979797979166667 0.797032828125 0.30145201979166664 0.7972432656249999 0.30508207083333333 0.7981902354166667 0.30744949479166667 0.7988215489583333 0.3080808083333333 0.8028198656250001 0.3087121208333333 0.8041877104166667 0.3072916666666667 0.8052398989583334 0.30429292916666667
5 0.7941919187500001 0.30760732291666665 0.7952441072916667 0.30192550520833333 0.7948232322916666 0.29876893958333334 0.7944023572916666 0.2981376260416667 0.7921927614583333 0.29608585833333334 0.790719696875 0.29545454583333336 0.7868265989583333 0.296875 0.7859848489583333 0.29861111145833336 0.7856691916666667 0.3025568177083333 0.7855639729166667 0.306660353125 0.7860900677083333 0.30744949479166667 0.7882996635416667 0.30902777812500004 0.7910353531250001 0.30965909062499997 0.7929292927083333 0.30902777812500004 0.7941919187500001 0.30760732291666665
5 0.8153409093749999 0.306344696875 0.8155513468750001 0.30192550520833333 0.8141835020833333 0.29766414166666666 0.8105008416666667 0.2962436864583333 0.8067129625 0.2984532833333333 0.8065025250000001 0.302872475 0.8071338385416666 0.306344696875 0.8078703708333334 0.30760732291666665 0.8103956229166667 0.30981691875 0.8143939395833333 0.30839646458333336 0.8153409093749999 0.306344696875
5 0.8181818177083334 0.32354798020833336 0.8194444447916667 0.321969696875 0.8206018520833334 0.318497475 0.8203914145833333 0.31423611145833336 0.8194444447916667 0.31218434375000004 0.8143939395833333 0.30981691875 0.8119739052083333 0.312973484375 0.8115530302083334 0.31423611145833336 0.8116582489583333 0.31881313125 0.8122895625000001 0.321969696875 0.8132365322916667 0.3233901510416667 0.8143939395833333 0.32465277812500004 0.8181818177083334 0.32354798020833336
5 0.8240740739583334 0.334122475 0.8239688552083333 0.3301767677083333 0.8234427614583333 0.32623106041666666 0.822390571875 0.32449495 0.8182870375 0.32417929270833334 0.8162878791666667 0.3260732322916667 0.8161826604166666 0.3268623739583333 0.815656565625 0.334122475 0.8173400677083333 0.3371212125 0.8181818177083334 0.337910353125 0.821654040625 0.337752525 0.8233375416666667 0.3364898989583333 0.8240740739583334 0.334122475
5 0.7840909093749999 0.2713068177083333 0.7835648145833333 0.2700441916666667 0.7830387208333334 0.26925505 0.7793560604166667 0.26704545416666664 0.7773569020833333 0.268781565625 0.77535774375 0.271464646875 0.77451599375 0.2746212125 0.7744107739583334 0.2755681822916667 0.77535774375 0.2791982322916667 0.7790404041666666 0.2818813135416667 0.7834595958333334 0.2796717166666667 0.784511784375 0.2755681822916667 0.7840909093749999 0.2713068177083333
5 0.7634680135416667 0.281723484375 0.7650462958333333 0.2791982322916667 0.7649410770833334 0.275252525 0.7636784510416667 0.2728851010416667 0.759574915625 0.27067550520833333 0.7572601010416666 0.27304292916666667 0.7556818177083334 0.275410353125 0.7557870375 0.2791982322916667 0.7577861947916666 0.281723484375 0.759574915625 0.2828282833333333 0.7621001687500001 0.2825126260416667 0.7634680135416667 0.281723484375
5 0.8343855218749999 0.3304924239583333 0.834175084375 0.32733585833333334 0.8333333333333334 0.3255997479166667 0.8311237375 0.3238636364583333 0.8298611114583333 0.3233901510416667 0.828598484375 0.32402146458333336 0.8257575760416667 0.3268623739583333 0.8249158249999999 0.32844065624999996 0.8247053875 0.334122475 0.8269149833333334 0.33664772708333335 0.8300715489583333 0.337752525 0.8324915822916666 0.33617424270833335 0.833859428125 0.3338068177083333 0.8343855218749999 0.3304924239583333
5 0.8393308083333333 0.340593434375 0.8388047135416666 0.3390151510416667 0.8376473062500001 0.337594696875 0.834175084375 0.3371212125 0.8333333333333334 0.337594696875 0.83143939375 0.34011995 0.8305976427083334 0.34343434375000004 0.8304924239583333 0.34595959583333336 0.83101851875 0.34769570729166666 0.8339646468749999 0.35132575729166665 0.83785774375 0.34880050520833333 0.8397516833333333 0.34564393958333334 0.8393308083333333 0.340593434375
5 0.849436553125 0.34162863020833334 0.849120896875 0.33831423645833336 0.8487000208333334 0.33784075104166666 0.8445964854166667 0.337051609375 0.8424921083333333 0.33847206458333334 0.84059816875 0.34115514479166664 0.8402825125 0.34210211458333334 0.84049295 0.346047821875 0.842912984375 0.34873090312500005 0.8447017041666667 0.34952004375 0.849331334375 0.346047821875 0.849436553125 0.34162863020833334
5 0.8544823229166667 0.353377525 0.853640571875 0.3505366166666667 0.852693603125 0.349589646875 0.8491161614583334 0.34864267708333335 0.847011784375 0.349589646875 0.8461700333333333 0.35227272708333335 0.8462752520833334 0.35795454583333336 0.8482744104166666 0.3609532833333333 0.84964225625 0.36158459583333336 0.8531144781250001 0.35905934375000004 0.8541666666666666 0.35748106041666666 0.8544823229166667 0.353377525
5 0.8581649833333334 0.37215909062499997 0.859111953125 0.369160353125 0.859532828125 0.36489898958333333 0.8586910770833334 0.36126893958333334 0.8575336697916666 0.359848484375 0.8534301343749999 0.35969065624999996 0.8505892260416666 0.36268939375000003 0.8498526937499999 0.365372475 0.84964225625 0.3693181822916667 0.8503787875000001 0.371843434375 0.8510101010416666 0.3729482322916667 0.8537457916666666 0.374526515625 0.8573232322916666 0.37310606041666666 0.8581649833333334 0.37215909062499997
5 0.8573232322916666 0.3481691916666667 0.8590067343750001 0.34595959583333336 0.8600589229166666 0.3413825760416667 0.859532828125 0.337752525 0.8586910770833334 0.33664772708333335 0.8574284510416667 0.33570075729166665 0.8534301343749999 0.33506944479166667 0.85006313125 0.337752525 0.8509048822916667 0.34154040416666664 0.8498526937499999 0.34564393958333334 0.8502735687499999 0.3461174239583333 0.852798821875 0.3480113635416667 0.8542718854166667 0.34832701979166664 0.8573232322916666 0.3481691916666667
5 0.853324915625 0.3338068177083333 0.8553240739583334 0.3301767677083333 0.8554292927083333 0.3255997479166667 0.8542718854166667 0.32323232291666665 0.8494318177083334 0.3214962125 0.8475378791666667 0.32307449479166667 0.846380471875 0.32544191875 0.8462752520833334 0.32891414166666666 0.8468013468750001 0.33270201979166664 0.8472222218750001 0.333964646875 0.8488005052083333 0.3349116166666667 0.8497474749999999 0.33522727291666665 0.853324915625 0.3338068177083333
5 0.844970959375 0.32647711458333334 0.8428665822916667 0.32363620625 0.84118308125 0.3225314083333333 0.838552609375 0.3230048927083333 0.8365534510416667 0.3239518625 0.8355012625 0.3258458020833333 0.8360273572916667 0.33436852916666665 0.8371847645833334 0.33626246875 0.84118308125 0.33736726666666667 0.8432874583333334 0.336104640625 0.844760521875 0.33421070104166667 0.844970959375 0.32647711458333334
5 0.8397516833333333 0.31944444479166667 0.8399621208333333 0.31786616145833335 0.8394360270833333 0.312973484375 0.8388047135416666 0.3109217166666667 0.83785774375 0.30981691875 0.8339646468749999 0.3099747479166667 0.8331228958333334 0.3112373739583333 0.8322811447916667 0.3150252520833333 0.8322811447916667 0.31944444479166667 0.8328072385416667 0.3213383833333333 0.8337542083333334 0.322285353125 0.83785774375 0.3224431822916667 0.8392255895833334 0.3208648989583333 0.8397516833333333 0.31944444479166667
5 0.8305682875 0.3135863322916667 0.8294108791666667 0.3116923927083333 0.8266751895833334 0.30979845312500004 0.8253073447916666 0.309640625 0.8237290614583334 0.31058759479166664 0.8225716541666667 0.3121658770833333 0.8213090281250001 0.31737421041666664 0.8210985895833333 0.321635575 0.8243603749999999 0.32352951354166665 0.8266751895833334 0.32384517083333336 0.8301474114583333 0.32131991770833335 0.8305682875 0.3186368375 0.8305682875 0.3135863322916667
5 0.8250210437500001 0.30034722187499996 0.8222853531250001 0.29703282812500004 0.81839225625 0.297348484375 0.8168139729166667 0.30224116145833335 0.8167087541666667 0.306502525 0.8184974749999999 0.3082386364583333 0.8221801343749999 0.30902777812500004 0.8254419187500001 0.306502525 0.8256523572916666 0.3020833333333333 0.8250210437500001 0.30034722187499996
5 0.849992003125 0.31802398958333333 0.8503076604166666 0.31392045416666664 0.849676346875 0.3118686864583333 0.8487293770833334 0.31076388854166664 0.8448362791666667 0.309343434375 0.843152778125 0.31107954583333336 0.8423110270833334 0.3137626260416667 0.8422058083333333 0.318497475 0.843363215625 0.32070707083333333 0.8447310604166667 0.32181186875 0.8478876260416667 0.32070707083333333 0.8491502520833334 0.31960227291666665 0.849992003125 0.31802398958333333
5 0.8660687083333334 0.32674857916666666 0.8650165197916666 0.322487215625 0.8619651729166667 0.3202776197916667 0.8570198864583334 0.3223293875 0.8556520416666668 0.32564378125 0.8556520416666668 0.3295894885416667 0.8563885729166666 0.331799084375 0.8617547343749999 0.334482165625 0.8639643312499999 0.3329038822916666 0.8650165197916666 0.331483428125 0.8660687083333334 0.32674857916666666
5 0.8758123947916666 0.353359059375 0.8753915197916666 0.3487820395833333 0.8729714854166667 0.34704592812499996 0.8686575125 0.34704592812499996 0.8669740114583333 0.3478350697916667 0.865816603125 0.3487820395833333 0.865500946875 0.35099163541666667 0.865395728125 0.35256991770833335 0.8661322604166667 0.3554108270833333 0.8687627312499999 0.3584095645833333 0.8728662666666666 0.3584095645833333 0.8750758624999999 0.356042140625 0.8758123947916666 0.353359059375
5 0.8728956229166667 0.38352272708333335 0.8742634677083333 0.380839646875 0.8742634677083333 0.37594696979166664 0.8734217166666667 0.37326388854166664 0.8724747479166666 0.3724747479166667 0.8692129625 0.3712121208333333 0.86826599375 0.37152777812500004 0.8656355218749999 0.3734217166666667 0.8646885520833333 0.37594696979166664 0.8648989895833333 0.3816287875 0.8661616166666666 0.3833648989583333 0.8680555552083333 0.384785353125 0.86910774375 0.38525883854166665 0.8720538718749999 0.38415404062499997 0.8728956229166667 0.38352272708333335
5 0.8683712124999999 0.39693813125 0.8693181822916666 0.39551767708333335 0.8701599322916667 0.39251893958333334 0.8693181822916666 0.38762626250000004 0.865425084375 0.384469696875 0.8613215489583333 0.3863636364583333 0.859638046875 0.38841540416666664 0.859532828125 0.39251893958333334 0.8603745791666667 0.39599116145833335 0.8613215489583333 0.3972537875 0.8634259260416666 0.39835858541666663 0.865530303125 0.39883207083333333 0.8683712124999999 0.39693813125
5 0.8583754208333333 0.39283459583333336 0.8581649833333334 0.38920454583333336 0.8577441072916667 0.3882575760416667 0.8538510104166667 0.3863636364583333 0.84964225625 0.38841540416666664 0.8490109427083333 0.390625 0.8488005052083333 0.3931502520833333 0.8492213802083334 0.396780303125 0.8534301343749999 0.400252525 0.85648148125 0.39756944479166667 0.8575336697916666 0.3958333333333333 0.8583754208333333 0.39283459583333336
5 0.8613215489583333 0.41114267708333335 0.8632154885416666 0.40814393958333334 0.8627946125 0.4037247479166667 0.8621633000000001 0.4019886364583333 0.8613215489583333 0.4010416666666667 0.8573232322916666 0.39977904062499997 0.85574495 0.4010416666666667 0.8547979802083333 0.40277777812500004 0.8543771041666666 0.40404040416666664 0.8543771041666666 0.4083017677083333 0.8551136364583333 0.4100378791666667 0.8565866999999999 0.41161616145833335 0.8579545458333333 0.4119318177083333 0.8613215489583333 0.41114267708333335
5 0.8586910770833334 0.4231376260416667 0.8593223906249999 0.41998106041666666 0.8590067343750001 0.416035353125 0.8575336697916666 0.41382575729166665 0.8534301343749999 0.41272095937500003 0.8506944447916667 0.41477272708333335 0.8495370375 0.4171401510416667 0.8490109427083333 0.4202967166666667 0.8498526937499999 0.42376893958333334 0.8514309760416666 0.42550505 0.8535353531250001 0.4266098489583333 0.8572180135416667 0.42487373749999996 0.8586910770833334 0.4231376260416667
5 0.8698442760416667 0.416035353125 0.8693181822916666 0.41429924270833335 0.8671085854166667 0.412089646875 0.865530303125 0.4114583333333333 0.8625841750000001 0.412089646875 0.8613215489583333 0.4135101010416667 0.8607954541666667 0.4150883833333333 0.8605850166666666 0.41998106041666666 0.8617424239583333 0.42376893958333334 0.8653198656250001 0.425031565625 0.8687920874999999 0.422348484375 0.8699494947916667 0.4202967166666667 0.8698442760416667 0.416035353125
5 0.8727904041666666 0.40956439375000003 0.8743686864583334 0.4078282833333333 0.8746843437499999 0.40530303020833336 0.8743686864583334 0.4005681822916667 0.8730008416666667 0.39851641458333337 0.8694234010416667 0.39772727291666665 0.8664772729166667 0.39835858541666663 0.8652146468749999 0.39883207083333333 0.8641624583333333 0.40119949479166667 0.8635311447916667 0.40404040416666664 0.8640572385416667 0.4068813135416667 0.8652146468749999 0.40924873749999996 0.8665824916666666 0.41035353541666664 0.8693181822916666 0.41130050520833333 0.8727904041666666 0.40956439375000003
5 0.8788930979166667 0.412089646875 0.8769991583333333 0.41130050520833333 0.8730008416666667 0.4114583333333333 0.8719486531249999 0.412089646875 0.8712121208333333 0.4152462125 0.8711069020833333 0.4198232322916667 0.8730008416666667 0.422348484375 0.8769991583333333 0.42329545416666664 0.8798400677083333 0.41998106041666666 0.8799452864583334 0.4152462125 0.8788930979166667 0.412089646875
5 0.883943603125 0.4087752520833333 0.8858375416666667 0.40435606041666666 0.8854166666666666 0.39977904062499997 0.884154040625 0.39835858541666663 0.88089225625 0.396780303125 0.8772095958333334 0.39851641458333337 0.8760521885416667 0.400252525 0.8758417510416667 0.40167298020833336 0.8756313135416666 0.4046717166666667 0.8761574072916667 0.40814393958333334 0.8778409093749999 0.40972222187499996 0.8804713802083334 0.4109848489583333 0.8816287875000001 0.4106691916666667 0.883943603125 0.4087752520833333
5 0.8803661614583334 0.38873106041666666 0.8800505052083333 0.38762626250000004 0.8791035354166666 0.38604798020833336 0.877630471875 0.38510101041666667 0.8730008416666667 0.384785353125 0.8713173395833334 0.3862058083333333 0.8702651510416667 0.3880997479166667 0.8711069020833333 0.3931502520833333 0.8731060604166667 0.3958333333333333 0.8768939395833333 0.39756944479166667 0.8792087541666667 0.39551767708333335 0.8803661614583334 0.39283459583333336 0.8803661614583334 0.38873106041666666
5 0.8793139729166667 0.36126893958333334 0.8768939395833333 0.35858585833333334 0.8728956229166667 0.3617424239583333 0.8711069020833333 0.36474116145833335 0.871843434375 0.369002525 0.8730008416666667 0.3702651510416667 0.8769991583333333 0.3705808083333333 0.8798400677083333 0.369002525 0.8799452864583334 0.3645833333333333 0.8793139729166667 0.36126893958333334
5 0.8864565447916667 0.3537814083333333 0.88593045 0.34952004375 0.8841417302083333 0.34731044791666665 0.8801434135416667 0.346363478125 0.8768816291666667 0.34920438750000005 0.876355534375 0.35046701354166665 0.8774077229166667 0.35662231666666666 0.8781442552083334 0.35772711458333334 0.8801434135416667 0.3588319125 0.8844573864583333 0.35678014479166664 0.8864565447916667 0.3537814083333333
5 0.8858375416666667 0.32417929270833334 0.8842592593749999 0.321969696875 0.8807870375 0.3208648989583333 0.8789983166666667 0.32260101041666667 0.8778409093749999 0.3255997479166667 0.8784722218750001 0.33001893958333334 0.8806818177083334 0.33270201979166664 0.884574915625 0.3319128791666667 0.8860479802083333 0.3297032833333333 0.8861531989583333 0.3257575760416667 0.8858375416666667 0.32417929270833334
5 0.8730008416666667 0.43576388854166664 0.8741582489583333 0.43418560624999997 0.875 0.43197601041666667 0.87510521875 0.427714646875 0.8731060604166667 0.42534722187499996 0.8687920874999999 0.4244002520833333 0.8653198656250001 0.42676767708333335 0.8646885520833333 0.427714646875 0.8653198656250001 0.43355429270833334 0.866056396875 0.4354482322916667 0.86826599375 0.43671085833333334 0.8695286197916666 0.437026515625 0.8730008416666667 0.43576388854166664
6 0.7714646468749999 0.29040404062499997 0.7647306395833334 0.287089646875 0.76231060625 0.287089646875 0.759574915625 0.2880366166666667 0.7584175083333334 0.287089646875 0.75589225625 0.28614267708333335 0.7516835020833333 0.2885101010416667 0.7478956229166667 0.287405303125 0.7456860270833333 0.2859848489583333 0.7437920874999999 0.2855113635416667 0.7418981479166666 0.28661616145833335 0.740109428125 0.28866792916666667 0.73800505 0.28661616145833335 0.7361111114583333 0.2855113635416667 0.7323232322916666 0.2878787875 0.7243265989583333 0.287247475 0.7224326604166666 0.28819444479166667 0.7207491583333333 0.28977272708333335 0.7167508416666667 0.28898358541666663 0.7089646468749999 0.2911931822916667 0.7050715489583333 0.28882575729166665 0.7013888885416667 0.291035353125 0.6971801343749999 0.2911931822916667 0.6953914145833333 0.28914141458333337 0.6930765989583333 0.28835227291666665 0.690761784375 0.28945707083333333 0.6893939395833333 0.290877525 0.6805555552083333 0.2911931822916667 0.6771885520833333 0.290719696875 0.6741372052083333 0.2924558083333333 0.6697180135416667 0.2924558083333333 0.6662457916666666 0.29324495 0.6581439395833333 0.29182449479166667 0.6560395625000001 0.28977272708333335 0.6542508416666667 0.28898358541666663 0.6505681822916666 0.29040404062499997 0.6387836697916666 0.2900883833333333 0.6356271041666666 0.2911931822916667 0.6323653197916667 0.29150883854166665 0.6305765989583333 0.2924558083333333 0.6268939395833333 0.2916666666666667 0.6230008416666667 0.2880366166666667 0.61910774375 0.2900883833333333 0.6168981479166666 0.287089646875 0.615530303125 0.28630050520833333 0.6139520197916667 0.28677398958333333 0.6113215489583333 0.28866792916666667 0.6072180135416667 0.28882575729166665 0.603640571875 0.28614267708333335 0.6015361947916666 0.287089646875 0.5995370375 0.28977272708333335 0.5958543770833333 0.28914141458333337 0.5945917510416667 0.28772095937500003 0.5922769364583333 0.2869318177083333 0.5896464645833334 0.28772095937500003 0.5877525250000001 0.28945707083333333 0.5854377104166667 0.287089646875 0.583859428125 0.28661616145833335 0.5801767677083334 0.29056186875 0.577861953125 0.2885101010416667 0.5762836697916666 0.28772095937500003 0.5718644781250001 0.28772095937500003 0.5682870375 0.28945707083333333 0.5643939395833333 0.2880366166666667 0.5606060604166667 0.28993055520833333 0.5523989895833333 0.28945707083333333 0.5488215489583333 0.290719696875 0.5444023572916666 0.290719696875 0.541140571875 0.29182449479166667 0.5289351854166667 0.290719696875 0.5269360270833333 0.29135101041666667 0.5210437708333333 0.2916666666666667 0.5175715489583333 0.2924558083333333 0.5133627947916667 0.29182449479166667 0.5101010104166667 0.29292929270833334 0.5053661614583334 0.29150883854166665 0.5018939395833333 0.29229798020833336 0.49242424270833335 0.2916666666666667 0.4825336697916667 0.2924558083333333 0.47843013437500004 0.29324495 0.4744318177083333 0.29135101041666667 0.47085437708333333 0.2926136364583333 0.45822811458333335 0.2924558083333333 0.45454545416666664 0.29198232291666665 0.44707491562499996 0.29292929270833334 0.44328703750000004 0.2916666666666667 0.43960437708333333 0.29324495 0.4361321552083333 0.2924558083333333 0.4320286197916667 0.2930871208333333 0.42087542083333335 0.2924558083333333 0.4117213802083333 0.2926136364583333 0.40814393958333334 0.29356060624999997 0.40414562291666667 0.2926136364583333 0.40067340104166665 0.29387626250000004 0.39941077395833335 0.29387626250000004 0.39520201979166664 0.2930871208333333 0.3885732322916667 0.29340277812500004 0.38510101041666667 0.2924558083333333 0.3765782833333333 0.29277146458333336 0.3734217166666667 0.29198232291666665 0.36910774375 0.29324495 0.36542508437500004 0.2921401510416667 0.36132154895833335 0.29292929270833334 0.35763888854166664 0.2921401510416667 0.35290404062499997 0.29198232291666665 0.34880050520833333 0.2924558083333333 0.3419612791666667 0.29150883854166665 0.33743686875 0.2921401510416667 0.33417508437500004 0.290877525 0.32975589270833333 0.2924558083333333 0.3258627947916667 0.29040404062499997 0.32270622916666664 0.29135101041666667 0.31881313125 0.2916666666666667 0.3125 0.29056186875 0.30986952812499996 0.29056186875 0.3076599322916667 0.2911931822916667 0.302714646875 0.29056186875 0.29882154895833335 0.2926136364583333 0.296611953125 0.2921401510416667 0.29471801354166666 0.291035353125 0.29335016875 0.2921401510416667 0.28903619479166665 0.29292929270833334 0.28703703750000004 0.29403409062499997 0.28535353541666664 0.29277146458333336 0.28114478125000003 0.29150883854166665 0.27925084166666664 0.29040404062499997 0.2755681822916667 0.29324495 0.27167508437500004 0.2911931822916667 0.2674663302083333 0.29292929270833334 0.265467171875 0.2921401510416667 0.2635732322916667 0.290719696875 0.26188973020833334 0.29198232291666665 0.25736531979166666 0.29324495 0.255997475 0.2948232322916667 0.2557870375 0.29655934375000004 0.25557659895833335 0.2948232322916667 0.25484006770833334 0.293718434375 0.25210437708333333 0.2921401510416667 0.24800084166666667 0.29198232291666665 0.244002525 0.29419191875 0.24210858541666666 0.29292929270833334 0.23947811458333332 0.29229798020833336 0.22821969687500002 0.29292929270833334 0.22443181770833334 0.29182449479166667 0.22064393958333334 0.29403409062499997 0.21843434374999998 0.29229798020833336 0.21643518541666668 0.29150883854166665 0.20938552187499998 0.29340277812500004 0.20549242395833334 0.2921401510416667 0.20086279479166666 0.2921401510416667 0.19212962916666668 0.29356060624999997 0.18970959583333336 0.2948232322916667 0.19318181770833334 0.29876893958333334 0.19234006770833334 0.30050505 0.18960437708333336 0.3016098489583333 0.18876262604166666 0.3006628791666667 0.18823653229166667 0.29908459583333336 0.18918350208333334 0.2948232322916667 0.18792087500000001 0.293718434375 0.18539562291666664 0.29292929270833334 0.18213383854166668 0.2948232322916667 0.181502525 0.29655934375000004 0.17876683541666666 0.29782196979166664 0.17571548854166666 0.3011363635416667 0.17382154895833332 0.3025568177083333 0.17161195312500002 0.30318813125 0.16813973020833334 0.30508207083333333 0.16603535312499998 0.3077651510416667 0.1620370375 0.30760732291666665 0.15845959583333336 0.3104482322916667 0.15961700312500002 0.31107954583333336 0.16035353541666666 0.31218434375000004 0.16087962916666668 0.31423611145833336 0.15814393958333334 0.3167613635416667 0.15561868645833332 0.3145517677083333 0.15519781145833333 0.312973484375 0.15414562291666664 0.312026515625 0.15351430937500002 0.31281565624999996 0.152988215625 0.3145517677083333 0.14877946145833335 0.318339646875 0.14446548854166666 0.3243371208333333 0.14246633020833332 0.3260732322916667 0.14299242395833334 0.3292297979166667 0.14267676770833332 0.33033459583333336 0.14194023541666667 0.32986111145833336 0.14141414166666666 0.328125 0.13857323229166668 0.32780934375000004 0.13562710416666668 0.3301767677083333 0.13247053854166665 0.33175505 0.1307870375 0.33459595937500003 0.12668350208333334 0.333964646875 0.12310606041666668 0.3353851010416667 0.12247474791666665 0.337752525 0.12300084166666667 0.34280303020833336 0.124579125 0.34406565624999996 0.12689393958333334 0.34469696979166664 0.12773569062499998 0.34564393958333334 0.12678872083333334 0.34674873749999996 0.12531565625000002 0.34738005 0.12405303020833333 0.3489583333333333 0.12321127916666666 0.35164141458333337 0.12236952812499999 0.35716540416666664 0.12342171666666667 0.36111111145833336 0.122053871875 0.36710858541666663 0.12173821562499999 0.37152777812500004 0.12173821562499999 0.37310606041666666 0.12257996666666666 0.37689393958333334 0.122264309375 0.3839962125 0.12257996666666666 0.3926767677083333 0.121527778125 0.39614898958333333 0.121527778125 0.4019886364583333 0.12268518541666666 0.40924873749999996 0.12279040416666667 0.412089646875 0.122264309375 0.41540404062499997 0.12247474791666665 0.43197601041666667 0.12310606041666668 0.4354482322916667 0.12300084166666667 0.43970959583333336 0.12236952812499999 0.443655303125 0.12300084166666667 0.4479166666666667 0.12415824895833333 0.45217803020833336 0.12478956249999999 0.453125 0.12689393958333334 0.45391414166666666 0.13089225625 0.45391414166666666 0.13299663333333334 0.45501893958333334 0.13299663333333334 0.46054292916666667 0.13341750833333332 0.4619633833333333 0.134154040625 0.462752525 0.13299663333333334 0.46417298020833336 0.13236531979166666 0.4666982322916667 0.13657407395833332 0.4703282833333333 0.13878366979166668 0.47427398958333333 0.13888888854166667 0.478219696875 0.13962542083333332 0.4827967166666667 0.13878366979166668 0.4910037875 0.13804713854166667 0.493844696875 0.13783669999999998 0.49779040416666664 0.134574915625 0.503156565625 0.12699915833333333 0.505839646875 0.12689393958333334 0.5096275250000001 0.12552609479166665 0.5113636364583333 0.12468434375 0.5143623739583333 0.12300084166666667 0.5162563135416667 0.12247474791666665 0.5175189395833333 0.12300084166666667 0.5230429291666667 0.12394781145833332 0.5260416666666666 0.12415824895833333 0.5334595958333334 0.12384259270833334 0.5380366166666666 0.12426346770833334 0.5454545458333333 0.12300084166666667 0.5490845958333334 0.12415824895833333 0.5522411614583334 0.12352693645833333 0.5615530302083334 0.12447390520833333 0.5684974749999999 0.12279040416666667 0.5722853531250001 0.12279040416666667 0.5762310604166667 0.12215909062500001 0.5792297979166666 0.12215909062500001 0.5803345958333334 0.12289562291666667 0.5828598489583333 0.12384259270833334 0.5839646468749999 0.12279040416666667 0.5871212124999999 0.122264309375 0.5956439395833333 0.12300084166666667 0.5978535354166666 0.12415824895833333 0.5988005052083333 0.12594696979166667 0.6033775250000001 0.125420875 0.6073232322916666 0.12605218854166667 0.6085858583333333 0.12699915833333333 0.6100063135416666 0.128472221875 0.6103219697916666 0.13247053854166665 0.61268939375 0.13362794583333332 0.6152146468749999 0.13552188541666668 0.6163194447916667 0.13667929270833332 0.6178977270833333 0.13983585833333334 0.625473484375 0.14204545416666667 0.6351010104166667 0.14425505 0.6385732322916666 0.14372895624999998 0.641098484375 0.14257154895833332 0.6434659093749999 0.14194023541666667 0.6461489895833333 0.14215067291666666 0.6504103531250001 0.14151936041666666 0.6518308083333333 0.140993265625 0.6545138885416667 0.13941498333333333 0.6579861114583333 0.14120370416666667 0.6639835854166667 0.14246633020833332 0.6669823229166667 0.14983164999999998 0.6691919187500001 0.15425084166666667 0.6688762625 0.15509259270833334 0.6698232322916666 0.15425084166666667 0.6707702020833334 0.147095959375 0.6709280302083334 0.14309764270833333 0.6721906562500001 0.14257154895833332 0.6725063135416666 0.14225589270833333 0.6736111114583333 0.14204545416666667 0.6764520197916667 0.14204545416666667 0.6778724749999999 0.14257154895833332 0.6794507572916667 0.14341330000000002 0.6800820708333333 0.14562289583333332 0.6833964645833334 0.14846380520833333 0.6854482322916666 0.14320286145833333 0.687657828125 0.14204545416666667 0.6892361114583333 0.14194023541666667 0.6934974749999999 0.14246633020833332 0.69681186875 0.14246633020833332 0.7015467166666667 0.14320286145833333 0.7072285354166666 0.14383417499999998 0.7091224749999999 0.1440446125 0.7129103531250001 0.14530723854166666 0.715593434375 0.147095959375 0.7166982322916666 0.1440446125 0.7181186864583334 0.14257154895833332 0.7206439395833333 0.14257154895833332 0.7253787875000001 0.14383417499999998 0.7297979802083333 0.14551767708333332 0.7323232322916666 0.14446548854166666 0.7362689395833333 0.14530723854166666 0.7386363635416667 0.147306396875 0.7419507572916667 0.15098905729166667 0.743844696875 0.15225168333333333 0.7458964645833334 0.15414562291666664 0.746843434375 0.15477693645833332 0.7479482322916666 0.15404040416666664 0.7485795458333333 0.14625420833333333 0.749526515625 0.14488636354166667 0.7503156562500001 0.1436237375 0.7518939395833333 0.14414983125 0.7541035354166666 0.14520201979166666 0.7558396468749999 0.14604377083333334 0.7602588385416666 0.14772727291666668 0.7634154041666666 0.14478114479166668 0.7659406562500001 0.14383417499999998 0.7673611114583333 0.14436026979166666 0.7752525250000001 0.14509680104166664 0.77761995 0.14625420833333333 0.7791982322916666 0.14446548854166666 0.78125 0.14383417499999998 0.7831439395833333 0.14530723854166666 0.7869318177083334 0.14646464687500002 0.7921401510416667 0.14877946145833335 0.7948232322916666 0.147095959375 0.7962436864583334 0.146359428125 0.7978219697916666 0.14625420833333333 0.7989267677083334 0.147201178125 0.8027146468749999 0.15035774375 0.8069760104166667 0.153303871875 0.8090277781249999 0.16109006770833334 0.8102904041666666 0.15561868645833332 0.8115530302083334 0.15425084166666667 0.8121843437499999 0.15382996666666668 0.812973484375 0.15351430937500002 0.8143939395833333 0.15393518541666668 0.8148674239583333 0.15625 0.8159722218750001 0.15814393958333334 0.8177083333333334 0.16298400624999998 0.8183396468749999 0.16571969687500002 0.8192866166666666 0.17013888854166667 0.818970959375 0.17340067291666666 0.8200757572916667 0.19581228958333333 0.8200757572916667 0.20117845104166668 0.8194444447916667 0.20475589270833333 0.8208648989583334 0.20875420833333333 0.8200757572916667 0.21696127916666666 0.8203914145833333 0.22011784479166666 0.8196022729166667 0.2253787875 0.8199179291666667 0.23190235729166667 0.81881313125 0.23663720520833334 0.8192866166666666 0.23979377083333334 0.8183396468749999 0.24452861979166668 0.8184974749999999 0.24779040416666664 0.8164457072916667 0.24905303020833333 0.8170770197916667 0.25 0.8181818177083334 0.2515782833333333 0.818655303125 0.265256734375 0.8181818177083334 0.26694023541666667 0.8177083333333334 0.2694654885416667 0.8154987375 0.27188552187500004 0.8143939395833333 0.2708333333333333 0.8131313135416666 0.2667297979166667 0.8117108583333333 0.259469696875 0.812026515625 0.2515782833333333 0.8113952020833334 0.24757996666666668 0.812026515625 0.2442129625 0.8109217166666667 0.23937289583333332 0.8113952020833334 0.23642676770833332 0.8104482322916666 0.23947811458333332 0.8095012625 0.24473905729166667 0.8099747479166666 0.2497895625 0.809343434375 0.2517887208333333 0.8085542927083333 0.255997475 0.809343434375 0.2584175083333333 0.8085542927083333 0.259680134375 0.8074494947916667 0.26262626250000004 0.8083964645833334 0.27188552187500004 0.809343434375 0.27861952812499996 0.8110795458333333 0.2795664979166667 0.8110795458333333 0.28314393958333334 0.80918560625 0.2860900677083333 0.8102904041666666 0.28714225625 0.812026515625 0.28935185208333336 0.8110795458333333 0.29997895625000004 0.8099747479166666 0.30397727291666665 0.8083964645833334 0.30692340104166665 0.8058712124999999 0.31039562291666667 0.8074494947916667 0.3127104375 0.8112373739583333 0.31355218854166667 0.8117108583333333 0.31576178437499997 0.8117108583333333 0.31828703750000004 0.8109217166666667 0.3260732322916667 0.8110795458333333 0.327861953125 0.812026515625 0.3290193604166667 0.8143939395833333 0.3301767677083333 0.8153409093749999 0.333964646875 0.8154987375 0.3363846802083333 0.8142361114583333 0.33385942812499997 0.8104482322916666 0.337752525 0.8072916666666666 0.3424873739583333 0.8096590906250001 0.3490109427083333 0.8107638885416667 0.35048400625000004 0.8118686864583334 0.352798821875 0.812342171875 0.359111953125 0.812342171875 0.3614267677083333 0.8113952020833334 0.36531986562499996 0.8125 0.36868686875 0.8109217166666667 0.37310606041666666 0.8112373739583333 0.3767887208333333 0.8087121208333333 0.38499579166666664 0.80886995 0.38815235729166664 0.8099747479166666 0.3926767677083333 0.809343434375 0.39551767708333335 0.8102904041666666 0.39635942812499997 0.8118686864583334 0.39772727291666665 0.8102904041666666 0.40109427604166664 0.8096590906250001 0.40709175104166667 0.8102904041666666 0.409406565625 0.8117108583333333 0.412247475 0.812026515625 0.41445707083333333 0.8102904041666666 0.416035353125 0.8096590906250001 0.4209806395833333 0.8113952020833334 0.421822390625 0.812026515625 0.42308501666666665 0.8143939395833333 0.4242424239583333 0.8148674239583333 0.42897727291666665 0.8143939395833333 0.4300294614583333 0.8128156562500001 0.43129208750000003 0.812026515625 0.43550084166666664 0.812026515625 0.43634259270833337 0.8102904041666666 0.43939393958333334 0.8072916666666666 0.44360269375 0.8080808083333333 0.446759259375 0.8072916666666666 0.45117845104166665 0.8071338385416666 0.4549663302083333 0.8090277781249999 0.45906986562499996 0.8090277781249999 0.46264730625 0.8071338385416666 0.46675084166666664 0.8069760104166667 0.4705387208333333 0.8125 0.4744318177083333 0.8131313135416666 0.47864057187500003 0.812973484375 0.48400673437499997 0.81581439375 0.48611111145833336 0.818655303125 0.49010942812499997 0.8197601010416666 0.4943181822916667 0.8233901510416667 0.49789562291666667 0.8252840906250001 0.5002104375 0.8297032833333333 0.5018939395833333 0.8315972218750001 0.50589225625 0.8306502520833334 0.5068392260416666 0.8300189395833333 0.509469696875 0.8259154041666666 0.5136784510416667 0.8243371208333333 0.5160984843749999 0.8207070708333333 0.5175715489583333 0.8192866166666666 0.522306396875 0.8183396468749999 0.5257786197916666 0.815656565625 0.5288299666666666 0.8150252520833334 0.5331439395833333 0.8154987375 0.5409301343749999 0.8121843437499999 0.5469276093750001 0.8132891416666667 0.5487163302083334 0.8142361114583333 0.5509259260416666 0.8139204541666667 0.5527146468749999 0.8134469697916666 0.5542929291666667 0.8102904041666666 0.55660774375 0.80918560625 0.5603956229166667 0.8101325760416667 0.5668139729166667 0.8102904041666666 0.5682870375 0.8110795458333333 0.5724957916666666 0.8109217166666667 0.5760732322916666 0.8121843437499999 0.5774410770833334 0.8102904041666666 0.5799663302083334 0.8085542927083333 0.5840698656250001 0.80886995 0.5876473062500001 0.8057133833333334 0.5916456229166667 0.8050820708333333 0.5944865322916667 0.806344696875 0.5956439395833333 0.8090277781249999 0.5960648145833333 0.80918560625 0.5989057239583333 0.8096590906250001 0.602693603125 0.80886995 0.6074284510416667 0.80918560625 0.6110058927083333 0.8143939395833333 0.6153198656250001 0.8140782833333333 0.6193181822916666 0.8109217166666667 0.6207912458333333 0.8118686864583334 0.6219486531249999 0.8142361114583333 0.6225799666666667 0.8145517677083334 0.627735690625 0.8151830812499999 0.6365740739583334 0.8140782833333333 0.6388888885416667 0.8143939395833333 0.6427819864583333 0.81613005 0.6461489895833333 0.8153409093749999 0.6479377104166667 0.8143939395833333 0.6464646468749999 0.812026515625 0.6421506729166667 0.8118686864583334 0.641098484375 0.8106060604166667 0.6415193604166666 0.8098169187500001 0.6424663302083334 0.80886995 0.6465698656250001 0.8095012625 0.6505681822916666 0.8071338385416666 0.6542508416666667 0.8083964645833334 0.655829125 0.8096590906250001 0.6576178447916666 0.8102904041666666 0.6569865322916667 0.8142361114583333 0.6580387208333334 0.8147095958333334 0.6620370375 0.8143939395833333 0.6630892260416666 0.812657828125 0.6663510104166667 0.812026515625 0.6738215489583333 0.8148674239583333 0.6778198656250001 0.8147095958333334 0.6822390572916667 0.8134469697916666 0.6891835020833333 0.8166035354166666 0.6972853531250001 0.8159722218750001 0.7006523572916666 0.8150252520833334 0.7053872052083333 0.81581439375 0.7127525250000001 0.8142361114583333 0.7165404041666666 0.8145517677083334 0.7205387208333334 0.8159722218750001 0.72506313125 0.815656565625 0.728324915625 0.8143939395833333 0.7326388885416667 0.8143939395833333 0.7369528614583333 0.8151830812499999 0.7477904041666666 0.8139204541666667 0.7516835020833333 0.8151830812499999 0.75631313125 0.8150252520833334 0.7603114479166667 0.8142361114583333 0.7672558927083333 0.8154987375 0.7795664979166667 0.8143939395833333 0.7830387208333334 0.8159722218750001 0.78756313125 0.81581439375 0.7920875416666667 0.8148674239583333 0.803451178125 0.8151830812499999 0.80660774375 0.8143939395833333 0.815656565625 0.8150252520833334 0.8258627947916667 0.8136047979166666 0.8289141416666667 0.8145517677083334 0.8329124583333333 0.8145517677083334 0.834595959375 0.8142361114583333 0.834701178125 0.8102904041666666 0.8380681822916666 0.8077651510416667 0.8406986531249999 0.8074494947916667 0.8418560604166667 0.8076073229166667 0.8432239052083333 0.8125 0.84385521875 0.8134469697916666 0.8450126260416667 0.8140782833333333 0.8577441072916667 0.8132891416666667 0.8603745791666667 0.8143939395833333 0.8624789562499999 0.8143939395833333 0.8664772729166667 0.812973484375 0.8690025250000001 0.8113952020833334 0.8732112791666666 0.8113952020833334 0.8779461281250001 0.8083964645833334 0.8807870375 0.8074494947916667 0.8849957916666666 0.8027146468749999 0.8863636364583333 0.7986111114583333 0.8837331645833333 0.7948232322916666 0.8852062291666667 0.7924558083333333 0.8885732322916666 0.7900883833333334 0.8900462958333333 0.7831439395833333 0.8886784510416667 0.7804608583333333 0.8835227270833333 0.7791982322916666 0.8886784510416667 0.7763573229166667 0.8902567343750001 0.7675189395833333 0.8885732322916666 0.7637310604166667 0.8871001687500001 0.7635732322916666 0.8885732322916666 0.7632575760416667 0.8894149833333334 0.7610479802083333 0.8905723906249999 0.7517361114583333 0.8886784510416667 0.7485795458333333 0.8864688552083333 0.7479482322916666 0.8885732322916666 0.7465277781249999 0.8889941072916667 0.7455808083333333 0.890467171875 0.7362689395833333 0.8899410770833334 0.734848484375 0.8885732322916666 0.7331123739583333 0.884890571875 0.7329545458333333 0.8828914145833333 0.7323232322916666 0.884048821875 0.73106060625 0.8847853531250001 0.7293244947916667 0.8884680135416667 0.72806186875 0.8897306395833334 0.7239583333333334 0.8913089229166666 0.7206439395833333 0.8893097645833333 0.7166982322916666 0.8899410770833334 0.7129103531250001 0.8896254208333333 0.7089646468749999 0.8899410770833334 0.7047032833333333 0.8894149833333334 0.7002840906250001 0.8897306395833334 0.6971275250000001 0.890888046875 0.6934974749999999 0.8912037041666667 0.6898674239583333 0.890361953125 0.6852904041666666 0.8923611114583333 0.6802398989583334 0.8964646468749999 0.6745580812499999 0.8968855218749999 0.6690340906250001 0.8976220541666666 0.6666666666666666 0.9002525250000001 0.6641414145833333 0.9049873739583333 0.6620896468749999 0.9070917510416667 0.6581439395833333 0.905829125 0.6573547979166666 0.903093434375 0.6541982322916666 0.9042508416666667 0.6524621208333333 0.9046717166666667 0.6502525250000001 0.9042508416666667 0.6475694447916667 0.9034090906250001 0.6464646468749999 0.9042508416666667 0.6456755052083333 0.9048821552083334 0.6429924239583333 0.9044612791666666 0.6396780302083334 0.9045664979166667 0.6308396468749999 0.90635521875 0.6242108583333333 0.9075126260416667 0.6229482322916666 0.9068813135416666 0.6207386364583333 0.9068813135416666 0.6183712124999999 0.9081439395833333 0.6163194447916667 0.9120370375 0.61568813125 0.9130892260416666 0.6114267677083334 0.9131944447916667 0.6068497479166666 0.91256313125 0.6038510104166667 0.91256313125 0.6022727270833333 0.9139309760416666 0.5918560604166667 0.9132996635416667 0.5880681822916666 0.9134048822916667 0.5800189395833333 0.91298400625 0.5770202020833334 0.9135101010416666 0.571969696875 0.9128787875000001 0.5702335854166667 0.9110900677083333 0.5683396468749999 0.9107744104166666 0.5647095958333334 0.9117213802083334 0.5617108583333333 0.9124579125000001 0.5566603531250001 0.9124579125000001 0.5525568177083334 0.9134048822916667 0.5495580812499999 0.9136153197916667 0.547032828125 0.9136153197916667 0.5446654041666666 0.9122474749999999 0.5386679291666667 0.9109848489583333 0.5369318177083334 0.91214225625 0.5361426770833333 0.91298400625 0.5325126260416667 0.9120370375 0.5271464645833334 0.9081439395833333 0.528093434375 0.9077230635416667 0.5269886364583333 0.9074074072916667 0.5252525250000001 0.9080387208333334 0.521464646875 0.9077230635416667 0.5172032833333333 0.9079335020833333 0.5143623739583333 0.9083543770833333 0.5135732322916666 0.9068813135416666 0.5126262625 0.905829125 0.5099431822916667 0.9064604374999999 0.5055239895833333 0.9065656562500001 0.5017361114583333 0.9054082489583333 0.49921085833333334 0.903619528125 0.4979482322916667 0.9027777781249999 0.49542298020833336 0.9015151510416667 0.493844696875 0.9008838385416666 0.490214646875 0.9000420874999999 0.4891098489583333 0.8993055552083333 0.4864267677083333 0.8990951177083333 0.48153409062499997 0.8993055552083333 0.47790404062499997 0.9001473062500001 0.4753787875 0.9007786197916666 0.474589646875 0.9015151510416667 0.47159090937500003 0.903093434375 0.469223484375 0.9034090906250001 0.46685606041666666 0.9039351854166667 0.465593434375 0.9054082489583333 0.4640151510416667 0.9077230635416667 0.45943813125 0.9082491583333333 0.45675505 0.9099326604166666 0.4551767677083333 0.9120370375 0.4547032833333333 0.9150883833333334 0.4510732322916667 0.9149831645833333 0.446969696875 0.9156144781250001 0.44302398958333333 0.9148779458333334 0.43892045416666664 0.9155092593749999 0.43576388854166664 0.915298821875 0.43118686875 0.9160353531250001 0.4275568177083333 0.9148779458333334 0.42376893958333334 0.915298821875 0.41540404062499997 0.9147727270833333 0.4114583333333333 0.9147727270833333 0.40798611145833336 0.9163510104166667 0.4041982322916667 0.9168771041666666 0.39993686875 0.9146675083333334 0.3849431822916667 0.9145622895833333 0.38036616145833335 0.9138257572916667 0.3737373739583333 0.9144570708333333 0.3697916666666667 0.9139309760416666 0.36489898958333333 0.9144570708333333 0.36111111145833336 0.915824915625 0.35748106041666666 0.915193603125 0.353535353125 0.915193603125 0.34927398958333333 0.9144570708333333 0.3450126260416667 0.9140361947916666 0.34359217187499996 0.9131944447916667 0.3426452020833333 0.9081439395833333 0.34106691875 0.9051978114583333 0.33601641458333337 0.9027777781249999 0.334280303125 0.9016203708333334 0.3325441916666667 0.9002525250000001 0.33143939375000003 0.8997264312500001 0.32986111145833336 0.8986742427083333 0.322127525 0.8980429291666667 0.32039141458333337 0.8961489895833333 0.318339646875 0.8977272729166667 0.3125 0.8992003364583333 0.3104482322916667 0.896359428125 0.3072916666666667 0.8940446125 0.3104482322916667 0.8944654885416666 0.31470959583333336 0.8937289562499999 0.31549873749999996 0.8925715489583333 0.31581439375000003 0.8916245791666667 0.306344696875 0.890151515625 0.30224116145833335 0.8893097645833333 0.296401515625 0.8849957916666666 0.29324495 0.8836279458333334 0.290877525 0.8794191916666667 0.28866792916666667 0.8768939395833333 0.28677398958333333 0.8730008416666667 0.2896148989583333 0.8719486531249999 0.28977272708333335 0.8690025250000001 0.28993055520833333 0.8653198656250001 0.287405303125 0.8614267677083334 0.2896148989583333 0.8573232322916666 0.28898358541666663 0.8555345114583334 0.28993055520833333 0.8542718854166667 0.29182449479166667 0.853324915625 0.2924558083333333 0.8494318177083334 0.290877525 0.8456439395833333 0.287247475 0.8417508416666667 0.2921401510416667 0.83785774375 0.2900883833333333 0.834595959375 0.28977272708333335 0.8330176770833333 0.2900883833333333 0.8311237375 0.2916666666666667 0.8299663302083334 0.29198232291666665 0.828598484375 0.287247475 0.8261784510416667 0.28535353541666664 0.8221801343749999 0.2869318177083333 0.8174452864583334 0.28582701979166664 0.8143939395833333 0.2856691916666667 0.8127104374999999 0.287089646875 0.8119739052083333 0.29056186875 0.8110269364583333 0.2921401510416667 0.809238215625 0.2924558083333333 0.7991372052083333 0.2916666666666667 0.7985058927083333 0.291035353125 0.7992424239583333 0.287405303125 0.7986111114583333 0.2864583333333333 0.7951388885416667 0.28519570729166666 0.790719696875 0.2864583333333333 0.7863005052083333 0.28472222187499996 0.7857568395833333 0.28472222187499996 0.7828282833333333 0.28488005 0.78114478125 0.2869318177083333 0.7792508416666667 0.2911931822916667 0.7774621208333333 0.2896148989583333 0.7754629625 0.28677398958333333 0.7714646468749999 0.29040404062499997
