4 0.506250 0.490625 0.187500 0.125000
4 0.568753 0.604688 0.187500 0.125000
6 0.942969 0.503125 0.114062 0.125000
6 0.864066 0.498437 0.187500 0.125000
6 0.743747 0.501563 0.187500 0.125000
6 0.690628 0.406250 0.187500 0.125000
6 0.799997 0.403125 0.187500 0.125000
6 0.914844 0.398438 0.170312 0.125000
6 0.856247 0.293750 0.187500 0.125000
6 0.735938 0.290625 0.187500 0.125000
6 0.623437 0.282813 0.187500 0.125000
6 0.801562 0.187500 0.187500 0.125000
6 0.676566 0.182812 0.187500 0.125000
6 0.554691 0.175000 0.187500 0.125000
6 0.499997 0.065625 0.187500 0.125000
6 0.612497 0.073437 0.187500 0.125000
6 0.731250 0.070312 0.187500 0.125000