1 0.167184 0.921875 0.187500 0.125000
1 0.400003 0.923438 0.187500 0.125000
1 0.392184 0.512500 0.187500 0.125000
1 0.685941 0.820312 0.187500 0.125000
1 0.629691 0.923438 0.187500 0.125000
0 0.073439 0.921875 0.146878 0.125000
0 0.109378 0.823437 0.187500 0.125000
0 0.072656 0.714063 0.145313 0.125000
0 0.276562 0.710938 0.187500 0.125000
0 0.071095 0.515625 0.142191 0.125000
6 0.092967 0.189063 0.185934 0.125000
6 0.060937 0.084375 0.121875 0.125000
6 0.145313 0.085938 0.187500 0.125000
6 0.262500 0.084375 0.187500 0.125000
6 0.382809 0.085938 0.187500 0.125000
0 0.325003 0.404687 0.187500 0.125000
0 0.271875 0.301563 0.187500 0.125000
0 0.151566 0.298438 0.187500 0.125000
2 0.204684 0.193750 0.187500 0.125000
2 0.317184 0.193750 0.187500 0.125000
2 0.435937 0.192188 0.187500 0.125000
2 0.553125 0.193750 0.187500 0.125000
2 0.064842 0.300000 0.129684 0.125000
2 0.095316 0.410938 0.187500 0.125000
2 0.209372 0.403125 0.187500 0.125000