2 0.947656 0.128125 0.104688 0.125000
2 0.873441 0.126562 0.187500 0.125000
2 0.812503 0.228125 0.187500 0.125000
2 0.920314 0.228125 0.159372 0.125000
2 0.759375 0.326562 0.187500 0.125000
2 0.874997 0.325000 0.187500 0.125000
2 0.950000 0.325000 0.100000 0.125000
2 0.950783 0.534375 0.098434 0.125000
2 0.881250 0.532813 0.187500 0.125000
2 0.760941 0.532813 0.187500 0.125000
2 0.646875 0.528125 0.187500 0.125000
6 0.414066 0.528125 0.187500 0.125000
6 0.349997 0.428125 0.187500 0.125000
6 0.287503 0.326562 0.187500 0.125000
6 0.232809 0.226562 0.187500 0.125000
6 0.168750 0.118750 0.187500 0.125000
6 0.110934 0.039844 0.187500 0.079687