4 0.175003 0.061719 0.187500 0.123438
4 0.285938 0.065625 0.187500 0.125000
4 0.126562 0.154688 0.187500 0.125000
4 0.234375 0.157812 0.187500 0.125000
4 0.342187 0.162500 0.187500 0.125000
4 0.450000 0.173437 0.187500 0.125000
4 0.400003 0.062500 0.187500 0.125000
4 0.509372 0.068750 0.187500 0.125000
4 0.621872 0.070312 0.187500 0.125000
4 0.729684 0.079687 0.187500 0.125000
4 0.671878 0.175000 0.187500 0.125000
4 0.618750 0.273438 0.187500 0.125000
4 0.504684 0.260937 0.187500 0.125000
4 0.556247 0.370312 0.187500 0.125000
4 0.664059 0.368750 0.187500 0.125000
4 0.450000 0.360938 0.187500 0.125000
4 0.395316 0.265625 0.187500 0.125000
4 0.284372 0.254688 0.187500 0.125000
4 0.337500 0.365625 0.187500 0.125000
4 0.392184 0.457812 0.187500 0.125000
4 0.503128 0.459375 0.187500 0.125000
4 0.721875 0.467187 0.187500 0.125000