1 0.681253 0.039062 0.187500 0.078125
1 0.793753 0.036719 0.187500 0.073438
1 0.459375 0.034375 0.187500 0.068750
1 0.571875 0.035156 0.187500 0.070312
1 0.510938 0.101562 0.187500 0.125000
1 0.623437 0.098437 0.187500 0.125000
1 0.729684 0.092188 0.187500 0.125000
1 0.678122 0.185938 0.187500 0.125000
1 0.617184 0.284375 0.187500 0.125000
1 0.729684 0.278125 0.187500 0.125000
1 0.835941 0.284375 0.187500 0.125000
1 0.460941 0.192188 0.187500 0.125000
1 0.406247 0.100000 0.187500 0.125000
1 0.403125 0.284375 0.187500 0.125000
1 0.351562 0.036719 0.187500 0.073438
1 0.250003 0.033594 0.187500 0.067187
1 0.187500 0.100000 0.187500 0.125000
1 0.132816 0.187500 0.187500 0.125000
1 0.235941 0.192188 0.187500 0.125000
1 0.084375 0.095312 0.168750 0.125000
1 0.182812 0.284375 0.187500 0.125000
1 0.289059 0.284375 0.187500 0.125000
1 0.123441 0.376563 0.187500 0.125000
1 0.235941 0.379688 0.187500 0.125000
3 0.289059 0.468750 0.187500 0.125000
3 0.342187 0.568750 0.187500 0.125000
2 0.390628 0.654687 0.187500 0.125000
2 0.137503 0.038281 0.187500 0.076563