0 0.282816 0.535937 0.187500 0.125000
0 0.440625 0.445312 0.187500 0.125000
1 0.553125 0.445312 0.187500 0.125000
1 0.717187 0.354687 0.187500 0.125000
0 0.596878 0.539062 0.187500 0.125000
0 0.707812 0.531250 0.187500 0.125000
0 0.767184 0.446875 0.187500 0.125000
0 0.879684 0.443750 0.187500 0.125000
0 0.946095 0.448438 0.107809 0.125000
0 0.921875 0.356250 0.156250 0.125000
0 0.823434 0.354687 0.187500 0.125000
6 0.814059 0.720313 0.187500 0.125000
6 0.753122 0.804688 0.187500 0.125000
6 0.867188 0.801562 0.187500 0.125000
6 0.910939 0.896875 0.178122 0.125000
6 0.935937 0.960938 0.128125 0.078125
0 0.770316 0.257812 0.187500 0.125000
1 0.829688 0.171875 0.187500 0.125000
1 0.671878 0.084375 0.187500 0.125000