3 0.492188 0.315625 0.187500 0.125000
3 0.598434 0.312500 0.187500 0.125000
3 0.545316 0.409375 0.187500 0.125000
3 0.651563 0.406250 0.187500 0.125000
3 0.381253 0.501563 0.187500 0.125000
3 0.268753 0.492188 0.187500 0.125000
3 0.218747 0.409375 0.187500 0.125000
3 0.165628 0.312500 0.187500 0.125000
3 0.117188 0.221875 0.187500 0.125000
3 0.223434 0.215625 0.187500 0.125000
3 0.325003 0.220313 0.187500 0.125000
3 0.390628 0.129688 0.187500 0.125000
3 0.548438 0.050000 0.187500 0.100000
3 0.659372 0.049219 0.187500 0.098437
3 0.606253 0.131250 0.187500 0.125000
3 0.657816 0.226562 0.187500 0.125000
4 0.715622 0.129688 0.187500 0.125000
4 0.550003 0.218750 0.187500 0.125000
4 0.439059 0.223438 0.187500 0.125000
4 0.493753 0.128125 0.187500 0.125000
4 0.448434 0.050000 0.187500 0.100000
4 0.384375 0.315625 0.187500 0.125000
4 0.434372 0.406250 0.187500 0.125000
4 0.157809 0.496875 0.187500 0.125000
4 0.156253 0.682813 0.187500 0.125000
4 0.318750 0.592187 0.187500 0.125000
3 0.071873 0.500000 0.143747 0.125000
3 0.104691 0.589063 0.187500 0.125000
3 0.214059 0.590625 0.187500 0.125000
3 0.070312 0.682813 0.140625 0.125000