3 0.053906 0.376563 0.107813 0.125000
3 0.134372 0.381250 0.187500 0.125000
3 0.248437 0.379688 0.187500 0.125000
3 0.362503 0.382812 0.187500 0.125000
3 0.479691 0.390625 0.187500 0.125000
3 0.593747 0.384375 0.187500 0.125000
3 0.482812 0.184375 0.187500 0.125000
3 0.304688 0.479688 0.187500 0.125000
3 0.417188 0.489062 0.187500 0.125000
3 0.537497 0.489062 0.187500 0.125000
3 0.479691 0.590625 0.187500 0.125000
4 0.420309 0.282813 0.187500 0.125000
4 0.301566 0.281250 0.187500 0.125000
4 0.420309 0.685937 0.187500 0.125000
6 0.360938 0.779687 0.187500 0.125000
6 0.765628 0.698438 0.187500 0.125000
6 0.879684 0.693750 0.187500 0.125000
6 0.582816 0.787500 0.187500 0.125000
6 0.645309 0.887500 0.187500 0.125000
6 0.762497 0.890625 0.187500 0.125000
6 0.592191 0.960938 0.187500 0.078125
6 0.707812 0.960156 0.187500 0.079688
6 0.465628 0.960938 0.187500 0.078125
6 0.881250 0.893750 0.187500 0.125000
6 0.950000 0.896875 0.100000 0.125000
6 0.921875 0.964844 0.156250 0.070312
3 0.821878 0.796875 0.187500 0.125000
2 0.532809 0.692187 0.187500 0.125000
2 0.651563 0.693750 0.187500 0.125000
2 0.590625 0.593750 0.187500 0.125000
2 0.709378 0.598437 0.187500 0.125000
2 0.834375 0.601562 0.187500 0.125000
2 0.923436 0.600000 0.153128 0.125000
2 0.767184 0.495313 0.187500 0.125000
2 0.884372 0.500000 0.187500 0.125000
2 0.829688 0.400000 0.187500 0.125000
2 0.925780 0.404687 0.148441 0.125000
2 0.890625 0.300000 0.187500 0.125000
2 0.926562 0.192188 0.146875 0.125000