3 0.815625 0.345313 0.187500 0.125000
3 0.915627 0.343750 0.168747 0.125000
4 0.920314 0.140625 0.159372 0.125000
4 0.946873 0.242188 0.106253 0.125000
1 0.695316 0.348438 0.187500 0.125000
0 0.367191 0.543750 0.187500 0.125000
0 0.317184 0.448438 0.187500 0.125000
3 0.301566 0.448438 0.187500 0.125000
1 0.095316 0.442187 0.187500 0.125000
1 0.140625 0.545312 0.187500 0.125000
1 0.246872 0.735938 0.187500 0.125000
0 0.365625 0.734375 0.187500 0.125000
1 0.585938 0.729688 0.187500 0.125000
2 0.532809 0.828125 0.187500 0.125000