3 0.839063 0.914062 0.187500 0.125000
3 0.737503 0.920312 0.187500 0.125000
3 0.784378 0.823438 0.187500 0.125000
3 0.839063 0.721875 0.187500 0.125000
3 0.927345 0.718750 0.145309 0.125000
3 0.292191 0.729688 0.187500 0.125000
3 0.407813 0.917188 0.187500 0.125000
4 0.235941 0.626563 0.187500 0.125000
4 0.284372 0.521875 0.187500 0.125000
4 0.335934 0.414062 0.187500 0.125000
4 0.229687 0.417187 0.187500 0.125000
4 0.284372 0.303125 0.187500 0.125000
4 0.332813 0.201562 0.187500 0.125000
4 0.389062 0.306250 0.187500 0.125000
4 0.499997 0.304688 0.187500 0.125000
4 0.448434 0.412500 0.187500 0.125000
4 0.560934 0.407813 0.187500 0.125000
4 0.615628 0.304688 0.187500 0.125000
4 0.726562 0.304688 0.187500 0.125000
4 0.671878 0.410938 0.187500 0.125000
4 0.618750 0.510938 0.187500 0.125000
4 0.510938 0.515625 0.187500 0.125000
4 0.454688 0.621875 0.187500 0.125000
4 0.567187 0.621875 0.187500 0.125000
4 0.676566 0.614062 0.187500 0.125000
4 0.784378 0.620313 0.187500 0.125000
4 0.726562 0.506250 0.187500 0.125000
4 0.782813 0.409375 0.187500 0.125000
4 0.835941 0.507812 0.187500 0.125000
4 0.839063 0.306250 0.187500 0.125000
4 0.885938 0.198437 0.187500 0.125000
4 0.925002 0.307812 0.149997 0.125000