3 0.079687 0.834375 0.159375 0.125000
3 0.131250 0.925000 0.187500 0.125000
3 0.256247 0.921875 0.187500 0.125000
3 0.370312 0.912500 0.187500 0.125000
3 0.489066 0.907813 0.187500 0.125000
3 0.604688 0.901563 0.187500 0.125000
3 0.724997 0.898438 0.187500 0.125000
3 0.834375 0.892188 0.187500 0.125000
3 0.935937 0.890625 0.128125 0.125000
3 0.668747 0.967969 0.187500 0.064063
3 0.785934 0.964063 0.187500 0.071875
3 0.904687 0.962500 0.187500 0.075000
4 0.074217 0.220313 0.148434 0.125000
4 0.171872 0.212500 0.187500 0.125000
4 0.292191 0.207813 0.187500 0.125000
4 0.110934 0.318750 0.187500 0.125000
4 0.071095 0.432812 0.142191 0.125000
4 0.367191 0.523438 0.187500 0.125000
4 0.485934 0.515625 0.187500 0.125000
4 0.596878 0.504687 0.187500 0.125000
4 0.424997 0.617188 0.187500 0.125000
4 0.490622 0.706250 0.187500 0.125000
4 0.548438 0.810937 0.187500 0.125000
4 0.239063 0.529687 0.187500 0.125000
4 0.112500 0.532813 0.187500 0.125000