1 0.614062 0.156250 0.187500 0.125000
1 0.443747 0.062500 0.187500 0.125000
3 0.326559 0.059375 0.187500 0.118750
3 0.212503 0.060156 0.187500 0.120313
3 0.259378 0.153125 0.187500 0.125000
3 0.150000 0.151562 0.187500 0.125000
3 0.201562 0.248437 0.187500 0.125000
3 0.085936 0.243750 0.171872 0.125000
2 0.498441 0.156250 0.187500 0.125000
2 0.556247 0.251563 0.187500 0.125000
2 0.496875 0.343750 0.187500 0.125000
2 0.606253 0.345313 0.187500 0.125000
2 0.671878 0.250000 0.187500 0.125000
2 0.671878 0.439063 0.187500 0.125000
2 0.731250 0.345313 0.187500 0.125000
2 0.732816 0.154688 0.187500 0.125000
2 0.785934 0.251563 0.187500 0.125000
2 0.789066 0.060937 0.187500 0.121875
2 0.840628 0.153125 0.187500 0.125000
2 0.898434 0.060156 0.187500 0.120313
2 0.931250 0.156250 0.137500 0.125000
2 0.898434 0.246875 0.187500 0.125000
2 0.842184 0.343750 0.187500 0.125000
2 0.792188 0.443750 0.187500 0.125000
1 0.617184 0.540625 0.187500 0.125000
2 0.731250 0.540625 0.187500 0.125000
2 0.848438 0.539062 0.187500 0.125000
3 0.503128 0.726562 0.187500 0.125000
3 0.442191 0.626563 0.187500 0.125000
3 0.320316 0.435937 0.187500 0.125000
3 0.253125 0.340625 0.187500 0.125000
3 0.134372 0.340625 0.187500 0.125000
3 0.084375 0.429688 0.168750 0.125000
3 0.056250 0.526563 0.112500 0.125000
4 0.087502 0.059375 0.175003 0.118750