4 0.468750 0.593750 0.187500 0.125000
4 0.574997 0.593750 0.187500 0.125000
4 0.690628 0.593750 0.187500 0.125000
4 0.803128 0.595313 0.187500 0.125000
4 0.910156 0.600000 0.179688 0.125000
4 0.745313 0.501563 0.187500 0.125000
4 0.862500 0.506250 0.187500 0.125000
4 0.940625 0.503125 0.118750 0.125000
4 0.914844 0.414062 0.170312 0.125000
4 0.703125 0.404687 0.187500 0.125000
4 0.767184 0.318750 0.187500 0.125000
4 0.940625 0.314063 0.118750 0.125000
4 0.879684 0.315625 0.187500 0.125000
4 0.854691 0.693750 0.187500 0.125000
4 0.937498 0.696875 0.125003 0.125000