3 0.092189 0.862500 0.184378 0.125000
3 0.142191 0.756250 0.187500 0.125000
3 0.060937 0.745313 0.121875 0.125000
4 0.203128 0.870313 0.187500 0.125000
4 0.142191 0.955469 0.187500 0.089063
6 0.055467 0.534375 0.110934 0.125000
6 0.080470 0.417187 0.160941 0.125000
0 0.142191 0.540625 0.187500 0.125000
0 0.471872 0.429688 0.187500 0.125000
0 0.621872 0.539062 0.187500 0.125000
0 0.376566 0.550000 0.187500 0.125000
6 0.775003 0.904687 0.187500 0.125000
4 0.600000 0.966406 0.187500 0.067187
3 0.485934 0.963281 0.187500 0.073438
2 0.085158 0.303125 0.170316 0.125000