0 0.265622 0.037500 0.187500 0.075000
0 0.318750 0.101562 0.187500 0.125000
0 0.421875 0.106250 0.187500 0.125000
0 0.154688 0.040625 0.187500 0.081250
2 0.209372 0.112500 0.187500 0.125000
1 0.212503 0.478125 0.187500 0.125000
1 0.260934 0.565625 0.187500 0.125000
1 0.484378 0.746875 0.187500 0.125000
3 0.487500 0.925000 0.187500 0.125000
2 0.069530 0.926562 0.139059 0.125000
2 0.156253 0.925000 0.187500 0.125000
2 0.321872 0.843750 0.187500 0.125000
2 0.157809 0.746875 0.187500 0.125000
2 0.101559 0.659375 0.187500 0.125000