6 0.103125 0.058594 0.187500 0.117188
6 0.215625 0.061719 0.187500 0.123438
6 0.171872 0.512500 0.187500 0.125000
6 0.110934 0.603125 0.187500 0.125000
6 0.159375 0.829688 0.187500 0.125000
6 0.215625 0.932813 0.187500 0.125000
6 0.323437 0.942969 0.187500 0.114062
4 0.400003 0.865625 0.187500 0.125000
4 0.459375 0.782813 0.187500 0.125000
4 0.292191 0.689063 0.187500 0.125000
4 0.351562 0.764062 0.187500 0.125000
4 0.928906 0.154688 0.142188 0.125000
4 0.448434 0.235938 0.187500 0.125000
4 0.675000 0.415625 0.187500 0.125000