3 0.917188 0.242188 0.165625 0.125000
3 0.862500 0.326562 0.187500 0.125000
3 0.698438 0.406250 0.187500 0.125000
3 0.809372 0.412500 0.187500 0.125000
3 0.810937 0.598437 0.187500 0.125000
3 0.865622 0.500000 0.187500 0.125000
3 0.943752 0.514062 0.112497 0.125000
6 0.643753 0.489062 0.187500 0.125000
6 0.584372 0.570312 0.187500 0.125000
6 0.520312 0.659375 0.187500 0.125000
6 0.453122 0.753125 0.187500 0.125000
6 0.346875 0.746875 0.187500 0.125000
6 0.293747 0.637500 0.187500 0.125000
6 0.300000 0.467187 0.187500 0.125000
6 0.417187 0.473437 0.187500 0.125000
6 0.246872 0.376563 0.187500 0.125000
6 0.132816 0.368750 0.187500 0.125000
6 0.129684 0.540625 0.187500 0.125000
6 0.123441 0.717187 0.187500 0.125000
6 0.689063 0.781250 0.187500 0.125000
6 0.745313 0.875000 0.187500 0.125000