3 0.339066 0.068750 0.187500 0.125000
3 0.453122 0.073437 0.187500 0.125000
3 0.678122 0.081250 0.187500 0.125000
3 0.789066 0.084375 0.187500 0.125000
3 0.075000 0.337500 0.150000 0.125000
3 0.114066 0.246875 0.187500 0.125000
3 0.170316 0.523438 0.187500 0.125000
3 0.225000 0.437500 0.187500 0.125000
3 0.114066 0.610938 0.187500 0.125000
3 0.050002 0.612500 0.100003 0.125000
3 0.220313 0.617188 0.187500 0.125000
3 0.332813 0.628125 0.187500 0.125000
3 0.160941 0.709375 0.187500 0.125000
3 0.278128 0.710938 0.187500 0.125000
3 0.217191 0.800000 0.187500 0.125000
3 0.265622 0.890625 0.187500 0.125000
3 0.318750 0.960938 0.187500 0.078125
3 0.379688 0.893750 0.187500 0.125000
3 0.442191 0.807813 0.187500 0.125000
3 0.098438 0.953906 0.187500 0.092187
3 0.066408 0.881250 0.132816 0.125000
3 0.604688 0.898438 0.187500 0.125000
3 0.718753 0.904687 0.187500 0.125000
3 0.829688 0.901563 0.187500 0.125000
3 0.927345 0.903125 0.145309 0.125000
3 0.773438 0.961719 0.187500 0.076562
3 0.889059 0.964844 0.187500 0.070312
2 0.448434 0.442187 0.187500 0.125000
2 0.620316 0.170313 0.187500 0.125000