4 0.170316 0.920312 0.187500 0.125000
4 0.170316 0.550000 0.187500 0.125000
4 0.334378 0.831250 0.187500 0.125000
4 0.170316 0.737500 0.187500 0.125000
4 0.282816 0.925000 0.187500 0.125000
4 0.047658 0.821875 0.095316 0.125000
4 0.718753 0.934375 0.187500 0.125000
4 0.503128 0.737500 0.187500 0.125000
4 0.118753 0.826562 0.187500 0.125000
4 0.385941 0.929688 0.187500 0.125000
4 0.078127 0.915625 0.156253 0.125000
4 0.446878 0.835938 0.187500 0.125000
4 0.922658 0.934375 0.154684 0.125000
4 0.226566 0.826562 0.187500 0.125000
4 0.564066 0.840625 0.187500 0.125000
4 0.610941 0.929688 0.187500 0.125000
4 0.657816 0.653125 0.187500 0.125000
4 0.498441 0.929688 0.187500 0.125000
4 0.278128 0.737500 0.187500 0.125000
4 0.826566 0.934375 0.187500 0.125000
4 0.118753 0.634375 0.187500 0.125000
4 0.395316 0.742188 0.187500 0.125000
4 0.775003 0.840625 0.187500 0.125000
4 0.709378 0.742188 0.187500 0.125000
4 0.078127 0.732812 0.156253 0.125000
4 0.050002 0.620313 0.100003 0.125000
4 0.943752 0.840625 0.112497 0.125000
4 0.339066 0.653125 0.187500 0.125000
4 0.596878 0.742188 0.187500 0.125000
4 0.226566 0.648438 0.187500 0.125000
4 0.667191 0.817187 0.187500 0.125000
4 0.887503 0.845313 0.187500 0.125000
4 0.442191 0.657813 0.187500 0.125000