4 0.520312 0.482812 0.187500 0.125000
4 0.465628 0.570312 0.187500 0.125000
4 0.415622 0.476562 0.187500 0.125000
4 0.307809 0.478125 0.187500 0.125000
4 0.367191 0.384375 0.187500 0.125000
4 0.468750 0.384375 0.187500 0.125000
4 0.417188 0.289062 0.187500 0.125000
4 0.254691 0.570312 0.187500 0.125000
4 0.360938 0.571875 0.187500 0.125000
4 0.410934 0.664062 0.187500 0.125000
4 0.307809 0.670312 0.187500 0.125000
4 0.151566 0.567187 0.187500 0.125000
4 0.198441 0.479688 0.187500 0.125000
4 0.253125 0.384375 0.187500 0.125000
6 0.066408 0.567187 0.132816 0.125000