4 0.112500 0.064062 0.187500 0.125000
4 0.075000 0.173437 0.150000 0.125000
1 0.052345 0.279687 0.104691 0.125000
1 0.123441 0.279687 0.187500 0.125000
1 0.078905 0.379688 0.157809 0.125000
1 0.049219 0.476562 0.098437 0.125000
1 0.179691 0.167187 0.187500 0.125000
1 0.176559 0.373437 0.187500 0.125000
1 0.234375 0.279687 0.187500 0.125000
1 0.292191 0.175000 0.187500 0.125000
1 0.346875 0.067187 0.187500 0.125000
1 0.462497 0.065625 0.187500 0.125000
1 0.574997 0.068750 0.187500 0.125000
1 0.404691 0.167187 0.187500 0.125000
1 0.343753 0.271875 0.187500 0.125000
1 0.289059 0.376563 0.187500 0.125000
1 0.349997 0.479688 0.187500 0.125000
1 0.287503 0.575000 0.187500 0.125000
1 0.178125 0.579688 0.187500 0.125000
1 0.079688 0.576562 0.159375 0.125000
1 0.053123 0.671875 0.106247 0.125000
1 0.078127 0.775000 0.156253 0.125000
1 0.047658 0.862500 0.095316 0.125000
1 0.167184 0.951562 0.187500 0.096875
3 0.075000 0.950781 0.150000 0.098437
4 0.635934 0.579688 0.187500 0.125000
3 0.942186 0.587500 0.115628 0.125000
3 0.940625 0.790625 0.118750 0.125000
1 0.909373 0.075000 0.181253 0.125000
1 0.745313 0.176563 0.187500 0.125000
1 0.629691 0.171875 0.187500 0.125000
3 0.799997 0.067187 0.187500 0.125000