4 0.864066 0.615625 0.187500 0.125000
4 0.751566 0.610938 0.187500 0.125000
4 0.807816 0.709375 0.187500 0.125000
4 0.943752 0.610938 0.112497 0.125000
4 0.943752 0.793750 0.112497 0.125000
4 0.915627 0.704688 0.168747 0.125000
4 0.913283 0.896875 0.173434 0.125000
4 0.695316 0.700000 0.187500 0.125000
4 0.939064 0.957031 0.121872 0.085938
4 0.864066 0.961719 0.187500 0.076562
4 0.643753 0.615625 0.187500 0.125000
4 0.807816 0.873437 0.187500 0.125000
4 0.859378 0.784375 0.187500 0.125000
4 0.756253 0.803125 0.187500 0.125000