3 0.939842 0.881250 0.120316 0.125000
3 0.856247 0.878125 0.187500 0.125000
3 0.939842 0.681250 0.120316 0.125000
4 0.907813 0.776563 0.184375 0.125000
4 0.796875 0.771875 0.187500 0.125000
4 0.679688 0.770312 0.187500 0.125000
4 0.735938 0.667188 0.187500 0.125000
4 0.614062 0.667188 0.187500 0.125000
4 0.499997 0.662500 0.187500 0.125000
4 0.554691 0.557813 0.187500 0.125000
4 0.682809 0.567187 0.187500 0.125000
4 0.798441 0.567187 0.187500 0.125000
4 0.853125 0.465625 0.187500 0.125000
4 0.912500 0.367188 0.175000 0.125000
4 0.939064 0.470313 0.121872 0.125000
4 0.796875 0.360938 0.187500 0.125000
4 0.737503 0.457812 0.187500 0.125000
4 0.681253 0.354687 0.187500 0.125000
4 0.618750 0.454688 0.187500 0.125000
4 0.560934 0.359375 0.187500 0.125000
4 0.493753 0.453125 0.187500 0.125000
4 0.443747 0.348438 0.187500 0.125000
3 0.910156 0.579688 0.179688 0.125000
3 0.942969 0.265625 0.114062 0.125000
3 0.857812 0.256250 0.187500 0.125000
4 0.911717 0.162500 0.176566 0.125000