4 0.198441 0.704688 0.187500 0.125000
4 0.217191 0.165625 0.187500 0.125000
4 0.521878 0.060156 0.187500 0.120313
4 0.142191 0.620313 0.187500 0.125000
4 0.428128 0.704688 0.187500 0.125000
4 0.068752 0.081250 0.137503 0.125000
4 0.245316 0.964063 0.187500 0.071875
4 0.282816 0.076563 0.187500 0.125000
4 0.475003 0.151562 0.187500 0.125000
4 0.189066 0.896875 0.187500 0.125000
4 0.160941 0.076563 0.187500 0.125000
4 0.381253 0.610938 0.187500 0.125000
4 0.089845 0.531250 0.179691 0.125000
4 0.057033 0.803125 0.114066 0.125000
4 0.050002 0.964063 0.100003 0.071875
4 0.245316 0.803125 0.187500 0.125000
4 0.442191 0.512500 0.187500 0.125000
4 0.475003 0.798438 0.187500 0.125000
4 0.357816 0.964063 0.187500 0.071875
4 0.507816 0.414062 0.187500 0.125000
4 0.310941 0.704688 0.187500 0.125000
4 0.082814 0.896875 0.165628 0.125000
4 0.409378 0.240625 0.187500 0.125000
4 0.132816 0.803125 0.187500 0.125000
4 0.156253 0.264062 0.187500 0.125000
4 0.268753 0.615625 0.187500 0.125000
4 0.087502 0.709375 0.175003 0.125000
4 0.278128 0.254688 0.187500 0.125000
4 0.151566 0.442187 0.187500 0.125000
4 0.414066 0.892188 0.187500 0.125000
4 0.343753 0.165625 0.187500 0.125000
4 0.306253 0.892188 0.187500 0.125000
4 0.409378 0.071875 0.187500 0.125000
4 0.357816 0.798438 0.187500 0.125000
4 0.456253 0.334375 0.187500 0.125000
4 0.498441 0.606250 0.187500 0.125000
4 0.334378 0.339062 0.187500 0.125000
4 0.278128 0.437500 0.187500 0.125000
4 0.203128 0.531250 0.187500 0.125000
4 0.054689 0.629687 0.109378 0.125000
4 0.512503 0.235938 0.187500 0.125000
4 0.114066 0.170313 0.187500 0.125000
4 0.212503 0.353125 0.187500 0.125000
4 0.390628 0.423438 0.187500 0.125000
4 0.059377 0.446875 0.118753 0.125000
4 0.123441 0.964063 0.187500 0.071875
4 0.325003 0.521875 0.187500 0.125000
4 0.554691 0.507812 0.187500 0.125000
4 0.104691 0.348438 0.187500 0.125000
4 0.526566 0.896875 0.187500 0.125000