0 0.339066 0.704688 0.187500 0.125000
4 0.292191 0.043750 0.187500 0.087500
4 0.906252 0.123438 0.187497 0.125000
4 0.568753 0.310937 0.187500 0.125000
4 0.936720 0.043750 0.126559 0.087500
4 0.512503 0.212500 0.187500 0.125000
4 0.343753 0.118750 0.187500 0.125000
4 0.400003 0.212500 0.187500 0.125000
4 0.287503 0.207813 0.187500 0.125000
4 0.343753 0.315625 0.187500 0.125000
4 0.850003 0.048438 0.187500 0.096875
4 0.798441 0.123438 0.187500 0.125000
4 0.676566 0.512500 0.187500 0.125000
4 0.906252 0.320312 0.187497 0.125000
4 0.732816 0.414062 0.187500 0.125000
4 0.625003 0.615625 0.187500 0.125000
4 0.400003 0.414062 0.187500 0.125000
4 0.404691 0.043750 0.187500 0.087500
4 0.742191 0.043750 0.187500 0.087500
4 0.170316 0.217187 0.187500 0.125000
4 0.231253 0.118750 0.187500 0.125000
4 0.854691 0.217187 0.187500 0.125000
4 0.789066 0.512500 0.187500 0.125000
4 0.521878 0.043750 0.187500 0.087500
4 0.123441 0.306250 0.187500 0.125000
3 0.114066 0.507812 0.187500 0.125000
3 0.625003 0.414062 0.187500 0.125000
3 0.456253 0.118750 0.187500 0.125000
3 0.075783 0.404687 0.151566 0.125000
3 0.934377 0.423438 0.131247 0.125000
3 0.793753 0.315625 0.187500 0.125000
3 0.901566 0.517188 0.187500 0.125000
3 0.078127 0.606250 0.156253 0.125000
3 0.573441 0.123438 0.187500 0.125000
3 0.175003 0.404687 0.187500 0.125000
3 0.681253 0.123438 0.187500 0.125000
3 0.175003 0.041406 0.187500 0.082812
3 0.050002 0.118750 0.100003 0.125000
3 0.080470 0.039062 0.160941 0.078125
3 0.050002 0.507812 0.100003 0.125000
3 0.625003 0.217187 0.187500 0.125000
3 0.629691 0.043750 0.187500 0.087500
3 0.282816 0.803125 0.187500 0.125000