4 0.245316 0.142187 0.187500 0.125000
4 0.309375 0.234375 0.187500 0.125000
4 0.464063 0.146875 0.187500 0.125000
4 0.570309 0.143750 0.187500 0.125000
4 0.462497 0.328125 0.187500 0.125000
6 0.253125 0.318750 0.187500 0.125000
6 0.087502 0.392188 0.175003 0.125000
3 0.298434 0.934375 0.187500 0.125000
3 0.250003 0.835938 0.187500 0.125000
3 0.307809 0.754687 0.187500 0.125000
3 0.412500 0.764062 0.187500 0.125000
3 0.515625 0.760938 0.187500 0.125000
3 0.576562 0.685937 0.187500 0.125000
3 0.675000 0.857812 0.187500 0.125000
3 0.620316 0.934375 0.187500 0.125000
3 0.782813 0.851562 0.187500 0.125000
3 0.618750 0.242188 0.187500 0.125000
3 0.668747 0.332813 0.187500 0.125000
3 0.726562 0.431250 0.187500 0.125000
3 0.723441 0.068750 0.187500 0.125000