3 0.585937 0.955469 0.187500 0.089063
3 0.526566 0.878125 0.187500 0.125000
4 0.221878 0.943750 0.187500 0.112500
4 0.284372 0.864062 0.187500 0.125000
4 0.403125 0.873437 0.187500 0.125000
3 0.349997 0.778125 0.187500 0.125000
3 0.407813 0.692187 0.187500 0.125000
3 0.470316 0.784375 0.187500 0.125000
6 0.584372 0.787500 0.187500 0.125000
6 0.700003 0.795312 0.187500 0.125000
6 0.640622 0.700000 0.187500 0.125000
6 0.525000 0.698438 0.187500 0.125000
4 0.467184 0.600000 0.187500 0.125000
4 0.410934 0.510938 0.187500 0.125000
4 0.354684 0.410938 0.187500 0.125000
4 0.295312 0.323437 0.187500 0.125000
4 0.239063 0.410938 0.187500 0.125000
4 0.292191 0.504687 0.187500 0.125000
4 0.348441 0.598437 0.187500 0.125000