0 0.792188 0.950000 0.187500 0.100000
0 0.734372 0.875000 0.187500 0.125000
0 0.682809 0.953906 0.187500 0.092187
0 0.625003 0.876563 0.187500 0.125000
0 0.564066 0.953125 0.187500 0.093750
0 0.790622 0.779687 0.187500 0.125000
0 0.740625 0.685937 0.187500 0.125000
0 0.790622 0.598437 0.187500 0.125000
0 0.903122 0.600000 0.187500 0.125000
0 0.933594 0.682813 0.132813 0.125000
2 0.512503 0.876563 0.187500 0.125000
2 0.682809 0.781250 0.187500 0.125000
2 0.623437 0.690625 0.187500 0.125000
2 0.732816 0.501563 0.187500 0.125000
1 0.679688 0.592187 0.187500 0.125000
1 0.565622 0.596875 0.187500 0.125000
1 0.226566 0.955469 0.187500 0.089063
1 0.115622 0.782813 0.187500 0.125000
1 0.173438 0.509375 0.187500 0.125000