6 0.951561 0.387500 0.096878 0.125000
6 0.889059 0.382812 0.187500 0.125000
6 0.781247 0.385937 0.187500 0.125000
6 0.675000 0.389062 0.187500 0.125000
6 0.576562 0.385937 0.187500 0.125000
6 0.475003 0.385937 0.187500 0.125000
6 0.364059 0.384375 0.187500 0.125000
6 0.257812 0.387500 0.187500 0.125000
6 0.148434 0.384375 0.187500 0.125000
6 0.195309 0.292187 0.187500 0.125000
6 0.253125 0.192188 0.187500 0.125000
6 0.139059 0.192188 0.187500 0.125000
6 0.090623 0.100000 0.181247 0.125000
6 0.064842 0.034375 0.129684 0.068750