3 0.439059 0.704688 0.187500 0.125000
1 0.384375 0.614062 0.187500 0.125000
1 0.329691 0.707812 0.187500 0.125000
1 0.375000 0.803125 0.187500 0.125000
1 0.489066 0.801562 0.187500 0.125000
1 0.553125 0.709375 0.187500 0.125000
1 0.493753 0.620313 0.187500 0.125000
1 0.657816 0.707812 0.187500 0.125000
1 0.770316 0.707812 0.187500 0.125000
1 0.876563 0.707812 0.187500 0.125000
1 0.437503 0.521875 0.187500 0.125000
1 0.490622 0.421875 0.187500 0.125000
1 0.382809 0.426563 0.187500 0.125000
1 0.446878 0.337500 0.187500 0.125000
1 0.492188 0.243750 0.187500 0.125000
1 0.435938 0.142187 0.187500 0.125000
1 0.384375 0.055469 0.187500 0.110937
1 0.493753 0.055469 0.187500 0.110937