0 0.892191 0.125000 0.187500 0.125000
0 0.926562 0.049219 0.146875 0.098437
0 0.928123 0.225000 0.143753 0.125000
0 0.837497 0.217187 0.187500 0.125000
0 0.785934 0.121875 0.187500 0.125000
0 0.723441 0.209375 0.187500 0.125000
0 0.670312 0.303125 0.187500 0.125000
0 0.612497 0.207813 0.187500 0.125000
4 0.448434 0.100000 0.187500 0.125000
4 0.332813 0.096875 0.187500 0.125000
4 0.214059 0.087500 0.187500 0.125000
4 0.271875 0.185938 0.187500 0.125000
4 0.162497 0.182812 0.187500 0.125000
6 0.617184 0.039844 0.187500 0.079687
6 0.729684 0.043750 0.187500 0.087500
6 0.675000 0.117188 0.187500 0.125000
6 0.556247 0.117188 0.187500 0.125000
6 0.503128 0.201562 0.187500 0.125000
6 0.393750 0.196875 0.187500 0.125000
6 0.440625 0.290625 0.187500 0.125000
6 0.328125 0.284375 0.187500 0.125000
6 0.220313 0.282813 0.187500 0.125000
6 0.156253 0.373437 0.187500 0.125000
6 0.268753 0.379688 0.187500 0.125000
6 0.384375 0.385937 0.187500 0.125000
6 0.495309 0.396875 0.187500 0.125000
6 0.609375 0.401562 0.187500 0.125000
0 0.553125 0.304688 0.187500 0.125000
0 0.723441 0.401562 0.187500 0.125000
1 0.668747 0.493750 0.187500 0.125000
1 0.499997 0.584375 0.187500 0.125000
0 0.615628 0.589063 0.187500 0.125000
0 0.437503 0.482812 0.187500 0.125000
0 0.389062 0.579688 0.187500 0.125000
0 0.218747 0.470313 0.187500 0.125000
6 0.329691 0.479688 0.187500 0.125000
6 0.270309 0.570312 0.187500 0.125000
6 0.160941 0.565625 0.187500 0.125000
4 0.104691 0.468750 0.187500 0.125000
4 0.068752 0.553125 0.137503 0.125000
3 0.069530 0.368750 0.139059 0.125000