3 0.925002 0.234375 0.149997 0.125000
3 0.831253 0.234375 0.187500 0.125000
3 0.776559 0.339062 0.187500 0.125000
3 0.724997 0.439063 0.187500 0.125000
3 0.676566 0.532813 0.187500 0.125000
3 0.793753 0.531250 0.187500 0.125000
3 0.904687 0.532813 0.187500 0.125000
3 0.626559 0.629687 0.187500 0.125000
3 0.578128 0.725000 0.187500 0.125000
3 0.518747 0.820312 0.187500 0.125000
3 0.582816 0.918750 0.187500 0.125000
3 0.406247 0.823438 0.187500 0.125000
3 0.292191 0.823438 0.187500 0.125000
3 0.351562 0.915625 0.187500 0.125000
3 0.234375 0.918750 0.187500 0.125000
3 0.115622 0.915625 0.187500 0.125000