3 0.073439 0.521875 0.146878 0.125000
4 0.157809 0.515625 0.187500 0.125000
3 0.265622 0.510938 0.187500 0.125000
4 0.378122 0.515625 0.187500 0.125000
4 0.479691 0.512500 0.187500 0.125000
4 0.589059 0.515625 0.187500 0.125000
3 0.696872 0.509375 0.187500 0.125000
3 0.807816 0.515625 0.187500 0.125000
3 0.642188 0.426563 0.187500 0.125000
3 0.646875 0.601562 0.187500 0.125000
3 0.753122 0.603125 0.187500 0.125000
4 0.531253 0.604688 0.187500 0.125000
4 0.428128 0.600000 0.187500 0.125000
4 0.325003 0.603125 0.187500 0.125000
3 0.271875 0.698438 0.187500 0.125000
4 0.110934 0.789062 0.187500 0.125000
4 0.046875 0.785937 0.093750 0.125000
3 0.073439 0.700000 0.146878 0.125000
3 0.162497 0.700000 0.187500 0.125000
3 0.100003 0.612500 0.187500 0.125000
4 0.379688 0.693750 0.187500 0.125000
4 0.096872 0.060937 0.187500 0.121875