1 0.930467 0.421875 0.139066 0.125000
1 0.903122 0.323437 0.187500 0.125000
2 0.904687 0.521875 0.187500 0.125000
1 0.684375 0.328125 0.187500 0.125000
1 0.409378 0.235938 0.187500 0.125000
1 0.467184 0.334375 0.187500 0.125000
1 0.518747 0.234375 0.187500 0.125000
2 0.576562 0.332813 0.187500 0.125000
2 0.796875 0.532813 0.187500 0.125000
2 0.739059 0.431250 0.187500 0.125000
2 0.629691 0.429688 0.187500 0.125000
2 0.685941 0.531250 0.187500 0.125000
2 0.578128 0.539062 0.187500 0.125000
2 0.526566 0.437500 0.187500 0.125000
1 0.301566 0.245312 0.187500 0.125000
1 0.192187 0.250000 0.187500 0.125000
1 0.351562 0.140625 0.187500 0.125000
1 0.628125 0.229687 0.187500 0.125000
1 0.462497 0.135937 0.187500 0.125000
0 0.243750 0.140625 0.187500 0.125000
0 0.137503 0.145313 0.187500 0.125000