3 0.279684 0.076562 0.187500 0.125000
3 0.226566 0.175000 0.187500 0.125000
3 0.118753 0.351562 0.187500 0.125000
3 0.240628 0.356250 0.187500 0.125000
6 0.184378 0.448438 0.187500 0.125000
6 0.237497 0.539062 0.187500 0.125000
6 0.351562 0.543750 0.187500 0.125000
6 0.459375 0.551562 0.187500 0.125000
6 0.515625 0.646875 0.187500 0.125000
6 0.398438 0.635938 0.187500 0.125000
6 0.295312 0.634375 0.187500 0.125000
6 0.239063 0.718750 0.187500 0.125000
6 0.351562 0.725000 0.187500 0.125000
6 0.459375 0.728125 0.187500 0.125000
6 0.401559 0.817187 0.187500 0.125000
6 0.287503 0.807813 0.187500 0.125000
6 0.179691 0.807813 0.187500 0.125000
6 0.126562 0.895312 0.187500 0.125000
6 0.231253 0.896875 0.187500 0.125000
4 0.179691 0.626563 0.187500 0.125000
4 0.123441 0.534375 0.187500 0.125000
4 0.078905 0.440625 0.157809 0.125000
4 0.048436 0.339062 0.096872 0.125000
4 0.071873 0.250000 0.143747 0.125000
4 0.101559 0.156250 0.187500 0.125000
4 0.154688 0.062500 0.187500 0.125000