4 0.517191 0.557813 0.187500 0.125000
4 0.620316 0.565625 0.187500 0.125000
4 0.832809 0.565625 0.187500 0.125000
4 0.464062 0.648438 0.187500 0.125000
4 0.568753 0.653125 0.187500 0.125000
4 0.678122 0.656250 0.187500 0.125000
4 0.776559 0.659375 0.187500 0.125000
4 0.514059 0.740625 0.187500 0.125000
4 0.620316 0.739062 0.187500 0.125000
4 0.567187 0.829688 0.187500 0.125000
4 0.673434 0.835938 0.187500 0.125000
3 0.620316 0.921875 0.187500 0.125000
3 0.410934 0.740625 0.187500 0.125000
3 0.948439 0.475000 0.103122 0.125000
3 0.947656 0.290625 0.104688 0.125000
3 0.885938 0.290625 0.187500 0.125000
3 0.921875 0.189063 0.156250 0.125000
3 0.950000 0.095312 0.100000 0.125000
3 0.782813 0.092188 0.187500 0.125000
3 0.514059 0.181250 0.187500 0.125000
3 0.190622 0.176563 0.187500 0.125000
3 0.064064 0.273438 0.128128 0.125000
3 0.063281 0.462500 0.126562 0.125000
3 0.304688 0.367188 0.187500 0.125000
3 0.196875 0.370312 0.187500 0.125000