2 0.924219 0.906250 0.151563 0.125000
2 0.784378 0.809375 0.187500 0.125000
2 0.729684 0.715625 0.187500 0.125000
2 0.678122 0.625000 0.187500 0.125000
2 0.787500 0.623437 0.187500 0.125000
4 0.564066 0.621875 0.187500 0.125000
6 0.459375 0.617188 0.187500 0.125000
3 0.351562 0.615625 0.187500 0.125000
3 0.409378 0.525000 0.187500 0.125000
3 0.293747 0.707812 0.187500 0.125000
3 0.129684 0.610938 0.187500 0.125000
3 0.051562 0.428125 0.103125 0.125000
3 0.121875 0.429688 0.187500 0.125000
3 0.235941 0.434375 0.187500 0.125000
3 0.343753 0.432812 0.187500 0.125000
3 0.296878 0.525000 0.187500 0.125000
3 0.079687 0.337500 0.159375 0.125000
4 0.049219 0.251563 0.098437 0.125000
4 0.076561 0.164062 0.153122 0.125000
3 0.049219 0.070312 0.098437 0.125000
6 0.892191 0.628125 0.187500 0.125000
6 0.950783 0.631250 0.098434 0.125000
6 0.925002 0.717187 0.149997 0.125000