4 0.259378 0.854688 0.187500 0.125000
4 0.329691 0.582812 0.187500 0.125000
4 0.550003 0.582812 0.187500 0.125000
4 0.915627 0.662500 0.168747 0.125000
4 0.498441 0.489062 0.187500 0.125000
4 0.064064 0.850000 0.128128 0.125000
4 0.092189 0.765625 0.184378 0.125000
4 0.442191 0.395313 0.187500 0.125000
4 0.770316 0.395313 0.187500 0.125000
4 0.917970 0.479688 0.164059 0.125000
4 0.592191 0.845313 0.187500 0.125000
4 0.432816 0.760938 0.187500 0.125000
4 0.437503 0.578125 0.187500 0.125000
4 0.936720 0.925000 0.126559 0.125000
4 0.066408 0.667188 0.132816 0.125000
4 0.648441 0.934375 0.187500 0.125000
4 0.756253 0.938281 0.187500 0.123437
4 0.100003 0.573438 0.187500 0.125000
4 0.315628 0.938281 0.187500 0.123437
4 0.550003 0.400000 0.187500 0.125000
4 0.371878 0.850000 0.187500 0.125000
4 0.728128 0.301563 0.187500 0.125000
4 0.203128 0.756250 0.187500 0.125000
4 0.151566 0.667188 0.187500 0.125000
4 0.606253 0.484375 0.187500 0.125000
4 0.068752 0.489062 0.137503 0.125000
4 0.151566 0.850000 0.187500 0.125000
4 0.922658 0.296875 0.154684 0.125000
4 0.878128 0.578125 0.187500 0.125000
4 0.831253 0.301563 0.187500 0.125000
4 0.493753 0.310937 0.187500 0.125000
4 0.381253 0.671875 0.187500 0.125000
4 0.601566 0.671875 0.187500 0.125000
4 0.554691 0.217187 0.187500 0.125000
4 0.203128 0.938281 0.187500 0.123437
4 0.941408 0.578125 0.117184 0.125000
4 0.535941 0.760938 0.187500 0.125000
4 0.092189 0.940625 0.184378 0.118750
4 0.212503 0.578125 0.187500 0.125000
4 0.864066 0.925000 0.187500 0.125000
4 0.615628 0.301563 0.187500 0.125000
4 0.442191 0.207813 0.187500 0.125000
4 0.484378 0.850000 0.187500 0.125000
4 0.489066 0.676562 0.187500 0.125000
4 0.535941 0.938281 0.187500 0.123437
4 0.826566 0.489062 0.187500 0.125000
4 0.390628 0.118750 0.187500 0.125000
4 0.334378 0.207813 0.187500 0.125000
4 0.882816 0.395313 0.187500 0.125000
4 0.657816 0.578125 0.187500 0.125000
4 0.559378 0.046094 0.187500 0.092188
4 0.381253 0.484375 0.187500 0.125000
4 0.667191 0.395313 0.187500 0.125000
4 0.812503 0.667188 0.187500 0.125000
4 0.709378 0.489062 0.187500 0.125000
4 0.864066 0.751563 0.187500 0.125000
4 0.320316 0.765625 0.187500 0.125000
4 0.812503 0.854688 0.187500 0.125000
4 0.268753 0.667188 0.187500 0.125000
4 0.946095 0.390625 0.107809 0.125000
4 0.910939 0.845313 0.178122 0.125000
4 0.709378 0.667188 0.187500 0.125000
4 0.428128 0.934375 0.187500 0.125000
4 0.760941 0.760938 0.187500 0.125000
4 0.695316 0.850000 0.187500 0.125000
4 0.226566 0.198438 0.187500 0.125000
4 0.390628 0.296875 0.187500 0.125000
4 0.273441 0.484375 0.187500 0.125000
4 0.667191 0.212500 0.187500 0.125000
4 0.057033 0.039062 0.114066 0.078125
4 0.123441 0.041406 0.187500 0.082812
4 0.939064 0.756250 0.121872 0.125000
4 0.329691 0.390625 0.187500 0.125000
4 0.779691 0.217187 0.187500 0.125000
4 0.221878 0.376563 0.187500 0.125000
4 0.760941 0.573438 0.187500 0.125000
4 0.456253 0.041406 0.187500 0.082812
4 0.078127 0.118750 0.156253 0.125000
4 0.273441 0.282813 0.187500 0.125000
4 0.596878 0.132812 0.187500 0.125000
4 0.109378 0.385937 0.187500 0.125000
4 0.052345 0.193750 0.104691 0.125000
4 0.498441 0.109375 0.187500 0.125000
4 0.887503 0.212500 0.187500 0.125000
4 0.114066 0.203125 0.187500 0.125000
4 0.156253 0.460938 0.187500 0.125000
4 0.639066 0.770312 0.187500 0.125000