3 0.082814 0.334375 0.165628 0.125000
3 0.242184 0.421875 0.187500 0.125000
3 0.356250 0.426563 0.187500 0.125000
3 0.471872 0.429688 0.187500 0.125000
4 0.301566 0.329688 0.187500 0.125000
4 0.418753 0.332813 0.187500 0.125000
4 0.476559 0.240625 0.187500 0.125000
4 0.485934 0.059375 0.187500 0.118750
0 0.596878 0.062500 0.187500 0.125000
0 0.831253 0.065625 0.187500 0.125000
0 0.246872 0.061719 0.187500 0.123438
4 0.240628 0.242188 0.187500 0.125000
4 0.054689 0.242188 0.109378 0.125000
4 0.301566 0.332813 0.187500 0.125000
4 0.414066 0.334375 0.187500 0.125000
4 0.478125 0.240625 0.187500 0.125000
4 0.482812 0.060156 0.187500 0.120313
0 0.600000 0.060156 0.187500 0.120313
0 0.828122 0.065625 0.187500 0.125000