3 0.189066 0.518750 0.187500 0.125000
3 0.135937 0.614062 0.187500 0.125000
3 0.189066 0.706250 0.187500 0.125000
3 0.300000 0.715625 0.187500 0.125000
3 0.354684 0.623437 0.187500 0.125000
3 0.354684 0.428125 0.187500 0.125000
3 0.573441 0.442187 0.187500 0.125000
3 0.410934 0.529687 0.187500 0.125000
3 0.629691 0.718750 0.187500 0.125000
3 0.685941 0.807813 0.187500 0.125000
4 0.059377 0.790625 0.118753 0.125000
4 0.056250 0.062500 0.112500 0.125000
4 0.057033 0.239063 0.114066 0.125000
0 0.775003 0.078125 0.187500 0.125000