0 0.069530 0.090625 0.139059 0.125000
0 0.159375 0.089062 0.187500 0.125000
0 0.109378 0.189063 0.187500 0.125000
1 0.168750 0.290625 0.187500 0.125000
1 0.109378 0.384375 0.187500 0.125000
0 0.218747 0.382812 0.187500 0.125000
0 0.160941 0.484375 0.187500 0.125000
1 0.389062 0.484375 0.187500 0.125000
1 0.446878 0.584375 0.187500 0.125000
1 0.331247 0.578125 0.187500 0.125000
1 0.218747 0.581250 0.187500 0.125000
1 0.098437 0.578125 0.187500 0.125000
1 0.156253 0.671875 0.187500 0.125000
1 0.270309 0.675000 0.187500 0.125000
1 0.385941 0.676562 0.187500 0.125000
1 0.560934 0.582812 0.187500 0.125000
1 0.676566 0.584375 0.187500 0.125000
1 0.623437 0.484375 0.187500 0.125000
1 0.734372 0.484375 0.187500 0.125000