1 0.784378 0.154688 0.187500 0.125000
1 0.676566 0.703125 0.187500 0.125000
1 0.626559 0.789062 0.187500 0.125000
1 0.568753 0.875000 0.187500 0.125000
1 0.565622 0.701562 0.187500 0.125000
1 0.512503 0.610938 0.187500 0.125000
1 0.451566 0.523438 0.187500 0.125000
1 0.550003 0.525000 0.187500 0.125000
1 0.620316 0.609375 0.187500 0.125000
1 0.732816 0.792188 0.187500 0.125000
3 0.409378 0.789062 0.187500 0.125000
3 0.354684 0.700000 0.187500 0.125000
3 0.198441 0.781250 0.187500 0.125000
3 0.139059 0.698438 0.187500 0.125000
3 0.089063 0.607812 0.178125 0.125000
3 0.064064 0.700000 0.128128 0.125000
3 0.201562 0.951562 0.187500 0.096875
3 0.251559 0.878125 0.187500 0.125000
3 0.357816 0.881250 0.187500 0.125000