4 0.874997 0.534375 0.187500 0.125000
4 0.942969 0.714063 0.114062 0.125000
4 0.660937 0.531250 0.187500 0.125000
4 0.714066 0.442187 0.187500 0.125000
4 0.659372 0.351562 0.187500 0.125000
4 0.554691 0.351562 0.187500 0.125000
4 0.495309 0.434375 0.187500 0.125000
4 0.431250 0.526563 0.187500 0.125000
4 0.550003 0.526563 0.187500 0.125000
4 0.489066 0.617188 0.187500 0.125000
4 0.606253 0.620313 0.187500 0.125000
3 0.715622 0.621875 0.187500 0.125000
3 0.820313 0.623437 0.187500 0.125000
3 0.767184 0.890625 0.187500 0.125000
3 0.820313 0.956250 0.187500 0.087500
3 0.915627 0.623437 0.168747 0.125000
3 0.381253 0.952344 0.187500 0.095313