1 0.332813 0.057813 0.187500 0.115625
1 0.378122 0.140625 0.187500 0.125000
1 0.326559 0.237500 0.187500 0.125000
1 0.279684 0.148438 0.187500 0.125000
1 0.214059 0.234375 0.187500 0.125000
1 0.167184 0.148438 0.187500 0.125000
0 0.539062 0.228125 0.187500 0.125000
0 0.532809 0.407813 0.187500 0.125000
4 0.734372 0.137500 0.187500 0.125000
4 0.821878 0.032813 0.187500 0.065625
4 0.620316 0.490625 0.187500 0.125000
4 0.743747 0.465625 0.187500 0.125000
4 0.684375 0.593750 0.187500 0.125000
4 0.806250 0.565625 0.187500 0.125000
4 0.762497 0.687500 0.187500 0.125000
4 0.576562 0.868750 0.187500 0.125000
4 0.642188 0.944531 0.187500 0.110938
4 0.760941 0.923438 0.187500 0.125000
4 0.695316 0.809375 0.187500 0.125000