4 0.084375 0.962500 0.168750 0.075000
4 0.080470 0.809375 0.160941 0.125000
4 0.182812 0.631250 0.187500 0.125000
3 0.082031 0.626563 0.164062 0.125000
3 0.052345 0.717187 0.104691 0.125000
3 0.126562 0.718750 0.187500 0.125000
3 0.234375 0.721875 0.187500 0.125000
3 0.296878 0.634375 0.187500 0.125000
3 0.348441 0.726562 0.187500 0.125000
3 0.410934 0.635938 0.187500 0.125000
3 0.295312 0.451562 0.187500 0.125000
3 0.409378 0.450000 0.187500 0.125000
3 0.245316 0.357812 0.187500 0.125000
3 0.360938 0.360938 0.187500 0.125000
3 0.306253 0.262500 0.187500 0.125000
3 0.417188 0.268750 0.187500 0.125000
3 0.421875 0.085938 0.187500 0.125000
1 0.090623 0.085938 0.181247 0.125000
1 0.134372 0.170313 0.187500 0.125000
1 0.088280 0.262500 0.176559 0.125000
0 0.059377 0.537500 0.118753 0.125000
4 0.245316 0.545312 0.187500 0.125000