6 0.942969 0.043750 0.114062 0.087500
6 0.865622 0.041406 0.187500 0.082812
6 0.757809 0.042188 0.187500 0.084375
6 0.809372 0.125000 0.187500 0.125000
2 0.639066 0.042188 0.187500 0.084375
2 0.695316 0.121875 0.187500 0.125000
2 0.587503 0.125000 0.187500 0.125000
2 0.526566 0.041406 0.187500 0.082812
2 0.642188 0.225000 0.187500 0.125000
2 0.914844 0.125000 0.170312 0.125000
2 0.870309 0.223438 0.187500 0.125000
2 0.944530 0.226562 0.110941 0.125000
2 0.914844 0.332813 0.170312 0.125000
2 0.812503 0.331250 0.187500 0.125000
2 0.696872 0.329688 0.187500 0.125000
2 0.587503 0.326562 0.187500 0.125000
2 0.532809 0.226562 0.187500 0.125000
2 0.478125 0.325000 0.187500 0.125000
2 0.356250 0.320312 0.187500 0.125000
2 0.426562 0.228125 0.187500 0.125000
2 0.470316 0.128125 0.187500 0.125000
2 0.356250 0.120312 0.187500 0.125000
2 0.417188 0.041406 0.187500 0.082812
6 0.306253 0.039062 0.187500 0.078125
6 0.192188 0.037500 0.187500 0.075000
6 0.126562 0.117188 0.187500 0.125000
2 0.246872 0.115625 0.187500 0.125000
2 0.083592 0.035156 0.167184 0.070312
2 0.053906 0.115625 0.107813 0.125000