3 0.898434 0.032813 0.187500 0.065625
3 0.789066 0.034375 0.187500 0.068750
3 0.559378 0.032813 0.187500 0.065625
3 0.612497 0.096875 0.187500 0.125000
3 0.842184 0.089062 0.187500 0.125000
3 0.929689 0.100000 0.140622 0.125000
3 0.898434 0.190625 0.187500 0.125000
4 0.896878 0.579688 0.187500 0.125000
4 0.928123 0.485938 0.143753 0.125000
4 0.784378 0.762500 0.187500 0.125000
4 0.837497 0.479688 0.187500 0.125000
4 0.156253 0.090625 0.187500 0.125000
4 0.503128 0.095312 0.187500 0.125000
4 0.165628 0.667188 0.187500 0.125000
4 0.723441 0.095312 0.187500 0.125000
4 0.896878 0.385937 0.187500 0.125000
4 0.390628 0.667188 0.187500 0.125000
4 0.784378 0.578125 0.187500 0.125000
4 0.278128 0.667188 0.187500 0.125000
4 0.390628 0.090625 0.187500 0.125000
4 0.073439 0.282813 0.146878 0.125000
4 0.929689 0.479688 0.140622 0.125000
4 0.671878 0.193750 0.187500 0.125000
4 0.896878 0.578125 0.187500 0.125000
4 0.278128 0.090625 0.187500 0.125000
4 0.840628 0.479688 0.187500 0.125000
4 0.784378 0.193750 0.187500 0.125000
4 0.104691 0.189063 0.187500 0.125000
4 0.160941 0.287500 0.187500 0.125000
4 0.073439 0.095312 0.146878 0.125000
4 0.835941 0.287500 0.187500 0.125000
4 0.671878 0.034375 0.187500 0.068750
4 0.929689 0.287500 0.140622 0.125000
4 0.779691 0.760938 0.187500 0.125000
3 0.273441 0.850000 0.187500 0.125000
3 0.840628 0.854688 0.187500 0.125000
3 0.334378 0.942969 0.187500 0.114062
3 0.221878 0.564063 0.187500 0.125000
3 0.109378 0.564063 0.187500 0.125000
3 0.217191 0.942969 0.187500 0.114062
3 0.610941 0.479688 0.187500 0.125000
3 0.723441 0.479688 0.187500 0.125000
3 0.671878 0.573438 0.187500 0.125000
3 0.071095 0.850000 0.142191 0.125000
3 0.728128 0.854688 0.187500 0.125000
3 0.929689 0.671875 0.140622 0.125000
3 0.559378 0.942969 0.187500 0.114062
3 0.840628 0.100000 0.187500 0.125000
3 0.104691 0.756250 0.187500 0.125000
3 0.385941 0.479688 0.187500 0.125000
3 0.498441 0.282813 0.187500 0.125000
3 0.667191 0.945312 0.187500 0.109375
3 0.784378 0.032031 0.187500 0.064062
3 0.221878 0.189063 0.187500 0.125000
3 0.929689 0.854688 0.140622 0.125000
3 0.493753 0.475000 0.187500 0.125000
3 0.723441 0.667188 0.187500 0.125000
3 0.442191 0.189063 0.187500 0.125000
3 0.442191 0.376563 0.187500 0.125000
3 0.554691 0.760938 0.187500 0.125000
3 0.559378 0.032031 0.187500 0.064062
3 0.667191 0.760938 0.187500 0.125000
3 0.390628 0.850000 0.187500 0.125000
3 0.221878 0.760938 0.187500 0.125000
3 0.896878 0.765625 0.187500 0.125000
3 0.503128 0.850000 0.187500 0.125000
3 0.559378 0.189063 0.187500 0.125000
3 0.892191 0.942969 0.187500 0.114062
3 0.896878 0.189063 0.187500 0.125000
3 0.334378 0.568750 0.187500 0.125000
3 0.840628 0.667188 0.187500 0.125000
3 0.446878 0.945312 0.187500 0.109375
3 0.334378 0.381250 0.187500 0.125000
3 0.932033 0.095312 0.135934 0.125000
3 0.390628 0.282813 0.187500 0.125000
3 0.559378 0.568750 0.187500 0.125000
3 0.896878 0.032031 0.187500 0.064062
3 0.160941 0.470313 0.187500 0.125000
3 0.446878 0.568750 0.187500 0.125000
3 0.784378 0.940625 0.187500 0.118750
3 0.278128 0.475000 0.187500 0.125000
3 0.728128 0.282813 0.187500 0.125000
3 0.615628 0.287500 0.187500 0.125000
3 0.100003 0.381250 0.187500 0.125000
3 0.109378 0.942969 0.187500 0.114062
3 0.334378 0.760938 0.187500 0.125000
3 0.606253 0.662500 0.187500 0.125000
3 0.784378 0.381250 0.187500 0.125000
3 0.170316 0.850000 0.187500 0.125000
3 0.221878 0.376563 0.187500 0.125000
3 0.442191 0.760938 0.187500 0.125000
3 0.620316 0.085938 0.187500 0.125000
3 0.296878 0.287500 0.187500 0.125000
3 0.061720 0.456250 0.123441 0.125000