1 0.096872 0.356250 0.187500 0.125000
1 0.207816 0.351562 0.187500 0.125000
1 0.151566 0.453125 0.187500 0.125000
1 0.254691 0.639062 0.187500 0.125000
1 0.310941 0.739062 0.187500 0.125000
1 0.356250 0.832812 0.187500 0.125000
1 0.295312 0.931250 0.187500 0.125000
0 0.412500 0.929688 0.187500 0.125000
0 0.250003 0.834375 0.187500 0.125000
0 0.151566 0.832812 0.187500 0.125000
0 0.095316 0.932813 0.187500 0.125000
2 0.069530 0.839063 0.139059 0.125000
2 0.207816 0.548438 0.187500 0.125000
2 0.153122 0.646875 0.187500 0.125000
2 0.206250 0.740625 0.187500 0.125000
2 0.510938 0.742188 0.187500 0.125000
2 0.590625 0.464063 0.187500 0.125000
2 0.434372 0.362500 0.187500 0.125000
2 0.657816 0.176563 0.187500 0.125000
2 0.765628 0.176563 0.187500 0.125000
2 0.709378 0.276562 0.187500 0.125000
2 0.764062 0.375000 0.187500 0.125000
1 0.543750 0.173437 0.187500 0.125000
1 0.482812 0.259375 0.187500 0.125000
0 0.370312 0.254688 0.187500 0.125000
0 0.320316 0.357812 0.187500 0.125000
0 0.260934 0.256250 0.187500 0.125000
0 0.257812 0.450000 0.187500 0.125000
1 0.207816 0.156250 0.187500 0.125000
2 0.950783 0.173437 0.098434 0.125000