4 0.614062 0.053125 0.187500 0.106250
4 0.731250 0.052344 0.187500 0.104688
4 0.839063 0.052344 0.187500 0.104688
4 0.781247 0.135937 0.187500 0.125000
4 0.728128 0.220313 0.187500 0.125000
4 0.667191 0.309375 0.187500 0.125000
4 0.551559 0.312500 0.187500 0.125000
4 0.440625 0.131250 0.187500 0.125000
4 0.329691 0.129688 0.187500 0.125000
4 0.268753 0.220313 0.187500 0.125000
4 0.214059 0.128125 0.187500 0.125000
3 0.889059 0.489062 0.187500 0.125000
3 0.950000 0.848437 0.100000 0.125000
3 0.879684 0.845313 0.187500 0.125000