2 0.818747 0.343750 0.187500 0.125000
2 0.873441 0.435937 0.187500 0.125000
2 0.709378 0.525000 0.187500 0.125000
4 0.656250 0.246875 0.187500 0.125000
4 0.603122 0.342187 0.187500 0.125000
4 0.707812 0.339062 0.187500 0.125000
4 0.493753 0.342187 0.187500 0.125000
4 0.437503 0.242188 0.187500 0.125000
4 0.323437 0.231250 0.187500 0.125000
4 0.384375 0.345313 0.187500 0.125000
4 0.434372 0.429688 0.187500 0.125000
4 0.545316 0.439063 0.187500 0.125000
3 0.653128 0.435937 0.187500 0.125000
3 0.870309 0.607812 0.187500 0.125000
3 0.546872 0.243750 0.187500 0.125000
4 0.439059 0.955469 0.187500 0.089063
4 0.487500 0.882812 0.187500 0.125000
4 0.540628 0.798438 0.187500 0.125000
4 0.596878 0.707812 0.187500 0.125000
2 0.815625 0.343750 0.187500 0.125000
2 0.874997 0.437500 0.187500 0.125000
2 0.706247 0.525000 0.187500 0.125000