0 0.714066 0.906250 0.187500 0.125000
0 0.662503 0.815625 0.187500 0.125000
0 0.710934 0.720313 0.187500 0.125000
0 0.767184 0.629687 0.187500 0.125000
0 0.656250 0.629687 0.187500 0.125000
0 0.606253 0.534375 0.187500 0.125000
0 0.660937 0.443750 0.187500 0.125000
4 0.440625 0.439063 0.187500 0.125000
4 0.493753 0.343750 0.187500 0.125000
4 0.339066 0.439063 0.187500 0.125000
4 0.281250 0.531250 0.187500 0.125000
4 0.334378 0.628125 0.187500 0.125000
4 0.171872 0.531250 0.187500 0.125000
4 0.121875 0.623437 0.187500 0.125000
4 0.178125 0.717187 0.187500 0.125000
4 0.082031 0.531250 0.164063 0.125000
4 0.051562 0.623437 0.103125 0.125000
3 0.123441 0.439063 0.187500 0.125000
3 0.229687 0.435937 0.187500 0.125000
4 0.176559 0.343750 0.187500 0.125000
4 0.281250 0.339062 0.187500 0.125000
3 0.228122 0.245312 0.187500 0.125000
4 0.281250 0.142187 0.187500 0.125000
3 0.329691 0.057031 0.187500 0.114062
3 0.603122 0.154688 0.187500 0.125000
4 0.493753 0.153125 0.187500 0.125000
4 0.382809 0.148438 0.187500 0.125000
0 0.917188 0.726562 0.165625 0.125000
0 0.817191 0.723437 0.187500 0.125000