3 0.882816 0.070312 0.187500 0.125000
3 0.648441 0.067187 0.187500 0.125000
3 0.825000 0.167187 0.187500 0.125000
3 0.707812 0.168750 0.187500 0.125000
3 0.589059 0.160938 0.187500 0.125000
3 0.649997 0.257812 0.187500 0.125000
3 0.525000 0.060937 0.187500 0.121875
3 0.478125 0.156250 0.187500 0.125000
3 0.407812 0.257812 0.187500 0.125000
4 0.415622 0.058594 0.187500 0.117188
4 0.345309 0.153125 0.187500 0.125000
4 0.289059 0.256250 0.187500 0.125000
4 0.529687 0.260937 0.187500 0.125000
3 0.179691 0.060156 0.187500 0.120313
3 0.292191 0.060156 0.187500 0.120313
3 0.239063 0.153125 0.187500 0.125000
3 0.885938 0.270313 0.187500 0.125000
3 0.921875 0.359375 0.156250 0.125000
3 0.823434 0.364063 0.187500 0.125000
3 0.884372 0.456250 0.187500 0.125000
3 0.765628 0.459375 0.187500 0.125000
3 0.637500 0.453125 0.187500 0.125000
3 0.589059 0.364063 0.187500 0.125000
3 0.462497 0.357812 0.187500 0.125000