3 0.071873 0.764062 0.143747 0.125000
3 0.115622 0.870313 0.187500 0.125000
3 0.579684 0.878125 0.187500 0.125000
3 0.632812 0.771875 0.187500 0.125000
3 0.746878 0.767188 0.187500 0.125000
3 0.695316 0.873437 0.187500 0.125000
3 0.814059 0.876563 0.187500 0.125000
3 0.409378 0.960938 0.187500 0.078125
3 0.906252 0.443750 0.187497 0.125000
3 0.936720 0.334375 0.126559 0.125000
3 0.857812 0.551562 0.187500 0.125000
3 0.807816 0.664062 0.187500 0.125000
4 0.862500 0.767188 0.187500 0.125000
4 0.939842 0.768750 0.120316 0.125000