4 0.182813 0.958594 0.187500 0.082812
4 0.126562 0.882812 0.187500 0.125000
4 0.082814 0.784375 0.165628 0.125000
4 0.126562 0.689063 0.187500 0.125000
4 0.054689 0.689063 0.109378 0.125000
3 0.083592 0.210938 0.167184 0.125000
3 0.356250 0.109375 0.187500 0.125000
3 0.521878 0.214062 0.187500 0.125000
3 0.690628 0.120312 0.187500 0.125000
3 0.576562 0.118750 0.187500 0.125000
3 0.526566 0.041406 0.187500 0.082812
1 0.810937 0.898438 0.187500 0.125000
2 0.751566 0.795312 0.187500 0.125000
2 0.693750 0.704688 0.187500 0.125000
2 0.751566 0.606250 0.187500 0.125000
2 0.803128 0.703125 0.187500 0.125000
2 0.914061 0.704688 0.171878 0.125000
2 0.944530 0.804688 0.110941 0.125000
2 0.915627 0.906250 0.168747 0.125000
2 0.941408 0.965625 0.117184 0.068750