3 0.285938 0.384375 0.187500 0.125000
3 0.339066 0.482812 0.187500 0.125000
3 0.067969 0.570312 0.135937 0.125000
3 0.101559 0.665625 0.187500 0.125000
3 0.684375 0.675000 0.187500 0.125000
3 0.209372 0.857812 0.187500 0.125000
4 0.279684 0.576562 0.187500 0.125000
4 0.339066 0.667188 0.187500 0.125000
4 0.395316 0.770312 0.187500 0.125000
4 0.446878 0.860938 0.187500 0.125000
4 0.506250 0.946875 0.187500 0.106250
4 0.618750 0.945312 0.187500 0.109375
4 0.737503 0.950000 0.187500 0.100000
4 0.387497 0.945312 0.187500 0.109375
4 0.565622 0.862500 0.187500 0.125000
4 0.678122 0.864062 0.187500 0.125000