3 0.079687 0.084375 0.159375 0.125000
3 0.131250 0.175000 0.187500 0.125000
3 0.256247 0.171875 0.187500 0.125000
3 0.370312 0.162500 0.187500 0.125000
3 0.489066 0.157812 0.187500 0.125000
3 0.604688 0.151562 0.187500 0.125000
3 0.724997 0.148438 0.187500 0.125000
3 0.834375 0.142187 0.187500 0.125000
3 0.935937 0.140625 0.128125 0.125000
3 0.315628 0.262500 0.187500 0.125000
3 0.429684 0.256250 0.187500 0.125000
3 0.548438 0.254688 0.187500 0.125000
3 0.668747 0.248437 0.187500 0.125000
3 0.785934 0.240625 0.187500 0.125000
3 0.904687 0.237500 0.187500 0.125000
3 0.375000 0.356250 0.187500 0.125000
3 0.490622 0.345313 0.187500 0.125000
3 0.609375 0.337500 0.187500 0.125000
3 0.553125 0.442187 0.187500 0.125000
3 0.615628 0.535937 0.187500 0.125000
4 0.548438 0.061719 0.187500 0.123438