2 0.929689 0.859375 0.140622 0.125000
2 0.835941 0.842187 0.187500 0.125000
2 0.896878 0.751563 0.187500 0.125000
2 0.928123 0.654687 0.143753 0.125000
2 0.952344 0.179688 0.095313 0.125000
6 0.925780 0.076562 0.148441 0.125000
3 0.831253 0.068750 0.187500 0.125000
2 0.887503 0.167187 0.187500 0.125000
6 0.927345 0.275000 0.145309 0.125000
6 0.837497 0.264062 0.187500 0.125000
6 0.776559 0.167187 0.187500 0.125000
6 0.718753 0.064062 0.187500 0.125000
6 0.662503 0.154688 0.187500 0.125000
6 0.603122 0.235938 0.187500 0.125000
6 0.610941 0.434375 0.187500 0.125000
6 0.729684 0.443750 0.187500 0.125000
6 0.837497 0.454688 0.187500 0.125000
6 0.898434 0.553125 0.187500 0.125000
6 0.778125 0.545312 0.187500 0.125000
3 0.424997 0.320312 0.187500 0.125000
3 0.537497 0.326562 0.187500 0.125000
3 0.651563 0.343750 0.187500 0.125000
3 0.718753 0.256250 0.187500 0.125000
3 0.778125 0.354687 0.187500 0.125000
3 0.893747 0.362500 0.187500 0.125000
3 0.487500 0.420312 0.187500 0.125000
3 0.421875 0.514062 0.187500 0.125000
3 0.540628 0.526563 0.187500 0.125000
3 0.662503 0.539062 0.187500 0.125000
3 0.315628 0.501563 0.187500 0.125000
3 0.367191 0.598437 0.187500 0.125000
3 0.481247 0.609375 0.187500 0.125000
3 0.540628 0.717187 0.187500 0.125000
3 0.415622 0.703125 0.187500 0.125000
3 0.779691 0.740625 0.187500 0.125000
3 0.534375 0.143750 0.187500 0.125000