3 0.803128 0.946094 0.187500 0.107812
3 0.696872 0.946094 0.187500 0.107812
3 0.592191 0.946875 0.187500 0.106250
3 0.431250 0.868750 0.187500 0.125000
3 0.593747 0.773438 0.187500 0.125000
3 0.867188 0.687500 0.187500 0.125000
1 0.765628 0.515625 0.187500 0.125000
3 0.776559 0.337500 0.187500 0.125000
3 0.668747 0.335938 0.187500 0.125000
1 0.737503 0.067187 0.187500 0.125000
2 0.628125 0.068750 0.187500 0.125000
2 0.525000 0.062500 0.187500 0.125000
2 0.571875 0.159375 0.187500 0.125000
2 0.679688 0.154688 0.187500 0.125000
1 0.464063 0.154688 0.187500 0.125000