3 0.175003 0.093750 0.187500 0.125000
3 0.082031 0.090625 0.164063 0.125000
3 0.118753 0.184375 0.187500 0.125000
3 0.343753 0.209375 0.187500 0.125000
3 0.457809 0.220313 0.187500 0.125000
3 0.510938 0.312500 0.187500 0.125000
3 0.559378 0.398438 0.187500 0.125000
3 0.609375 0.501563 0.187500 0.125000
3 0.662503 0.595313 0.187500 0.125000
3 0.706247 0.679688 0.187500 0.125000
3 0.768750 0.596875 0.187500 0.125000
3 0.550003 0.590625 0.187500 0.125000
4 0.271875 0.296875 0.187500 0.125000
4 0.225000 0.379688 0.187500 0.125000
4 0.679688 0.046094 0.187500 0.092188
4 0.927345 0.143750 0.145309 0.125000
4 0.949217 0.423438 0.101566 0.125000
4 0.941408 0.785937 0.117184 0.125000