1 0.947656 0.115625 0.104688 0.125000
1 0.873441 0.117188 0.187500 0.125000
1 0.815625 0.212500 0.187500 0.125000
1 0.757809 0.120312 0.187500 0.125000
1 0.815625 0.039844 0.187500 0.079687
1 0.704691 0.039844 0.187500 0.079687
1 0.595313 0.039844 0.187500 0.079687
1 0.482812 0.039844 0.187500 0.079687
1 0.532809 0.115625 0.187500 0.125000
1 0.643753 0.114062 0.187500 0.125000
1 0.878128 0.306250 0.187500 0.125000
1 0.528122 0.101562 0.187500 0.125000
1 0.640622 0.107813 0.187500 0.125000
1 0.753122 0.107813 0.187500 0.125000
1 0.864066 0.109375 0.187500 0.125000
1 0.815625 0.036719 0.187500 0.073438
1 0.701559 0.035937 0.187500 0.071875
1 0.587503 0.036719 0.187500 0.073438
1 0.475003 0.036719 0.187500 0.073438
2 0.253125 0.401562 0.187500 0.125000
2 0.354684 0.400000 0.187500 0.125000
2 0.470316 0.398438 0.187500 0.125000
2 0.579684 0.390625 0.187500 0.125000
2 0.696872 0.393750 0.187500 0.125000
2 0.420309 0.498437 0.187500 0.125000
2 0.534375 0.485938 0.187500 0.125000
2 0.642188 0.489062 0.187500 0.125000
2 0.481247 0.587500 0.187500 0.125000
2 0.592191 0.587500 0.187500 0.125000
2 0.710934 0.579688 0.187500 0.125000
2 0.089063 0.110937 0.178125 0.125000
2 0.061720 0.201562 0.123441 0.125000