3 0.175003 0.221875 0.187500 0.125000
3 0.237497 0.117188 0.187500 0.125000
3 0.170316 0.038281 0.187500 0.076563
3 0.072656 0.039844 0.145313 0.079687
3 0.114066 0.114062 0.187500 0.125000
3 0.304688 0.220313 0.187500 0.125000
3 0.071095 0.201562 0.142191 0.125000
3 0.114066 0.300000 0.187500 0.125000
3 0.239063 0.318750 0.187500 0.125000
3 0.073439 0.393750 0.146878 0.125000
3 0.123441 0.498437 0.187500 0.125000
3 0.190622 0.606250 0.187500 0.125000
3 0.080470 0.598437 0.160941 0.125000
1 0.424997 0.046094 0.187500 0.092188