4 0.656250 0.432812 0.187500 0.125000
4 0.771872 0.434375 0.187500 0.125000
4 0.893747 0.448438 0.187500 0.125000
4 0.910156 0.044531 0.179688 0.089063
3 0.837497 0.143750 0.187500 0.125000
3 0.548438 0.050781 0.187500 0.101562
3 0.431250 0.050781 0.187500 0.101562
3 0.310941 0.051562 0.187500 0.103125
3 0.365625 0.145313 0.187500 0.125000
3 0.414066 0.246875 0.187500 0.125000
3 0.289059 0.245312 0.187500 0.125000
3 0.348441 0.342187 0.187500 0.125000
3 0.464063 0.350000 0.187500 0.125000
3 0.598434 0.340625 0.187500 0.125000
3 0.706247 0.340625 0.187500 0.125000
2 0.192188 0.050781 0.187500 0.101562
2 0.248437 0.143750 0.187500 0.125000
2 0.234375 0.346875 0.187500 0.125000
2 0.295312 0.446875 0.187500 0.125000
2 0.409378 0.442187 0.187500 0.125000
2 0.534375 0.442187 0.187500 0.125000
1 0.051562 0.145313 0.103125 0.125000
1 0.075000 0.248437 0.150000 0.125000
1 0.073439 0.446875 0.146878 0.125000
1 0.048436 0.354687 0.096872 0.125000