4 0.831253 0.118750 0.187500 0.125000
4 0.879684 0.215625 0.187500 0.125000
4 0.917188 0.309375 0.165625 0.125000
4 0.821878 0.309375 0.187500 0.125000
4 0.723441 0.306250 0.187500 0.125000
4 0.779691 0.395313 0.187500 0.125000
4 0.879684 0.401562 0.187500 0.125000
4 0.825000 0.487500 0.187500 0.125000
4 0.723441 0.481250 0.187500 0.125000
4 0.775003 0.576562 0.187500 0.125000
4 0.882816 0.579688 0.187500 0.125000
3 0.562500 0.396875 0.187500 0.125000
3 0.512503 0.479688 0.187500 0.125000
3 0.565622 0.215625 0.187500 0.125000
3 0.615628 0.121875 0.187500 0.125000
3 0.728128 0.128125 0.187500 0.125000
3 0.454688 0.575000 0.187500 0.125000
3 0.398438 0.654687 0.187500 0.125000
3 0.510938 0.120312 0.187500 0.125000
4 0.776559 0.047656 0.187500 0.095312