4 0.237497 0.595313 0.187500 0.125000
4 0.349997 0.595313 0.187500 0.125000
4 0.406247 0.495313 0.187500 0.125000
4 0.304688 0.495313 0.187500 0.125000
4 0.195309 0.501563 0.187500 0.125000
4 0.264066 0.398438 0.187500 0.125000
4 0.367191 0.398438 0.187500 0.125000
4 0.468750 0.393750 0.187500 0.125000
4 0.578128 0.395313 0.187500 0.125000
4 0.693750 0.395313 0.187500 0.125000
4 0.804684 0.392188 0.187500 0.125000
4 0.910939 0.385937 0.178122 0.125000
4 0.939842 0.484375 0.120316 0.125000
4 0.867188 0.284375 0.187500 0.125000
4 0.941408 0.284375 0.117184 0.125000
4 0.640622 0.290625 0.187500 0.125000
3 0.906252 0.582812 0.187497 0.125000
3 0.851559 0.675000 0.187500 0.125000