1 0.911717 0.921875 0.176566 0.125000
0 0.803128 0.921875 0.187500 0.125000
0 0.859378 0.823437 0.187500 0.125000
0 0.801562 0.714063 0.187500 0.125000
0 0.626559 0.620313 0.187500 0.125000
0 0.798441 0.515625 0.187500 0.125000
2 0.453122 0.925000 0.187500 0.125000
2 0.573441 0.926562 0.187500 0.125000
2 0.512503 0.821875 0.187500 0.125000
2 0.565622 0.718750 0.187500 0.125000
6 0.507816 0.615625 0.187500 0.125000
6 0.453122 0.720313 0.187500 0.125000
6 0.401559 0.817187 0.187500 0.125000
6 0.345309 0.915625 0.187500 0.125000
6 0.292191 0.804688 0.187500 0.125000
6 0.339066 0.706250 0.187500 0.125000
6 0.392184 0.609375 0.187500 0.125000
6 0.450000 0.512500 0.187500 0.125000
6 0.504684 0.409375 0.187500 0.125000
6 0.557813 0.298438 0.187500 0.125000
6 0.612497 0.195312 0.187500 0.125000
6 0.724997 0.193750 0.187500 0.125000
6 0.842184 0.189063 0.187500 0.125000
6 0.550003 0.090625 0.187500 0.125000
6 0.662503 0.087500 0.187500 0.125000
6 0.778125 0.084375 0.187500 0.125000
6 0.895313 0.085938 0.187500 0.125000
0 0.901566 0.298438 0.187500 0.125000
2 0.930467 0.193750 0.139066 0.125000
2 0.668747 0.301563 0.187500 0.125000
2 0.785934 0.300000 0.187500 0.125000
2 0.845316 0.410938 0.187500 0.125000
2 0.932811 0.403125 0.134378 0.125000
2 0.676566 0.507812 0.187500 0.125000
2 0.732816 0.617188 0.187500 0.125000
0 0.607809 0.401562 0.187500 0.125000
6 0.739059 0.406250 0.187500 0.125000