3 0.635934 0.123438 0.187500 0.125000
0 0.514059 0.125000 0.187500 0.125000
0 0.454688 0.047656 0.187500 0.095312
0 0.332813 0.049219 0.187500 0.098437
0 0.207816 0.214062 0.187500 0.125000
0 0.387497 0.307812 0.187500 0.125000
0 0.139059 0.306250 0.187500 0.125000
0 0.087502 0.400000 0.175003 0.125000
1 0.203128 0.051562 0.187500 0.103125
1 0.142191 0.128125 0.187500 0.125000
1 0.054689 0.304688 0.109378 0.125000
3 0.926562 0.041406 0.146875 0.082812
4 0.831253 0.044531 0.187500 0.089063
4 0.889059 0.112500 0.187500 0.125000