4 0.078127 0.257812 0.156253 0.125000
4 0.164062 0.257812 0.187500 0.125000
4 0.167184 0.446875 0.187500 0.125000
4 0.223434 0.542188 0.187500 0.125000
4 0.262500 0.631250 0.187500 0.125000
4 0.329691 0.543750 0.187500 0.125000
4 0.389062 0.446875 0.187500 0.125000
4 0.279684 0.434375 0.187500 0.125000
3 0.068752 0.642188 0.137503 0.125000
3 0.154688 0.639062 0.187500 0.125000
3 0.206250 0.735938 0.187500 0.125000
3 0.325003 0.731250 0.187500 0.125000
3 0.385941 0.642188 0.187500 0.125000
6 0.093750 0.732812 0.187500 0.125000