3 0.060155 0.818750 0.120309 0.125000
3 0.321872 0.917188 0.187500 0.125000
3 0.384375 0.828125 0.187500 0.125000
3 0.445312 0.735938 0.187500 0.125000
3 0.501563 0.642188 0.187500 0.125000
3 0.446878 0.548438 0.187500 0.125000
3 0.509372 0.454688 0.187500 0.125000
3 0.334378 0.545312 0.187500 0.125000
3 0.328125 0.732812 0.187500 0.125000
3 0.496875 0.826562 0.187500 0.125000
3 0.617184 0.828125 0.187500 0.125000
3 0.557813 0.737500 0.187500 0.125000
3 0.621872 0.645312 0.187500 0.125000
3 0.210937 0.725000 0.187500 0.125000
3 0.270309 0.826562 0.187500 0.125000
3 0.432816 0.920312 0.187500 0.125000
3 0.557813 0.921875 0.187500 0.125000
3 0.673434 0.914062 0.187500 0.125000
4 0.567187 0.546875 0.187500 0.125000
4 0.387497 0.451562 0.187500 0.125000
4 0.629691 0.271875 0.187500 0.125000
4 0.685941 0.175000 0.187500 0.125000
4 0.628125 0.082812 0.187500 0.125000
4 0.506250 0.081250 0.187500 0.125000
4 0.571875 0.171875 0.187500 0.125000
4 0.451566 0.168750 0.187500 0.125000
4 0.331247 0.171875 0.187500 0.125000
4 0.262500 0.076563 0.187500 0.125000