3 0.459375 0.071875 0.187500 0.125000
3 0.517191 0.168750 0.187500 0.125000
3 0.351562 0.270313 0.187500 0.125000
3 0.460941 0.265625 0.187500 0.125000
3 0.792188 0.262500 0.187500 0.125000
3 0.903122 0.260937 0.187500 0.125000
3 0.932033 0.362500 0.135934 0.125000
2 0.626559 0.364063 0.187500 0.125000
2 0.576562 0.464063 0.187500 0.125000
2 0.467184 0.459375 0.187500 0.125000
2 0.354684 0.462500 0.187500 0.125000
2 0.242184 0.460938 0.187500 0.125000
2 0.303122 0.362500 0.187500 0.125000
2 0.412500 0.368750 0.187500 0.125000
2 0.517191 0.360938 0.187500 0.125000
2 0.740625 0.357812 0.187500 0.125000
2 0.678122 0.459375 0.187500 0.125000
2 0.135937 0.459375 0.187500 0.125000
2 0.062498 0.454688 0.124997 0.125000
2 0.089845 0.550000 0.179691 0.125000
2 0.193753 0.550000 0.187500 0.125000