3 0.117188 0.098437 0.187500 0.125000
3 0.048436 0.092188 0.096872 0.125000
1 0.115622 0.300000 0.187500 0.125000
1 0.073439 0.396875 0.146878 0.125000
1 0.103125 0.506250 0.187500 0.125000
1 0.098437 0.689063 0.187500 0.125000
2 0.058594 0.953125 0.117188 0.093750
2 0.065625 0.785937 0.131250 0.125000
2 0.067186 0.593750 0.134372 0.125000
2 0.162497 0.600000 0.187500 0.125000
2 0.162497 0.404687 0.187500 0.125000
2 0.226566 0.310937 0.187500 0.125000
2 0.279684 0.415625 0.187500 0.125000
2 0.395316 0.428125 0.187500 0.125000
2 0.225000 0.507812 0.187500 0.125000
2 0.334378 0.517188 0.187500 0.125000
2 0.448434 0.526563 0.187500 0.125000