4 0.939842 0.703125 0.120316 0.125000
4 0.912500 0.609375 0.175000 0.125000
4 0.857812 0.514062 0.187500 0.125000
4 0.810937 0.412500 0.187500 0.125000
4 0.750000 0.320312 0.187500 0.125000
3 0.701559 0.217187 0.187500 0.125000
3 0.649997 0.318750 0.187500 0.125000
3 0.578128 0.418750 0.187500 0.125000
3 0.406247 0.504687 0.187500 0.125000
4 0.342187 0.604688 0.187500 0.125000
4 0.182812 0.510938 0.187500 0.125000
4 0.128128 0.412500 0.187500 0.125000
4 0.082814 0.310937 0.165628 0.125000
3 0.240628 0.409375 0.187500 0.125000
4 0.187500 0.309375 0.187500 0.125000
4 0.053123 0.221875 0.106247 0.125000