1 0.520312 0.289062 0.187500 0.125000
1 0.470316 0.371875 0.187500 0.125000
1 0.789066 0.190625 0.187500 0.125000
1 0.896878 0.189063 0.187500 0.125000
1 0.952344 0.537500 0.095313 0.125000
1 0.681253 0.551562 0.187500 0.125000
1 0.837497 0.635938 0.187500 0.125000
1 0.368747 0.725000 0.187500 0.125000
2 0.574997 0.381250 0.187500 0.125000
2 0.679688 0.375000 0.187500 0.125000
2 0.793753 0.375000 0.187500 0.125000
2 0.478125 0.725000 0.187500 0.125000
2 0.568753 0.725000 0.187500 0.125000
2 0.256247 0.562500 0.187500 0.125000
2 0.364059 0.382812 0.187500 0.125000