1 0.176559 0.949219 0.187500 0.101562
1 0.078127 0.951562 0.156253 0.096875
1 0.053123 0.490625 0.106247 0.125000
1 0.082814 0.579688 0.165628 0.125000
1 0.082031 0.392188 0.164062 0.125000
1 0.124997 0.485938 0.187500 0.125000
1 0.181247 0.575000 0.187500 0.125000
1 0.237497 0.484375 0.187500 0.125000
1 0.295312 0.578125 0.187500 0.125000
1 0.406247 0.578125 0.187500 0.125000
1 0.354684 0.670312 0.187500 0.125000
1 0.184378 0.770312 0.187500 0.125000
1 0.079687 0.773438 0.159375 0.125000
1 0.126562 0.675000 0.187500 0.125000
0 0.234375 0.671875 0.187500 0.125000
1 0.240628 0.295312 0.187500 0.125000
1 0.124997 0.292187 0.187500 0.125000
1 0.053123 0.292187 0.106247 0.125000
1 0.182812 0.200000 0.187500 0.125000
1 0.295312 0.200000 0.187500 0.125000
0 0.351562 0.292187 0.187500 0.125000
1 0.404691 0.198437 0.187500 0.125000
1 0.467184 0.292187 0.187500 0.125000
1 0.300000 0.390625 0.187500 0.125000
1 0.464063 0.485938 0.187500 0.125000
1 0.517191 0.390625 0.187500 0.125000
1 0.242184 0.109375 0.187500 0.125000
1 0.083592 0.034375 0.167184 0.068750
1 0.409378 0.037500 0.187500 0.075000
1 0.521878 0.035937 0.187500 0.071875
0 0.295312 0.038281 0.187500 0.076563