4 0.845316 0.570312 0.187500 0.125000
4 0.928906 0.567187 0.142188 0.125000
4 0.893747 0.667188 0.187500 0.125000
4 0.790622 0.665625 0.187500 0.125000
4 0.678122 0.667188 0.187500 0.125000
4 0.570309 0.664062 0.187500 0.125000
4 0.459375 0.673438 0.187500 0.125000
4 0.349997 0.667188 0.187500 0.125000
4 0.300000 0.573438 0.187500 0.125000
4 0.621872 0.751563 0.187500 0.125000
4 0.515625 0.759375 0.187500 0.125000
4 0.406247 0.757812 0.187500 0.125000
4 0.290625 0.754687 0.187500 0.125000
4 0.454688 0.845313 0.187500 0.125000
4 0.349997 0.846875 0.187500 0.125000
4 0.407813 0.935937 0.187500 0.125000