3 0.078905 0.381250 0.157809 0.125000
3 0.050780 0.279687 0.101559 0.125000
3 0.178125 0.382812 0.187500 0.125000
3 0.239062 0.282813 0.187500 0.125000
3 0.360937 0.285938 0.187500 0.125000
3 0.478125 0.285938 0.187500 0.125000
3 0.593747 0.285938 0.187500 0.125000
3 0.718753 0.284375 0.187500 0.125000
3 0.368747 0.085938 0.187500 0.125000
3 0.484378 0.085938 0.187500 0.125000
3 0.612497 0.079687 0.187500 0.125000
3 0.537497 0.184375 0.187500 0.125000
3 0.659372 0.187500 0.187500 0.125000
3 0.253125 0.084375 0.187500 0.125000