4 0.160941 0.637500 0.187500 0.125000
4 0.267188 0.629687 0.187500 0.125000
4 0.382809 0.629687 0.187500 0.125000
4 0.326559 0.723437 0.187500 0.125000
4 0.439059 0.725000 0.187500 0.125000
4 0.154688 0.829688 0.187500 0.125000
4 0.264066 0.825000 0.187500 0.125000
4 0.209372 0.926562 0.187500 0.125000
4 0.318750 0.915625 0.187500 0.125000
4 0.435937 0.918750 0.187500 0.125000
4 0.557813 0.723437 0.187500 0.125000
4 0.679688 0.718750 0.187500 0.125000
4 0.618750 0.810937 0.187500 0.125000
4 0.732816 0.810937 0.187500 0.125000
4 0.679688 0.906250 0.187500 0.125000
4 0.793753 0.900000 0.187500 0.125000
4 0.612497 0.966406 0.187500 0.067187
4 0.732816 0.963281 0.187500 0.073438