4 0.304688 0.148438 0.187500 0.125000
4 0.709378 0.051562 0.187500 0.103125
4 0.765628 0.143750 0.187500 0.125000
4 0.710934 0.240625 0.187500 0.125000
4 0.831253 0.434375 0.187500 0.125000
4 0.926562 0.429688 0.146875 0.125000
4 0.892191 0.535937 0.187500 0.125000
4 0.928906 0.628125 0.142188 0.125000
4 0.835941 0.632812 0.187500 0.125000
4 0.654684 0.540625 0.187500 0.125000
4 0.539062 0.537500 0.187500 0.125000
4 0.424997 0.542188 0.187500 0.125000
4 0.365625 0.643750 0.187500 0.125000
4 0.478125 0.639062 0.187500 0.125000
4 0.600000 0.639062 0.187500 0.125000