1 0.948439 0.053125 0.103122 0.106250
1 0.951561 0.415625 0.096878 0.125000
3 0.884372 0.048438 0.187500 0.096875
3 0.828122 0.110937 0.187500 0.125000
3 0.768750 0.203125 0.187500 0.125000
3 0.884372 0.214062 0.187500 0.125000
3 0.724997 0.295312 0.187500 0.125000
3 0.648441 0.192188 0.187500 0.125000
3 0.924219 0.318750 0.151563 0.125000
3 0.832809 0.306250 0.187500 0.125000
3 0.781247 0.395313 0.187500 0.125000
3 0.890625 0.403125 0.187500 0.125000
4 0.612497 0.285938 0.187500 0.125000
6 0.593747 0.482812 0.187500 0.125000
3 0.896878 0.593750 0.187500 0.125000
6 0.681253 0.587500 0.187500 0.125000
6 0.735938 0.681250 0.187500 0.125000
6 0.793753 0.589063 0.187500 0.125000
6 0.796875 0.770312 0.187500 0.125000
6 0.908595 0.782813 0.182809 0.125000