2 0.084375 0.203125 0.168750 0.125000
0 0.560934 0.301563 0.187500 0.125000
0 0.723441 0.206250 0.187500 0.125000
0 0.828122 0.210938 0.187500 0.125000
0 0.876563 0.115625 0.187500 0.125000
0 0.947656 0.117188 0.104688 0.125000
0 0.451566 0.298438 0.187500 0.125000
0 0.135938 0.481250 0.187500 0.125000
1 0.404691 0.393750 0.187500 0.125000
1 0.456253 0.481250 0.187500 0.125000
1 0.665625 0.490625 0.187500 0.125000
1 0.456253 0.664062 0.187500 0.125000
1 0.515625 0.578125 0.187500 0.125000
1 0.564066 0.668750 0.187500 0.125000
1 0.620316 0.753125 0.187500 0.125000
1 0.557813 0.839063 0.187500 0.125000
1 0.670312 0.842187 0.187500 0.125000
1 0.406247 0.754687 0.187500 0.125000
2 0.301566 0.754687 0.187500 0.125000