0 0.055467 0.885938 0.110934 0.125000
3 0.064064 0.531250 0.128128 0.125000
3 0.137503 0.526563 0.187500 0.125000
3 0.253125 0.523438 0.187500 0.125000
3 0.088280 0.615625 0.176559 0.125000
3 0.056250 0.710938 0.112500 0.125000
3 0.135937 0.700000 0.187500 0.125000
3 0.243750 0.693750 0.187500 0.125000
3 0.295312 0.781250 0.187500 0.125000
3 0.362503 0.695312 0.187500 0.125000
3 0.314063 0.610938 0.187500 0.125000
3 0.473437 0.876563 0.187500 0.125000
3 0.412500 0.952344 0.187500 0.095313
3 0.290625 0.950000 0.187500 0.100000
3 0.078127 0.957031 0.156253 0.085938