6 0.242184 0.939844 0.187500 0.120312
6 0.129684 0.935938 0.187500 0.125000
6 0.058594 0.937500 0.117188 0.125000
2 0.237497 0.201562 0.187500 0.125000
2 0.353128 0.207813 0.187500 0.125000
2 0.468750 0.212500 0.187500 0.125000
2 0.529687 0.117188 0.187500 0.125000
2 0.643753 0.120312 0.187500 0.125000
2 0.746878 0.118750 0.187500 0.125000
2 0.859378 0.126562 0.187500 0.125000
2 0.901566 0.048438 0.187500 0.096875
2 0.804684 0.049219 0.187500 0.098437
2 0.684375 0.045312 0.187500 0.090625
2 0.576562 0.042969 0.187500 0.085938