4 0.932811 0.768750 0.134378 0.125000
4 0.846872 0.765625 0.187500 0.125000
4 0.801562 0.682813 0.187500 0.125000
4 0.729684 0.773438 0.187500 0.125000
6 0.898434 0.853125 0.187500 0.125000
6 0.787500 0.862500 0.187500 0.125000
6 0.692184 0.862500 0.187500 0.125000
6 0.637500 0.771875 0.187500 0.125000
6 0.584372 0.859375 0.187500 0.125000
6 0.467184 0.867188 0.187500 0.125000
6 0.357816 0.865625 0.187500 0.125000
6 0.253125 0.873437 0.187500 0.125000
4 0.146878 0.876563 0.187500 0.125000
4 0.067969 0.871875 0.135937 0.125000