1 0.943752 0.395313 0.112497 0.125000
1 0.868753 0.390625 0.187500 0.125000
3 0.914061 0.489062 0.171878 0.125000
3 0.815625 0.484375 0.187500 0.125000
1 0.710934 0.489062 0.187500 0.125000
1 0.764062 0.389062 0.187500 0.125000
1 0.821878 0.295312 0.187500 0.125000
1 0.918748 0.301563 0.162503 0.125000
3 0.653128 0.393750 0.187500 0.125000
1 0.715622 0.296875 0.187500 0.125000
1 0.548438 0.392188 0.187500 0.125000
1 0.440625 0.392188 0.187500 0.125000
1 0.334378 0.389062 0.187500 0.125000
1 0.226566 0.389062 0.187500 0.125000
1 0.171872 0.296875 0.187500 0.125000
1 0.278128 0.296875 0.187500 0.125000
1 0.387497 0.296875 0.187500 0.125000
1 0.496875 0.298438 0.187500 0.125000
1 0.604688 0.301563 0.187500 0.125000