6 0.940625 0.370312 0.118750 0.125000
6 0.911717 0.446875 0.176566 0.125000
6 0.943752 0.528125 0.112497 0.125000
6 0.803128 0.453125 0.187500 0.125000
6 0.745313 0.371875 0.187500 0.125000
6 0.637500 0.364063 0.187500 0.125000
6 0.700003 0.600000 0.187500 0.125000
6 0.812503 0.609375 0.187500 0.125000
6 0.912500 0.606250 0.175000 0.125000
6 0.376566 0.579688 0.187500 0.125000
6 0.487500 0.579688 0.187500 0.125000
6 0.537497 0.675000 0.187500 0.125000
6 0.426562 0.665625 0.187500 0.125000
6 0.307809 0.675000 0.187500 0.125000
6 0.253125 0.584375 0.187500 0.125000
6 0.309375 0.493750 0.187500 0.125000
6 0.431250 0.493750 0.187500 0.125000