1 0.933594 0.868750 0.132812 0.125000
1 0.907030 0.768750 0.185941 0.125000
1 0.793753 0.948438 0.187500 0.103125
1 0.576562 0.945312 0.187500 0.109375
4 0.856247 0.676562 0.187500 0.125000
4 0.748434 0.667188 0.187500 0.125000
4 0.799997 0.768750 0.187500 0.125000
4 0.692184 0.762500 0.187500 0.125000
4 0.907030 0.578125 0.185941 0.125000
4 0.804684 0.573438 0.187500 0.125000
4 0.693750 0.568750 0.187500 0.125000
4 0.854691 0.476562 0.187500 0.125000
4 0.750000 0.473437 0.187500 0.125000
4 0.642188 0.470313 0.187500 0.125000
4 0.698438 0.370312 0.187500 0.125000
4 0.810937 0.379688 0.187500 0.125000
4 0.910939 0.378125 0.178122 0.125000
3 0.587503 0.373437 0.187500 0.125000
3 0.639066 0.270313 0.187500 0.125000
3 0.754687 0.275000 0.187500 0.125000
3 0.634378 0.665625 0.187500 0.125000
0 0.635934 0.857812 0.187500 0.125000