4 0.581250 0.514062 0.187500 0.125000
3 0.690628 0.515625 0.187500 0.125000
3 0.803128 0.521875 0.187500 0.125000
4 0.907030 0.515625 0.185941 0.125000
4 0.860934 0.789062 0.187500 0.125000
4 0.750000 0.785937 0.187500 0.125000
3 0.803128 0.700000 0.187500 0.125000
3 0.909373 0.700000 0.181253 0.125000
3 0.850003 0.612500 0.187500 0.125000
4 0.846872 0.060937 0.187500 0.121875
4 0.623437 0.064062 0.187500 0.125000
4 0.517191 0.062500 0.187500 0.125000
4 0.565622 0.143750 0.187500 0.125000
4 0.631247 0.237500 0.187500 0.125000
4 0.507816 0.235938 0.187500 0.125000
4 0.454688 0.142187 0.187500 0.125000
4 0.284372 0.060156 0.187500 0.120313
4 0.176559 0.060937 0.187500 0.121875
4 0.078127 0.064062 0.156253 0.125000
6 0.049219 0.848437 0.098437 0.125000
6 0.124997 0.856250 0.187500 0.125000
6 0.178125 0.767188 0.187500 0.125000
6 0.075000 0.753125 0.150000 0.125000
6 0.306253 0.779687 0.187500 0.125000