1 0.140625 0.033594 0.187500 0.067187
1 0.143747 0.196875 0.187500 0.125000
1 0.375000 0.195312 0.187500 0.125000
1 0.203128 0.290625 0.187500 0.125000
1 0.315628 0.295312 0.187500 0.125000
1 0.424997 0.293750 0.187500 0.125000
1 0.154688 0.387500 0.187500 0.125000
1 0.096872 0.473437 0.187500 0.125000
1 0.210938 0.481250 0.187500 0.125000
1 0.321872 0.478125 0.187500 0.125000
1 0.063281 0.389062 0.126562 0.125000
3 0.068752 0.568750 0.137503 0.125000
3 0.070312 0.750000 0.140625 0.125000
1 0.215625 0.659375 0.187500 0.125000
1 0.151566 0.567187 0.187500 0.125000
1 0.268753 0.568750 0.187500 0.125000
1 0.382809 0.571875 0.187500 0.125000
1 0.329691 0.656250 0.187500 0.125000
1 0.437503 0.654687 0.187500 0.125000
1 0.493753 0.564063 0.187500 0.125000
1 0.554691 0.665625 0.187500 0.125000
1 0.501563 0.746875 0.187500 0.125000
1 0.450000 0.839063 0.187500 0.125000
3 0.392184 0.937500 0.187500 0.125000
1 0.504684 0.937500 0.187500 0.125000
1 0.559378 0.846875 0.187500 0.125000
1 0.615628 0.935937 0.187500 0.125000
1 0.724997 0.938281 0.187500 0.123437
1 0.837497 0.937500 0.187500 0.125000
1 0.781247 0.845313 0.187500 0.125000
1 0.890625 0.843750 0.187500 0.125000
1 0.923436 0.753125 0.153128 0.125000
1 0.927345 0.938281 0.145309 0.123437