1 0.057811 0.578125 0.115622 0.125000
1 0.085936 0.675000 0.171872 0.125000
1 0.201562 0.665625 0.187500 0.125000
1 0.056250 0.776563 0.112500 0.125000
1 0.195309 0.473437 0.187500 0.125000
1 0.257812 0.571875 0.187500 0.125000
1 0.367191 0.567187 0.187500 0.125000
1 0.426562 0.468750 0.187500 0.125000
1 0.367191 0.371875 0.187500 0.125000
1 0.481247 0.371875 0.187500 0.125000
1 0.421875 0.276562 0.187500 0.125000
1 0.478125 0.182812 0.187500 0.125000
1 0.590625 0.184375 0.187500 0.125000
1 0.417188 0.093750 0.187500 0.125000
1 0.307809 0.090625 0.187500 0.125000
1 0.189066 0.087500 0.187500 0.125000
1 0.246872 0.184375 0.187500 0.125000
1 0.137503 0.184375 0.187500 0.125000
1 0.193753 0.282813 0.187500 0.125000
1 0.132816 0.379688 0.187500 0.125000
1 0.085158 0.284375 0.170316 0.125000
2 0.253125 0.375000 0.187500 0.125000
2 0.134372 0.578125 0.187500 0.125000
2 0.056250 0.189063 0.112500 0.125000
2 0.082031 0.095312 0.164062 0.125000
1 0.645309 0.087500 0.187500 0.125000
1 0.762497 0.089062 0.187500 0.125000
1 0.818747 0.178125 0.187500 0.125000
1 0.762497 0.276562 0.187500 0.125000
0 0.946095 0.082812 0.107809 0.125000
0 0.946873 0.271875 0.106253 0.125000
0 0.592191 0.371875 0.187500 0.125000
0 0.543750 0.468750 0.187500 0.125000
0 0.426562 0.662500 0.187500 0.125000
1 0.826566 0.371875 0.187500 0.125000
1 0.919531 0.368750 0.160937 0.125000