4 0.764062 0.917188 0.187500 0.125000
4 0.657816 0.917188 0.187500 0.125000
4 0.600000 0.829688 0.187500 0.125000
4 0.554691 0.732812 0.187500 0.125000
4 0.496875 0.643750 0.187500 0.125000
4 0.606253 0.645312 0.187500 0.125000
4 0.656250 0.739062 0.187500 0.125000
4 0.454688 0.726562 0.187500 0.125000
4 0.401559 0.640625 0.187500 0.125000
4 0.345309 0.728125 0.187500 0.125000
4 0.239063 0.720313 0.187500 0.125000
4 0.296878 0.639062 0.187500 0.125000
4 0.187500 0.632812 0.187500 0.125000
3 0.089845 0.628125 0.179691 0.125000
3 0.061720 0.714063 0.123441 0.125000