1 0.398438 0.942969 0.187500 0.114062
1 0.553125 0.864062 0.187500 0.125000
1 0.292191 0.939062 0.187500 0.121875
1 0.179691 0.939844 0.187500 0.120312
1 0.129684 0.851562 0.187500 0.125000
1 0.178125 0.762500 0.187500 0.125000
1 0.226566 0.679688 0.187500 0.125000
1 0.290625 0.768750 0.187500 0.125000
1 0.332813 0.682813 0.187500 0.125000
1 0.442191 0.681250 0.187500 0.125000
1 0.179691 0.593750 0.187500 0.125000
1 0.115622 0.504687 0.187500 0.125000
1 0.081248 0.410938 0.162497 0.125000
1 0.126562 0.325000 0.187500 0.125000
1 0.178125 0.239063 0.187500 0.125000
1 0.229687 0.154688 0.187500 0.125000
1 0.279684 0.062500 0.187500 0.125000
1 0.492188 0.771875 0.187500 0.125000
1 0.546872 0.684375 0.187500 0.125000
1 0.646875 0.690625 0.187500 0.125000
2 0.753122 0.696875 0.187500 0.125000
2 0.807816 0.610938 0.187500 0.125000
2 0.867188 0.523438 0.187500 0.125000
2 0.909373 0.437500 0.181253 0.125000
2 0.817191 0.429688 0.187500 0.125000
2 0.648441 0.342187 0.187500 0.125000
2 0.757809 0.340625 0.187500 0.125000
2 0.862500 0.345313 0.187500 0.125000
2 0.706247 0.254688 0.187500 0.125000
2 0.809372 0.250000 0.187500 0.125000
2 0.910156 0.253125 0.179688 0.125000
2 0.760941 0.164062 0.187500 0.125000
2 0.812503 0.073437 0.187500 0.125000
2 0.865622 0.164062 0.187500 0.125000
2 0.940625 0.173437 0.118750 0.125000
2 0.914061 0.081250 0.171878 0.125000