1 0.062498 0.939844 0.124997 0.120313
1 0.146878 0.938281 0.187500 0.123437
1 0.089845 0.840625 0.179691 0.125000
1 0.148434 0.735938 0.187500 0.125000
1 0.267187 0.735938 0.187500 0.125000
1 0.315628 0.640625 0.187500 0.125000
1 0.376566 0.742188 0.187500 0.125000
1 0.203128 0.839062 0.187500 0.125000
1 0.328125 0.840625 0.187500 0.125000
1 0.448434 0.842187 0.187500 0.125000
1 0.265622 0.939063 0.187500 0.121875
1 0.385941 0.940625 0.187500 0.118750
1 0.509372 0.940625 0.187500 0.118750
1 0.628125 0.941406 0.187500 0.117188
1 0.625003 0.746875 0.187500 0.125000
1 0.746878 0.944531 0.187500 0.110938