0 0.927345 0.796875 0.145309 0.125000
0 0.895312 0.900000 0.187500 0.125000
0 0.825000 0.804688 0.187500 0.125000
0 0.882816 0.700000 0.187500 0.125000
0 0.776559 0.903125 0.187500 0.125000
0 0.764062 0.706250 0.187500 0.125000
0 0.810937 0.600000 0.187500 0.125000
0 0.920314 0.592187 0.159372 0.125000
0 0.689063 0.607812 0.187500 0.125000
0 0.640622 0.714063 0.187500 0.125000
0 0.942186 0.484375 0.115628 0.125000
0 0.865622 0.487500 0.187500 0.125000
0 0.743747 0.501563 0.187500 0.125000
0 0.623437 0.514062 0.187500 0.125000
2 0.949217 0.684375 0.101566 0.125000
3 0.931250 0.065625 0.137500 0.125000
3 0.901566 0.176563 0.187500 0.125000
3 0.607809 0.295312 0.187500 0.125000
3 0.424997 0.207813 0.187500 0.125000
3 0.098437 0.645312 0.187500 0.125000
4 0.368747 0.310937 0.187500 0.125000
4 0.248437 0.323437 0.187500 0.125000
4 0.300000 0.209375 0.187500 0.125000
4 0.349997 0.081250 0.187500 0.125000
4 0.242184 0.095312 0.187500 0.125000
4 0.178125 0.212500 0.187500 0.125000
4 0.137503 0.321875 0.187500 0.125000
4 0.086719 0.439063 0.173437 0.125000
4 0.060937 0.542188 0.121875 0.125000
4 0.056250 0.332813 0.112500 0.125000
4 0.081248 0.221875 0.162497 0.125000
4 0.123441 0.107813 0.187500 0.125000
4 0.048436 0.117188 0.096872 0.125000