3 0.941408 0.135937 0.117184 0.125000
3 0.915627 0.245312 0.168747 0.125000
3 0.867188 0.340625 0.187500 0.125000
3 0.750000 0.335938 0.187500 0.125000
3 0.695316 0.439063 0.187500 0.125000
3 0.809372 0.437500 0.187500 0.125000
3 0.754687 0.543750 0.187500 0.125000
3 0.645309 0.539062 0.187500 0.125000
3 0.696872 0.631250 0.187500 0.125000
3 0.592191 0.635938 0.187500 0.125000
3 0.532809 0.540625 0.187500 0.125000
3 0.478125 0.632812 0.187500 0.125000
3 0.532809 0.732812 0.187500 0.125000
1 0.476559 0.826562 0.187500 0.125000
1 0.593747 0.823438 0.187500 0.125000
1 0.701559 0.826562 0.187500 0.125000
1 0.651563 0.917188 0.187500 0.125000
1 0.764062 0.920312 0.187500 0.125000
4 0.578128 0.439063 0.187500 0.125000
4 0.404691 0.532813 0.187500 0.125000
4 0.242184 0.632812 0.187500 0.125000
4 0.296878 0.728125 0.187500 0.125000
4 0.185934 0.731250 0.187500 0.125000
4 0.248437 0.828125 0.187500 0.125000
4 0.310941 0.918750 0.187500 0.125000
4 0.128128 0.826562 0.187500 0.125000
4 0.082031 0.732812 0.164062 0.125000
4 0.052345 0.823438 0.104691 0.125000
4 0.082031 0.917188 0.164062 0.125000
2 0.882816 0.926562 0.187500 0.125000
2 0.818747 0.835938 0.187500 0.125000
2 0.921092 0.829688 0.157816 0.125000
2 0.643753 0.734375 0.187500 0.125000
2 0.751566 0.734375 0.187500 0.125000
2 0.806250 0.640625 0.187500 0.125000
2 0.864066 0.546875 0.187500 0.125000
2 0.945312 0.542188 0.109375 0.125000