4 0.921875 0.754687 0.156250 0.125000
3 0.887503 0.670312 0.187500 0.125000
3 0.787500 0.668750 0.187500 0.125000
3 0.678122 0.660937 0.187500 0.125000
3 0.567187 0.657813 0.187500 0.125000
3 0.732816 0.579688 0.187500 0.125000
3 0.782813 0.495313 0.187500 0.125000
3 0.898434 0.485938 0.187500 0.125000
3 0.834375 0.578125 0.187500 0.125000
3 0.925780 0.584375 0.148441 0.125000
4 0.676566 0.492188 0.187500 0.125000
4 0.634378 0.404687 0.187500 0.125000
4 0.479691 0.323437 0.187500 0.125000
4 0.528122 0.231250 0.187500 0.125000
4 0.320316 0.229687 0.187500 0.125000
4 0.265622 0.317188 0.187500 0.125000
4 0.209372 0.231250 0.187500 0.125000
4 0.162497 0.306250 0.187500 0.125000
4 0.109378 0.223438 0.187500 0.125000
4 0.070312 0.303125 0.140625 0.125000
4 0.148434 0.470313 0.187500 0.125000