3 0.793753 0.868750 0.187500 0.125000
3 0.931250 0.950781 0.137500 0.098437
6 0.906252 0.865625 0.187497 0.125000
6 0.932033 0.770312 0.135934 0.125000
6 0.903122 0.671875 0.187500 0.125000
6 0.792188 0.668750 0.187500 0.125000
6 0.851559 0.578125 0.187500 0.125000
6 0.936720 0.576562 0.126559 0.125000
6 0.796875 0.475000 0.187500 0.125000
6 0.739059 0.356250 0.187500 0.125000
6 0.853125 0.356250 0.187500 0.125000
6 0.790622 0.259375 0.187500 0.125000
6 0.850003 0.184375 0.187500 0.125000
6 0.743747 0.181250 0.187500 0.125000
3 0.571875 0.467187 0.187500 0.125000