3 0.320316 0.156250 0.187500 0.125000
6 0.376566 0.443750 0.187500 0.125000
6 0.196875 0.542188 0.187500 0.125000
6 0.314063 0.542188 0.187500 0.125000
6 0.431250 0.540625 0.187500 0.125000
6 0.139059 0.642188 0.187500 0.125000
2 0.093750 0.364063 0.187500 0.125000
2 0.199997 0.357812 0.187500 0.125000
2 0.153122 0.268750 0.187500 0.125000
2 0.204684 0.154688 0.187500 0.125000
2 0.062498 0.061719 0.124997 0.123438
2 0.437503 0.157812 0.187500 0.125000
2 0.550003 0.154688 0.187500 0.125000
2 0.670312 0.154688 0.187500 0.125000
2 0.789066 0.154688 0.187500 0.125000
2 0.896878 0.151562 0.187500 0.125000