3 0.950783 0.056250 0.098434 0.112500
3 0.056250 0.944531 0.112500 0.110938
3 0.828122 0.864062 0.187500 0.125000
3 0.887503 0.771875 0.187500 0.125000
3 0.776559 0.947656 0.187500 0.104688
3 0.450000 0.945312 0.187500 0.109375
3 0.343753 0.942969 0.187500 0.114062
3 0.293747 0.857812 0.187500 0.125000
4 0.053123 0.773438 0.106247 0.125000
3 0.081248 0.315625 0.162497 0.125000
3 0.179691 0.320312 0.187500 0.125000
3 0.128128 0.403125 0.187500 0.125000
3 0.293747 0.492188 0.187500 0.125000
3 0.179691 0.678125 0.187500 0.125000
3 0.235941 0.765625 0.187500 0.125000
3 0.293747 0.673438 0.187500 0.125000
3 0.403125 0.670312 0.187500 0.125000