0 0.949217 0.631250 0.101566 0.125000
0 0.946873 0.814063 0.106253 0.125000
0 0.919531 0.909375 0.160937 0.125000
0 0.821878 0.914062 0.187500 0.125000
0 0.760941 0.821875 0.187500 0.125000
0 0.703125 0.726562 0.187500 0.125000
0 0.868753 0.634375 0.187500 0.125000
1 0.470316 0.737500 0.187500 0.125000
1 0.360938 0.734375 0.187500 0.125000
1 0.246872 0.740625 0.187500 0.125000
1 0.307809 0.643750 0.187500 0.125000
1 0.359372 0.553125 0.187500 0.125000
1 0.470316 0.546875 0.187500 0.125000
1 0.589059 0.546875 0.187500 0.125000
1 0.192188 0.646875 0.187500 0.125000
1 0.243750 0.554688 0.187500 0.125000
1 0.418753 0.454688 0.187500 0.125000
1 0.301566 0.457812 0.187500 0.125000
1 0.532809 0.448438 0.187500 0.125000
1 0.587503 0.359375 0.187500 0.125000
1 0.471872 0.359375 0.187500 0.125000
1 0.356250 0.365625 0.187500 0.125000
1 0.245316 0.364063 0.187500 0.125000
1 0.189066 0.459375 0.187500 0.125000
1 0.129684 0.553125 0.187500 0.125000
1 0.087502 0.465625 0.175003 0.125000
1 0.058594 0.368750 0.117188 0.125000
1 0.057811 0.559375 0.115622 0.125000
1 0.085158 0.648438 0.170316 0.125000
1 0.418753 0.831250 0.187500 0.125000
1 0.309375 0.835938 0.187500 0.125000
1 0.089845 0.835938 0.179691 0.125000
1 0.059377 0.745313 0.118753 0.125000
1 0.065625 0.932813 0.131250 0.125000