6 0.281250 0.076563 0.187500 0.125000
6 0.178125 0.081250 0.187500 0.125000
1 0.228122 0.192188 0.187500 0.125000
1 0.274997 0.310937 0.187500 0.125000
1 0.453122 0.195312 0.187500 0.125000
1 0.117188 0.206250 0.187500 0.125000
1 0.492188 0.303125 0.187500 0.125000
1 0.670312 0.192188 0.187500 0.125000
1 0.614062 0.301563 0.187500 0.125000
1 0.560934 0.195312 0.187500 0.125000
1 0.550003 0.409375 0.187500 0.125000
1 0.662503 0.401562 0.187500 0.125000
1 0.829688 0.496875 0.187500 0.125000
1 0.887503 0.598437 0.187500 0.125000
1 0.921092 0.700000 0.157816 0.125000
1 0.884372 0.814062 0.187500 0.125000
1 0.920314 0.906250 0.159372 0.125000
0 0.335934 0.187500 0.187500 0.125000