2 0.653128 0.817187 0.187500 0.125000
2 0.927345 0.709375 0.145309 0.125000
2 0.793753 0.826562 0.187500 0.125000
2 0.531253 0.250000 0.187500 0.125000
4 0.667191 0.156250 0.187500 0.125000
4 0.925002 0.071875 0.149997 0.125000
4 0.714066 0.060156 0.187500 0.120313
4 0.835941 0.184375 0.187500 0.125000
4 0.831253 0.062500 0.187500 0.125000
4 0.927345 0.250000 0.145309 0.125000
4 0.578128 0.076563 0.187500 0.125000
4 0.946095 0.606250 0.107809 0.125000
4 0.793753 0.460938 0.187500 0.125000
4 0.864066 0.348438 0.187500 0.125000
4 0.601566 0.657813 0.187500 0.125000
4 0.681253 0.550000 0.187500 0.125000
4 0.657816 0.357812 0.187500 0.125000
3 0.573441 0.489062 0.187500 0.125000