0 0.553125 0.465625 0.187500 0.125000
0 0.498441 0.354687 0.187500 0.125000
0 0.618750 0.354687 0.187500 0.125000
0 0.668747 0.465625 0.187500 0.125000
0 0.731250 0.360938 0.187500 0.125000
0 0.848437 0.354687 0.187500 0.125000
0 0.901566 0.462500 0.187500 0.125000
0 0.785934 0.457812 0.187500 0.125000
3 0.901566 0.667188 0.187500 0.125000
3 0.732816 0.568750 0.187500 0.125000
3 0.562500 0.254688 0.187500 0.125000
3 0.550003 0.862500 0.187500 0.125000
3 0.378122 0.946875 0.187500 0.106250
3 0.145313 0.754687 0.187500 0.125000
0 0.086719 0.845313 0.173437 0.125000
0 0.201562 0.851562 0.187500 0.125000
0 0.318750 0.854688 0.187500 0.125000
0 0.432816 0.854688 0.187500 0.125000
0 0.492188 0.757812 0.187500 0.125000
0 0.496875 0.946875 0.187500 0.106250
0 0.610941 0.951562 0.187500 0.096875
0 0.259378 0.944531 0.187500 0.110938
0 0.139059 0.946094 0.187500 0.107812
0 0.062498 0.943750 0.124997 0.112500
0 0.057033 0.750000 0.114066 0.125000
6 0.092189 0.049219 0.184378 0.098437
6 0.064842 0.148438 0.129684 0.125000
0 0.092967 0.248437 0.185934 0.125000
0 0.212503 0.243750 0.187500 0.125000
0 0.057811 0.348438 0.115622 0.125000
0 0.140625 0.351562 0.187500 0.125000