4 0.714066 0.295312 0.187500 0.125000
4 0.612497 0.290625 0.187500 0.125000
4 0.515625 0.285938 0.187500 0.125000
4 0.462497 0.195312 0.187500 0.125000
3 0.715622 0.104687 0.187500 0.125000
3 0.770316 0.562500 0.187500 0.125000
3 0.771872 0.729688 0.187500 0.125000
3 0.557813 0.715625 0.187500 0.125000
3 0.250003 0.368750 0.187500 0.125000
3 0.303122 0.632812 0.187500 0.125000
3 0.296878 0.950000 0.187500 0.100000
6 0.091406 0.459375 0.182813 0.125000
6 0.067969 0.545312 0.135937 0.125000
6 0.193753 0.457812 0.187500 0.125000
4 0.101559 0.275000 0.187500 0.125000
4 0.199997 0.273438 0.187500 0.125000
4 0.148434 0.187500 0.187500 0.125000
4 0.148434 0.031250 0.187500 0.062500