4 0.922658 0.950000 0.154684 0.100000
4 0.832809 0.949219 0.187500 0.101562
4 0.729684 0.946875 0.187500 0.106250
4 0.673434 0.867188 0.187500 0.125000
4 0.779691 0.865625 0.187500 0.125000
4 0.890625 0.870313 0.187500 0.125000
4 0.951561 0.867188 0.096878 0.125000
4 0.924219 0.781250 0.151563 0.125000
4 0.952344 0.689063 0.095313 0.125000
4 0.924219 0.600000 0.151563 0.125000
4 0.895312 0.687500 0.187500 0.125000
4 0.837497 0.779687 0.187500 0.125000
4 0.723441 0.773438 0.187500 0.125000
4 0.776559 0.690625 0.187500 0.125000
4 0.834375 0.600000 0.187500 0.125000
4 0.887503 0.509375 0.187500 0.125000
3 0.947656 0.510938 0.104688 0.125000
3 0.614062 0.406250 0.187500 0.125000