4 0.075783 0.834375 0.151566 0.125000
4 0.157809 0.834375 0.187500 0.125000
4 0.264066 0.835938 0.187500 0.125000
4 0.047658 0.920312 0.095316 0.125000
4 0.421875 0.928125 0.187500 0.125000
4 0.476559 0.840625 0.187500 0.125000
4 0.528122 0.750000 0.187500 0.125000
4 0.581250 0.653125 0.187500 0.125000
2 0.687497 0.656250 0.187500 0.125000
3 0.375000 0.656250 0.187500 0.125000
3 0.323437 0.565625 0.187500 0.125000
4 0.265622 0.475000 0.187500 0.125000
4 0.217191 0.560937 0.187500 0.125000
2 0.375000 0.475000 0.187500 0.125000