4 0.437503 0.162500 0.187500 0.125000
4 0.545316 0.159375 0.187500 0.125000
4 0.656250 0.162500 0.187500 0.125000
4 0.944530 0.157812 0.110941 0.125000
4 0.919531 0.257812 0.160937 0.125000
4 0.944530 0.346875 0.110941 0.125000
3 0.917970 0.065625 0.164059 0.125000
3 0.765628 0.159375 0.187500 0.125000
3 0.496875 0.071875 0.187500 0.125000
3 0.337500 0.346875 0.187500 0.125000
3 0.081248 0.248437 0.162497 0.125000
4 0.229687 0.540625 0.187500 0.125000
4 0.182813 0.442187 0.187500 0.125000
4 0.085158 0.443750 0.170316 0.125000
3 0.181247 0.445312 0.187500 0.125000
3 0.085158 0.445312 0.170316 0.125000
3 0.124997 0.535937 0.187500 0.125000