0 0.418753 0.535937 0.187500 0.125000
0 0.359372 0.634375 0.187500 0.125000
0 0.473437 0.639062 0.187500 0.125000
0 0.582816 0.637500 0.187500 0.125000
0 0.695316 0.643750 0.187500 0.125000
0 0.807816 0.639062 0.187500 0.125000
0 0.914061 0.643750 0.171878 0.125000
0 0.940625 0.743750 0.118750 0.125000
0 0.938281 0.939062 0.123437 0.121875
0 0.859378 0.938281 0.187500 0.123437
0 0.799997 0.840625 0.187500 0.125000
0 0.687497 0.835938 0.187500 0.125000
0 0.750000 0.743750 0.187500 0.125000
0 0.528122 0.742188 0.187500 0.125000
0 0.581250 0.839063 0.187500 0.125000
0 0.626559 0.939062 0.187500 0.121875
0 0.517191 0.941406 0.187500 0.117188
0 0.467184 0.839063 0.187500 0.125000
6 0.300000 0.532813 0.187500 0.125000
6 0.189066 0.534375 0.187500 0.125000
6 0.084375 0.534375 0.168750 0.125000
6 0.362503 0.431250 0.187500 0.125000
6 0.246872 0.432812 0.187500 0.125000
6 0.132816 0.431250 0.187500 0.125000
3 0.057033 0.632812 0.114066 0.125000
3 0.643753 0.534375 0.187500 0.125000
3 0.753122 0.540625 0.187500 0.125000
3 0.864066 0.537500 0.187500 0.125000