1 0.091406 0.170313 0.182812 0.125000
1 0.146878 0.079687 0.187500 0.125000
1 0.146878 0.271875 0.187500 0.125000
1 0.090623 0.370312 0.181247 0.125000
1 0.203128 0.367188 0.187500 0.125000
1 0.318750 0.173438 0.187500 0.125000
1 0.368747 0.079687 0.187500 0.125000
1 0.431250 0.173438 0.187500 0.125000
1 0.545316 0.171875 0.187500 0.125000
1 0.489066 0.079687 0.187500 0.125000
1 0.821878 0.079687 0.187500 0.125000
1 0.709378 0.081250 0.187500 0.125000
4 0.826566 0.471875 0.187500 0.125000
3 0.922658 0.082812 0.154684 0.125000