3 0.170316 0.868750 0.187500 0.125000
3 0.340622 0.953125 0.187500 0.093750
4 0.665625 0.950781 0.187500 0.098437
4 0.773438 0.950000 0.187500 0.100000
4 0.884372 0.949219 0.187500 0.101562
4 0.952344 0.948438 0.095313 0.103125
4 0.921092 0.856250 0.157816 0.125000
4 0.828122 0.857812 0.187500 0.125000
4 0.718753 0.853125 0.187500 0.125000
4 0.603122 0.859375 0.187500 0.125000
4 0.496875 0.859375 0.187500 0.125000
0 0.448434 0.953125 0.187500 0.093750
0 0.553125 0.953906 0.187500 0.092187
0 0.229687 0.955469 0.187500 0.089063