2 0.439059 0.406250 0.187500 0.125000
2 0.649997 0.401562 0.187500 0.125000
2 0.551559 0.598437 0.187500 0.125000
2 0.910939 0.501563 0.178122 0.125000
3 0.314063 0.038281 0.187500 0.076563
2 0.664059 0.956250 0.187500 0.087500
1 0.939842 0.596875 0.120316 0.125000
1 0.913283 0.692187 0.173434 0.125000
4 0.048436 0.779687 0.096872 0.125000
4 0.082814 0.695312 0.165628 0.125000
4 0.115622 0.596875 0.187500 0.125000
2 0.434372 0.396875 0.187500 0.125000
2 0.653128 0.406250 0.187500 0.125000
2 0.910156 0.493750 0.179687 0.125000
2 0.660937 0.957031 0.187500 0.085938
1 0.940625 0.589063 0.118750 0.125000
1 0.918748 0.685937 0.162503 0.125000
2 0.548438 0.590625 0.187500 0.125000
4 0.132816 0.953125 0.187500 0.093750
4 0.057811 0.954688 0.115622 0.090625
4 0.082031 0.689063 0.164062 0.125000
4 0.126562 0.595313 0.187500 0.125000