2 0.078905 0.884375 0.157809 0.125000
1 0.051562 0.790625 0.103125 0.125000
2 0.050002 0.604688 0.100003 0.125000
2 0.124997 0.607812 0.187500 0.125000
0 0.079687 0.696875 0.159375 0.125000
1 0.237497 0.792188 0.187500 0.125000
1 0.292191 0.698438 0.187500 0.125000
1 0.349997 0.795312 0.187500 0.125000
1 0.467184 0.796875 0.187500 0.125000
1 0.584372 0.796875 0.187500 0.125000
0 0.645309 0.892188 0.187500 0.125000
0 0.409378 0.701562 0.187500 0.125000
0 0.181247 0.695312 0.187500 0.125000
0 0.124997 0.792188 0.187500 0.125000
2 0.240628 0.609375 0.187500 0.125000
2 0.353128 0.610938 0.187500 0.125000
2 0.468750 0.606250 0.187500 0.125000
2 0.529687 0.706250 0.187500 0.125000
2 0.649997 0.706250 0.187500 0.125000
2 0.700003 0.610938 0.187500 0.125000
1 0.592191 0.609375 0.187500 0.125000
1 0.760941 0.510938 0.187500 0.125000
1 0.818747 0.606250 0.187500 0.125000
6 0.921875 0.596875 0.156250 0.125000