6 0.554691 0.740625 0.187500 0.125000
6 0.665625 0.743750 0.187500 0.125000
6 0.607809 0.654687 0.187500 0.125000
6 0.715622 0.654687 0.187500 0.125000
6 0.771872 0.742188 0.187500 0.125000
6 0.721875 0.831250 0.187500 0.125000
6 0.557813 0.557813 0.187500 0.125000
6 0.662503 0.560937 0.187500 0.125000
6 0.496875 0.473437 0.187500 0.125000
3 0.554691 0.381250 0.187500 0.125000
3 0.770316 0.382812 0.187500 0.125000
3 0.340622 0.556250 0.187500 0.125000
3 0.178125 0.468750 0.187500 0.125000
3 0.231253 0.375000 0.187500 0.125000
3 0.121875 0.379688 0.187500 0.125000
3 0.168750 0.290625 0.187500 0.125000
3 0.167184 0.100000 0.187500 0.125000
3 0.276562 0.104687 0.187500 0.125000
3 0.337500 0.038281 0.187500 0.076563
3 0.225000 0.035937 0.187500 0.071875
3 0.114066 0.038281 0.187500 0.076563