6 0.840628 0.632812 0.187500 0.125000
6 0.893747 0.723437 0.187500 0.125000
6 0.781247 0.531250 0.187500 0.125000
6 0.927345 0.818750 0.145309 0.125000
0 0.724997 0.629687 0.187500 0.125000
6 0.782813 0.721875 0.187500 0.125000
6 0.671878 0.725000 0.187500 0.125000
6 0.559378 0.721875 0.187500 0.125000
6 0.451566 0.715625 0.187500 0.125000
6 0.509372 0.620313 0.187500 0.125000
6 0.618750 0.626563 0.187500 0.125000
6 0.678122 0.531250 0.187500 0.125000
6 0.564066 0.531250 0.187500 0.125000
6 0.454688 0.526563 0.187500 0.125000
0 0.395316 0.621875 0.187500 0.125000
0 0.342187 0.720313 0.187500 0.125000
0 0.614062 0.817187 0.187500 0.125000
0 0.723441 0.815625 0.187500 0.125000
0 0.832809 0.818750 0.187500 0.125000
0 0.781247 0.915625 0.187500 0.125000
0 0.667191 0.910937 0.187500 0.125000
0 0.562500 0.912500 0.187500 0.125000
0 0.454688 0.906250 0.187500 0.125000
0 0.346875 0.907813 0.187500 0.125000
0 0.289059 0.806250 0.187500 0.125000
0 0.239062 0.712500 0.187500 0.125000
0 0.507816 0.967969 0.187500 0.064063
0 0.126562 0.525000 0.187500 0.125000
0 0.056250 0.525000 0.112500 0.125000
0 0.082814 0.426563 0.165628 0.125000
0 0.178125 0.429688 0.187500 0.125000
0 0.292191 0.432812 0.187500 0.125000
6 0.403125 0.434375 0.187500 0.125000
6 0.346875 0.531250 0.187500 0.125000
6 0.292191 0.617188 0.187500 0.125000
6 0.237497 0.526563 0.187500 0.125000
6 0.182812 0.620313 0.187500 0.125000
0 0.084375 0.618750 0.168750 0.125000
0 0.128128 0.709375 0.187500 0.125000
0 0.182812 0.806250 0.187500 0.125000
0 0.084375 0.800000 0.168750 0.125000