1 0.576562 0.040625 0.187500 0.081250
1 0.751566 0.114062 0.187500 0.125000
1 0.867188 0.114062 0.187500 0.125000
1 0.687497 0.206250 0.187500 0.125000
1 0.631247 0.114062 0.187500 0.125000
1 0.576562 0.209375 0.187500 0.125000
1 0.525000 0.114062 0.187500 0.125000
1 0.464063 0.212500 0.187500 0.125000
1 0.629691 0.300000 0.187500 0.125000
1 0.515625 0.304688 0.187500 0.125000
1 0.571875 0.395313 0.187500 0.125000
1 0.682809 0.395313 0.187500 0.125000
1 0.623437 0.490625 0.187500 0.125000
1 0.507816 0.493750 0.187500 0.125000
1 0.562500 0.582812 0.187500 0.125000
1 0.448434 0.587500 0.187500 0.125000
1 0.334378 0.590625 0.187500 0.125000
1 0.273441 0.682813 0.187500 0.125000
1 0.387497 0.685937 0.187500 0.125000
1 0.506250 0.681250 0.187500 0.125000
1 0.612497 0.673438 0.187500 0.125000
1 0.731250 0.665625 0.187500 0.125000
1 0.551559 0.771875 0.187500 0.125000
1 0.490622 0.860938 0.187500 0.125000
1 0.603122 0.860938 0.187500 0.125000
1 0.328125 0.779687 0.187500 0.125000
1 0.220313 0.778125 0.187500 0.125000
1 0.273441 0.870313 0.187500 0.125000
1 0.157809 0.873437 0.187500 0.125000
1 0.071095 0.873437 0.142191 0.125000
1 0.092967 0.950000 0.185934 0.100000
1 0.210938 0.951562 0.187500 0.096875
1 0.323437 0.950000 0.187500 0.100000
1 0.432816 0.949219 0.187500 0.101562
1 0.379688 0.876563 0.187500 0.125000
1 0.072656 0.689063 0.145313 0.125000
0 0.225000 0.587500 0.187500 0.125000
2 0.112500 0.595313 0.187500 0.125000
2 0.168750 0.500000 0.187500 0.125000
2 0.225000 0.406250 0.187500 0.125000
2 0.285938 0.310937 0.187500 0.125000
2 0.351562 0.210938 0.187500 0.125000
2 0.410934 0.117188 0.187500 0.125000
2 0.303122 0.121875 0.187500 0.125000
2 0.242184 0.043750 0.187500 0.087500
2 0.181247 0.114062 0.187500 0.125000
2 0.121875 0.043750 0.187500 0.087500
1 0.356250 0.039844 0.187500 0.079687
1 0.467184 0.040625 0.187500 0.081250
2 0.107813 0.778125 0.187500 0.125000
2 0.342187 0.401562 0.187500 0.125000
2 0.459375 0.401562 0.187500 0.125000
2 0.398438 0.496875 0.187500 0.125000
2 0.121875 0.214062 0.187500 0.125000
2 0.176559 0.310937 0.187500 0.125000
2 0.083592 0.121875 0.167184 0.125000
6 0.237497 0.218750 0.187500 0.125000