2 0.545316 0.879687 0.187500 0.125000
2 0.493753 0.795312 0.187500 0.125000
2 0.445312 0.703125 0.187500 0.125000
2 0.395316 0.782813 0.187500 0.125000
2 0.340622 0.696875 0.187500 0.125000
3 0.400003 0.603125 0.187500 0.125000
3 0.351562 0.514062 0.187500 0.125000
3 0.250003 0.509375 0.187500 0.125000
3 0.142191 0.509375 0.187500 0.125000
3 0.067969 0.500000 0.135937 0.125000
3 0.101559 0.414062 0.187500 0.125000
3 0.203128 0.415625 0.187500 0.125000
3 0.301566 0.417187 0.187500 0.125000
4 0.400003 0.410938 0.187500 0.125000