0 0.217191 0.437500 0.187500 0.125000
0 0.326559 0.439063 0.187500 0.125000
0 0.112500 0.437500 0.187500 0.125000
0 0.047658 0.614062 0.095316 0.125000
0 0.276562 0.157812 0.187500 0.125000
0 0.220313 0.250000 0.187500 0.125000
0 0.539062 0.260937 0.187500 0.125000
0 0.431250 0.256250 0.187500 0.125000
0 0.589059 0.357812 0.187500 0.125000
0 0.634378 0.453125 0.187500 0.125000
0 0.690628 0.357812 0.187500 0.125000
0 0.640622 0.262500 0.187500 0.125000
2 0.746878 0.267188 0.187500 0.125000
2 0.645309 0.071875 0.187500 0.125000
2 0.745313 0.071875 0.187500 0.125000
2 0.435937 0.065625 0.187500 0.125000