4 0.914061 0.257812 0.171878 0.125000
4 0.941408 0.153125 0.117184 0.125000
4 0.945312 0.350000 0.109375 0.125000
4 0.917188 0.443750 0.165625 0.125000
4 0.879684 0.542188 0.187500 0.125000
4 0.870309 0.350000 0.187500 0.125000
4 0.756253 0.357812 0.187500 0.125000
4 0.646875 0.359375 0.187500 0.125000
4 0.695316 0.262500 0.187500 0.125000
4 0.804684 0.257812 0.187500 0.125000
3 0.706247 0.454688 0.187500 0.125000
3 0.820313 0.451562 0.187500 0.125000
3 0.826566 0.640625 0.187500 0.125000
4 0.926562 0.825000 0.146875 0.125000
4 0.895312 0.920312 0.187500 0.125000
4 0.831253 0.831250 0.187500 0.125000
4 0.779691 0.743750 0.187500 0.125000
4 0.710934 0.645312 0.187500 0.125000
4 0.657816 0.735938 0.187500 0.125000
4 0.720309 0.834375 0.187500 0.125000
4 0.609375 0.832812 0.187500 0.125000
4 0.542184 0.743750 0.187500 0.125000
4 0.601566 0.643750 0.187500 0.125000
4 0.534375 0.553125 0.187500 0.125000
4 0.475003 0.645312 0.187500 0.125000
4 0.593747 0.459375 0.187500 0.125000
4 0.424997 0.746875 0.187500 0.125000
4 0.367191 0.842187 0.187500 0.125000
6 0.184378 0.739062 0.187500 0.125000
6 0.304688 0.935937 0.187500 0.125000
6 0.124997 0.279687 0.187500 0.125000
6 0.226566 0.087500 0.187500 0.125000