1 0.248437 0.040625 0.187500 0.081250
1 0.312497 0.114062 0.187500 0.125000
1 0.206250 0.287500 0.187500 0.125000
1 0.098438 0.285938 0.187500 0.125000
1 0.417188 0.475000 0.187500 0.125000
1 0.521878 0.471875 0.187500 0.125000
1 0.579684 0.565625 0.187500 0.125000
1 0.420309 0.656250 0.187500 0.125000
1 0.528122 0.660937 0.187500 0.125000
1 0.632812 0.662500 0.187500 0.125000
1 0.795309 0.570312 0.187500 0.125000
1 0.898434 0.576562 0.187500 0.125000
3 0.367191 0.564063 0.187500 0.125000
3 0.262500 0.560937 0.187500 0.125000
3 0.153122 0.557813 0.187500 0.125000
3 0.098438 0.462500 0.187500 0.125000
3 0.206250 0.470313 0.187500 0.125000
3 0.068752 0.373437 0.137503 0.125000
3 0.157809 0.376563 0.187500 0.125000
0 0.068752 0.187500 0.137503 0.125000
0 0.067186 0.039062 0.134372 0.078125
0 0.840628 0.115625 0.187500 0.125000
0 0.895312 0.206250 0.187500 0.125000
0 0.787500 0.204688 0.187500 0.125000