4 0.614062 0.817187 0.187500 0.125000
4 0.446878 0.714063 0.187500 0.125000
4 0.071095 0.812500 0.142191 0.125000
4 0.100003 0.718750 0.187500 0.125000
4 0.671878 0.714063 0.187500 0.125000
4 0.615628 0.625000 0.187500 0.125000
4 0.728128 0.817187 0.187500 0.125000
4 0.160941 0.812500 0.187500 0.125000
4 0.100003 0.512500 0.187500 0.125000
4 0.329691 0.910937 0.187500 0.125000
4 0.676566 0.915625 0.187500 0.125000
4 0.217191 0.910937 0.187500 0.125000
4 0.929689 0.821875 0.140622 0.125000
4 0.329691 0.718750 0.187500 0.125000
4 0.559378 0.718750 0.187500 0.125000
4 0.390628 0.812500 0.187500 0.125000
4 0.901566 0.915625 0.187500 0.125000
4 0.901566 0.723437 0.187500 0.125000
4 0.278128 0.817187 0.187500 0.125000
4 0.071095 0.615625 0.142191 0.125000
4 0.559378 0.915625 0.187500 0.125000
4 0.789066 0.915625 0.187500 0.125000
4 0.503128 0.817187 0.187500 0.125000
4 0.840628 0.826562 0.187500 0.125000
4 0.620316 0.821875 0.187500 0.125000
4 0.104691 0.906250 0.187500 0.125000
4 0.826566 0.428125 0.187500 0.125000
3 0.929689 0.625000 0.140622 0.125000
3 0.217191 0.512500 0.187500 0.125000
3 0.268753 0.414062 0.187500 0.125000
3 0.156253 0.615625 0.187500 0.125000
3 0.442191 0.915625 0.187500 0.125000
3 0.156253 0.414062 0.187500 0.125000
3 0.789066 0.521875 0.187500 0.125000