3 0.078127 0.668750 0.156253 0.125000
3 0.110934 0.581250 0.187500 0.125000
3 0.221878 0.585938 0.187500 0.125000
3 0.171872 0.498437 0.187500 0.125000
3 0.273441 0.500000 0.187500 0.125000
3 0.075000 0.489062 0.150000 0.125000
3 0.049219 0.576562 0.098437 0.125000
4 0.482812 0.332813 0.187500 0.125000
4 0.593747 0.331250 0.187500 0.125000
4 0.495309 0.514062 0.187500 0.125000
4 0.376566 0.507812 0.187500 0.125000
4 0.930467 0.420312 0.139066 0.125000
4 0.801562 0.689063 0.187500 0.125000
4 0.935155 0.784375 0.129691 0.125000
4 0.906252 0.164062 0.187497 0.125000
4 0.639066 0.070312 0.187500 0.125000
4 0.693750 0.157812 0.187500 0.125000