1 0.941408 0.818750 0.117184 0.125000
1 0.913283 0.726562 0.173434 0.125000
1 0.862500 0.632812 0.187500 0.125000
1 0.939842 0.632812 0.120316 0.125000
1 0.807816 0.537500 0.187500 0.125000
1 0.695316 0.532813 0.187500 0.125000
1 0.640622 0.628125 0.187500 0.125000
1 0.753122 0.435937 0.187500 0.125000
1 0.804684 0.342187 0.187500 0.125000
1 0.913283 0.340625 0.173434 0.125000
1 0.860934 0.440625 0.187500 0.125000
1 0.939064 0.439063 0.121872 0.125000
1 0.939064 0.251563 0.121872 0.125000
1 0.859378 0.251563 0.187500 0.125000
1 0.746878 0.248437 0.187500 0.125000
1 0.796875 0.154688 0.187500 0.125000
1 0.637500 0.250000 0.187500 0.125000
1 0.582816 0.150000 0.187500 0.125000
1 0.471872 0.150000 0.187500 0.125000
1 0.525000 0.060156 0.187500 0.120313
1 0.421875 0.243750 0.187500 0.125000
1 0.303122 0.250000 0.187500 0.125000
1 0.246872 0.340625 0.187500 0.125000
1 0.417188 0.439063 0.187500 0.125000
1 0.471872 0.540625 0.187500 0.125000
1 0.303122 0.632812 0.187500 0.125000
2 0.088280 0.818750 0.176559 0.125000
2 0.639066 0.432812 0.187500 0.125000
2 0.909373 0.154688 0.181253 0.125000
0 0.695316 0.342187 0.187500 0.125000
0 0.582816 0.343750 0.187500 0.125000
0 0.470316 0.342187 0.187500 0.125000
0 0.528122 0.253125 0.187500 0.125000
0 0.529687 0.437500 0.187500 0.125000
0 0.356250 0.346875 0.187500 0.125000
0 0.303122 0.443750 0.187500 0.125000
0 0.357816 0.539062 0.187500 0.125000
0 0.415622 0.640625 0.187500 0.125000
0 0.246872 0.537500 0.187500 0.125000
0 0.137503 0.531250 0.187500 0.125000
0 0.085936 0.431250 0.171872 0.125000
0 0.196875 0.629687 0.187500 0.125000
0 0.085936 0.634375 0.171872 0.125000
0 0.137503 0.726562 0.187500 0.125000
0 0.248437 0.728125 0.187500 0.125000
0 0.360938 0.729688 0.187500 0.125000
0 0.195309 0.821875 0.187500 0.125000
0 0.301566 0.820312 0.187500 0.125000
0 0.415622 0.823438 0.187500 0.125000
0 0.473437 0.732812 0.187500 0.125000
0 0.585938 0.728125 0.187500 0.125000
0 0.698438 0.729688 0.187500 0.125000
0 0.753122 0.631250 0.187500 0.125000
0 0.812503 0.729688 0.187500 0.125000
0 0.757809 0.817187 0.187500 0.125000
0 0.865622 0.821875 0.187500 0.125000
0 0.531253 0.826562 0.187500 0.125000
1 0.642188 0.818750 0.187500 0.125000
1 0.301566 0.055469 0.187500 0.110937
0 0.356250 0.151562 0.187500 0.125000