3 0.724997 0.501563 0.187500 0.125000
3 0.615628 0.492188 0.187500 0.125000
4 0.927345 0.507812 0.145309 0.125000
4 0.927345 0.689063 0.145309 0.125000
4 0.675000 0.404687 0.187500 0.125000
4 0.723441 0.314063 0.187500 0.125000
4 0.620316 0.309375 0.187500 0.125000
4 0.776559 0.223438 0.187500 0.125000
4 0.901566 0.218750 0.187500 0.125000
4 0.675000 0.214062 0.187500 0.125000
4 0.617184 0.118750 0.187500 0.125000
4 0.731250 0.123438 0.187500 0.125000
4 0.667191 0.039062 0.187500 0.078125
4 0.787500 0.042969 0.187500 0.085938
4 0.927345 0.118750 0.145309 0.125000
4 0.451566 0.393750 0.187500 0.125000
4 0.334378 0.389062 0.187500 0.125000
4 0.221878 0.382812 0.187500 0.125000
4 0.390628 0.492188 0.187500 0.125000
4 0.276562 0.484375 0.187500 0.125000
4 0.160941 0.482812 0.187500 0.125000
4 0.104691 0.578125 0.187500 0.125000
4 0.221878 0.585938 0.187500 0.125000
4 0.335934 0.204688 0.187500 0.125000
4 0.112500 0.198437 0.187500 0.125000
4 0.046875 0.193750 0.093750 0.125000