6 0.512503 0.543750 0.187500 0.125000
6 0.625003 0.542188 0.187500 0.125000
6 0.732816 0.545312 0.187500 0.125000
6 0.793753 0.448438 0.187500 0.125000
6 0.851559 0.346875 0.187500 0.125000
6 0.407813 0.723437 0.187500 0.125000
6 0.621872 0.896875 0.187500 0.125000
6 0.675000 0.957031 0.187500 0.085938
3 0.132816 0.823438 0.187500 0.125000
3 0.058594 0.639062 0.117188 0.125000
3 0.184378 0.360938 0.187500 0.125000
3 0.086719 0.179688 0.173437 0.125000
3 0.132816 0.085938 0.187500 0.125000
3 0.059377 0.084375 0.118753 0.125000
3 0.578128 0.085938 0.187500 0.125000