0 0.799997 0.864062 0.187500 0.125000
0 0.698438 0.870313 0.187500 0.125000
0 0.637500 0.771875 0.187500 0.125000
0 0.632812 0.946094 0.187500 0.107812
0 0.414066 0.944531 0.187500 0.110938
0 0.478125 0.864062 0.187500 0.125000
0 0.095316 0.944531 0.187500 0.110938
0 0.746878 0.598437 0.187500 0.125000
0 0.796875 0.679688 0.187500 0.125000
0 0.475003 0.681250 0.187500 0.125000
1 0.479691 0.500000 0.187500 0.125000
1 0.423441 0.414062 0.187500 0.125000
1 0.375000 0.506250 0.187500 0.125000
1 0.593747 0.323437 0.187500 0.125000
1 0.762497 0.057813 0.187500 0.115625
1 0.325003 0.056250 0.187500 0.112500
1 0.221878 0.057031 0.187500 0.114062
1 0.107813 0.057031 0.187500 0.114062
1 0.046875 0.057031 0.093750 0.114062