1 0.362503 0.681250 0.187500 0.125000
1 0.610941 0.293750 0.187500 0.125000
1 0.729684 0.293750 0.187500 0.125000
1 0.253125 0.096875 0.187500 0.125000
1 0.557813 0.032031 0.187500 0.064062
1 0.798441 0.032813 0.187500 0.065625
1 0.937498 0.301563 0.125003 0.125000
0 0.251559 0.290625 0.187500 0.125000
0 0.373434 0.292187 0.187500 0.125000
0 0.310941 0.193750 0.187500 0.125000
3 0.496875 0.101562 0.187500 0.125000
3 0.735938 0.103125 0.187500 0.125000
3 0.854691 0.103125 0.187500 0.125000
3 0.790622 0.200000 0.187500 0.125000
3 0.934377 0.492188 0.131247 0.125000
3 0.930467 0.685937 0.139066 0.125000
3 0.839063 0.685937 0.187500 0.125000
3 0.714066 0.681250 0.187500 0.125000