2 0.267188 0.489062 0.187500 0.125000
3 0.206250 0.578125 0.187500 0.125000
3 0.063281 0.667188 0.126562 0.125000
3 0.318750 0.757812 0.187500 0.125000
3 0.368747 0.668750 0.187500 0.125000
3 0.428128 0.757812 0.187500 0.125000
3 0.370312 0.851562 0.187500 0.125000
3 0.478125 0.845313 0.187500 0.125000
3 0.818747 0.853125 0.187500 0.125000
3 0.870309 0.757812 0.187500 0.125000
3 0.595313 0.667188 0.187500 0.125000
3 0.601566 0.481250 0.187500 0.125000
3 0.821878 0.482812 0.187500 0.125000
3 0.921875 0.481250 0.156250 0.125000
3 0.879684 0.571875 0.187500 0.125000
3 0.946095 0.570312 0.107809 0.125000