4 0.895312 0.523438 0.187500 0.125000
3 0.932811 0.417187 0.134378 0.125000
3 0.938281 0.209375 0.123437 0.125000
3 0.678122 0.304688 0.187500 0.125000
3 0.842184 0.421875 0.187500 0.125000
3 0.667191 0.514062 0.187500 0.125000
3 0.615628 0.412500 0.187500 0.125000
3 0.565622 0.301563 0.187500 0.125000
4 0.434372 0.057813 0.187500 0.115625
4 0.675000 0.075000 0.187500 0.125000
4 0.493753 0.160938 0.187500 0.125000
4 0.617184 0.178125 0.187500 0.125000
4 0.743747 0.179688 0.187500 0.125000
3 0.390628 0.406250 0.187500 0.125000
3 0.228122 0.528125 0.187500 0.125000
3 0.107813 0.517188 0.187500 0.125000
3 0.073439 0.423438 0.146878 0.125000
1 0.826566 0.967969 0.187500 0.064063