3 0.487500 0.175000 0.187500 0.125000
3 0.646875 0.270313 0.187500 0.125000
3 0.754687 0.268750 0.187500 0.125000
3 0.864066 0.265625 0.187500 0.125000
3 0.914061 0.356250 0.171878 0.125000
3 0.493753 0.365625 0.187500 0.125000
3 0.371878 0.367188 0.187500 0.125000
3 0.270309 0.367188 0.187500 0.125000
3 0.325003 0.459375 0.187500 0.125000
3 0.217191 0.460938 0.187500 0.125000
3 0.164062 0.360938 0.187500 0.125000
3 0.104691 0.268750 0.187500 0.125000
3 0.074217 0.365625 0.148434 0.125000
2 0.069530 0.176563 0.139059 0.125000
2 0.156253 0.175000 0.187500 0.125000
2 0.323437 0.275000 0.187500 0.125000
2 0.321872 0.093750 0.187500 0.125000