1 0.451566 0.768750 0.187500 0.125000
1 0.559378 0.765625 0.187500 0.125000
1 0.510938 0.857812 0.187500 0.125000
1 0.289059 0.868750 0.187500 0.125000
1 0.724997 0.853125 0.187500 0.125000
1 0.950000 0.756250 0.100000 0.125000
2 0.726562 0.667188 0.187500 0.125000
2 0.773438 0.575000 0.187500 0.125000
2 0.714066 0.484375 0.187500 0.125000
2 0.771872 0.392188 0.187500 0.125000
2 0.664059 0.393750 0.187500 0.125000
2 0.821878 0.485938 0.187500 0.125000
2 0.823434 0.292187 0.187500 0.125000
2 0.876563 0.207813 0.187500 0.125000
2 0.921875 0.295312 0.156250 0.125000
2 0.770316 0.201562 0.187500 0.125000
2 0.654684 0.203125 0.187500 0.125000
2 0.600000 0.110937 0.187500 0.125000
2 0.546872 0.207813 0.187500 0.125000