4 0.176559 0.526563 0.187500 0.125000
4 0.296878 0.528125 0.187500 0.125000
4 0.403125 0.535937 0.187500 0.125000
4 0.506250 0.537500 0.187500 0.125000
4 0.601566 0.539062 0.187500 0.125000
4 0.718753 0.540625 0.187500 0.125000
4 0.659372 0.439063 0.187500 0.125000
4 0.546872 0.437500 0.187500 0.125000
6 0.189066 0.328125 0.187500 0.125000
6 0.086719 0.325000 0.173437 0.125000
6 0.132816 0.418750 0.187500 0.125000
6 0.296878 0.332813 0.187500 0.125000
6 0.239063 0.429688 0.187500 0.125000
6 0.357816 0.439063 0.187500 0.125000
6 0.456253 0.440625 0.187500 0.125000
6 0.400003 0.340625 0.187500 0.125000