3 0.950000 0.931250 0.100000 0.125000
3 0.878128 0.934375 0.187500 0.125000
3 0.298434 0.928125 0.187500 0.125000
3 0.414066 0.929688 0.187500 0.125000
3 0.529688 0.929688 0.187500 0.125000
3 0.464063 0.820312 0.187500 0.125000
3 0.582816 0.817187 0.187500 0.125000
3 0.401559 0.712500 0.187500 0.125000
3 0.521878 0.710938 0.187500 0.125000
3 0.637500 0.712500 0.187500 0.125000
3 0.753122 0.714063 0.187500 0.125000
3 0.865622 0.717187 0.187500 0.125000
3 0.817191 0.826562 0.187500 0.125000
3 0.919531 0.825000 0.160937 0.125000
3 0.944530 0.718750 0.110941 0.125000
3 0.870309 0.518750 0.187500 0.125000
3 0.754687 0.506250 0.187500 0.125000
3 0.695316 0.614062 0.187500 0.125000
3 0.576562 0.606250 0.187500 0.125000
3 0.640622 0.504687 0.187500 0.125000
3 0.523434 0.495313 0.187500 0.125000
6 0.406247 0.487500 0.187500 0.125000
6 0.075000 0.492188 0.150000 0.125000
3 0.078905 0.920312 0.157809 0.125000