2 0.489066 0.055469 0.187500 0.110937
0 0.820312 0.060156 0.187500 0.120313
0 0.765628 0.153125 0.187500 0.125000
0 0.821878 0.256250 0.187500 0.125000
0 0.704691 0.254688 0.187500 0.125000
0 0.598434 0.251563 0.187500 0.125000
0 0.490622 0.248437 0.187500 0.125000
0 0.429684 0.151562 0.187500 0.125000
0 0.653128 0.343750 0.187500 0.125000
0 0.539062 0.339062 0.187500 0.125000
0 0.371878 0.248437 0.187500 0.125000
0 0.320316 0.150000 0.187500 0.125000
0 0.203128 0.353125 0.187500 0.125000
0 0.256247 0.439063 0.187500 0.125000
0 0.148434 0.448438 0.187500 0.125000
0 0.093750 0.356250 0.187500 0.125000
0 0.091406 0.542188 0.182812 0.125000
0 0.064064 0.446875 0.128128 0.125000
0 0.365625 0.642188 0.187500 0.125000
0 0.421875 0.540625 0.187500 0.125000
0 0.065625 0.260937 0.131250 0.125000
0 0.092967 0.160938 0.185934 0.125000