3 0.074217 0.290625 0.148434 0.125000
3 0.165628 0.295312 0.187500 0.125000
3 0.074217 0.459375 0.148434 0.125000
3 0.167184 0.465625 0.187500 0.125000
3 0.110934 0.551562 0.187500 0.125000
3 0.075000 0.643750 0.150000 0.125000
3 0.106247 0.734375 0.187500 0.125000
3 0.215625 0.739062 0.187500 0.125000
3 0.278128 0.648438 0.187500 0.125000
3 0.156253 0.831250 0.187500 0.125000
3 0.378122 0.839063 0.187500 0.125000
3 0.331247 0.556250 0.187500 0.125000
3 0.442191 0.562500 0.187500 0.125000
3 0.429684 0.934375 0.187500 0.125000
3 0.656250 0.753125 0.187500 0.125000
3 0.710934 0.846875 0.187500 0.125000
3 0.823434 0.856250 0.187500 0.125000
3 0.918748 0.671875 0.162503 0.125000
3 0.659372 0.568750 0.187500 0.125000
3 0.548438 0.560937 0.187500 0.125000
3 0.945312 0.946094 0.109375 0.107812