4 0.075781 0.631250 0.151562 0.125000
3 0.047656 0.718750 0.095312 0.125000
3 0.109375 0.721875 0.187500 0.125000
3 0.171878 0.634375 0.187500 0.125000
3 0.223441 0.726562 0.187500 0.125000
3 0.285934 0.635938 0.187500 0.125000
3 0.170312 0.451562 0.187500 0.125000
3 0.284378 0.450000 0.187500 0.125000
3 0.120316 0.357812 0.187500 0.125000
3 0.235938 0.360938 0.187500 0.125000
3 0.181253 0.262500 0.187500 0.125000
3 0.292187 0.268750 0.187500 0.125000
3 0.296875 0.085938 0.187500 0.125000
1 0.051561 0.170313 0.103122 0.125000
4 0.120316 0.545312 0.187500 0.125000