4 0.950783 0.625000 0.098434 0.125000
4 0.950000 0.814063 0.100000 0.125000
3 0.804684 0.917188 0.187500 0.125000
3 0.859378 0.818750 0.187500 0.125000
3 0.743747 0.820312 0.187500 0.125000
3 0.807816 0.725000 0.187500 0.125000
3 0.870309 0.625000 0.187500 0.125000
3 0.754687 0.628125 0.187500 0.125000
3 0.920314 0.531250 0.159372 0.125000
3 0.874997 0.432812 0.187500 0.125000
3 0.815625 0.535937 0.187500 0.125000
2 0.700003 0.526563 0.187500 0.125000
2 0.526566 0.434375 0.187500 0.125000
1 0.639066 0.432812 0.187500 0.125000
1 0.589059 0.332813 0.187500 0.125000
1 0.528122 0.228125 0.187500 0.125000
1 0.306253 0.228125 0.187500 0.125000
1 0.357816 0.329688 0.187500 0.125000
1 0.250003 0.329688 0.187500 0.125000
1 0.184378 0.429688 0.187500 0.125000
1 0.240628 0.531250 0.187500 0.125000
1 0.131250 0.332813 0.187500 0.125000
1 0.084375 0.231250 0.168750 0.125000
1 0.057033 0.125000 0.114066 0.125000
1 0.059377 0.329688 0.118753 0.125000
1 0.082814 0.432812 0.165628 0.125000
1 0.055467 0.529687 0.110934 0.125000
1 0.126562 0.529687 0.187500 0.125000
1 0.080470 0.625000 0.160941 0.125000
1 0.176559 0.628125 0.187500 0.125000
1 0.050780 0.718750 0.101559 0.125000
1 0.118753 0.723437 0.187500 0.125000
1 0.078127 0.817187 0.156253 0.125000
1 0.178125 0.818750 0.187500 0.125000
1 0.050780 0.912500 0.101559 0.125000
0 0.453122 0.912500 0.187500 0.125000
0 0.342187 0.912500 0.187500 0.125000
0 0.226566 0.909375 0.187500 0.125000
0 0.290625 0.818750 0.187500 0.125000
0 0.401559 0.815625 0.187500 0.125000
0 0.120309 0.910938 0.187500 0.125000
0 0.300000 0.435937 0.187500 0.125000
0 0.470316 0.334375 0.187500 0.125000
0 0.414066 0.434375 0.187500 0.125000
0 0.351562 0.529687 0.187500 0.125000
0 0.462497 0.532813 0.187500 0.125000
0 0.289059 0.628125 0.187500 0.125000
0 0.406247 0.632812 0.187500 0.125000
0 0.235941 0.720313 0.187500 0.125000
0 0.346875 0.720313 0.187500 0.125000
1 0.523434 0.817187 0.187500 0.125000
3 0.687497 0.914062 0.187500 0.125000
0 0.573441 0.725000 0.187500 0.125000