2 0.945312 0.643750 0.109375 0.125000
2 0.946095 0.465625 0.107809 0.125000
2 0.911717 0.371875 0.176566 0.125000
2 0.867188 0.462500 0.187500 0.125000
1 0.917188 0.551562 0.165625 0.125000
1 0.919531 0.732812 0.160937 0.125000
1 0.823434 0.178125 0.187500 0.125000
2 0.051562 0.285938 0.103125 0.125000
2 0.078905 0.195312 0.157809 0.125000
2 0.167184 0.193750 0.187500 0.125000
2 0.276562 0.195312 0.187500 0.125000
2 0.385941 0.195312 0.187500 0.125000
2 0.340622 0.104687 0.187500 0.125000
2 0.281250 0.035937 0.187500 0.071875
2 0.164062 0.035937 0.187500 0.071875
2 0.079687 0.036719 0.159375 0.073438