6 0.915627 0.071875 0.168747 0.125000
6 0.818747 0.071875 0.187500 0.125000
6 0.865622 0.164062 0.187500 0.125000
6 0.764062 0.159375 0.187500 0.125000
6 0.814059 0.250000 0.187500 0.125000
6 0.706247 0.251563 0.187500 0.125000
6 0.759375 0.340625 0.187500 0.125000
6 0.660937 0.335938 0.187500 0.125000
6 0.598434 0.423438 0.187500 0.125000
6 0.706247 0.429688 0.187500 0.125000
6 0.546872 0.520312 0.187500 0.125000
6 0.653128 0.517188 0.187500 0.125000
6 0.601566 0.609375 0.187500 0.125000
6 0.492188 0.609375 0.187500 0.125000
6 0.437503 0.692187 0.187500 0.125000
6 0.542184 0.701562 0.187500 0.125000
6 0.489066 0.782813 0.187500 0.125000
6 0.387497 0.781250 0.187500 0.125000
6 0.432816 0.867188 0.187500 0.125000
6 0.328125 0.867188 0.187500 0.125000
6 0.273441 0.946875 0.187500 0.106250
6 0.376566 0.947656 0.187500 0.104688