1 0.365625 0.031250 0.187500 0.062500
1 0.309375 0.090625 0.187500 0.125000
1 0.540628 0.290625 0.187500 0.125000
1 0.654684 0.293750 0.187500 0.125000
1 0.710934 0.387500 0.187500 0.125000
1 0.762497 0.482812 0.187500 0.125000
1 0.648441 0.485938 0.187500 0.125000
1 0.589059 0.576562 0.187500 0.125000
1 0.814059 0.571875 0.187500 0.125000
1 0.531253 0.673438 0.187500 0.125000
1 0.576562 0.768750 0.187500 0.125000
1 0.751566 0.864062 0.187500 0.125000
1 0.867188 0.864062 0.187500 0.125000
1 0.687497 0.946875 0.187500 0.106250
1 0.631247 0.864062 0.187500 0.125000
1 0.576562 0.948438 0.187500 0.103125
1 0.525000 0.864062 0.187500 0.125000
1 0.464063 0.950000 0.187500 0.100000
2 0.351562 0.949219 0.187500 0.101562
2 0.410934 0.867188 0.187500 0.125000
2 0.303122 0.871875 0.187500 0.125000
2 0.242184 0.775000 0.187500 0.125000
2 0.181247 0.864062 0.187500 0.125000
2 0.121875 0.775000 0.187500 0.125000
2 0.184378 0.675000 0.187500 0.125000
2 0.292191 0.675000 0.187500 0.125000
2 0.250003 0.578125 0.187500 0.125000
2 0.126562 0.582812 0.187500 0.125000
2 0.087502 0.484375 0.175003 0.125000
2 0.190622 0.481250 0.187500 0.125000
2 0.298434 0.479688 0.187500 0.125000
2 0.137503 0.385937 0.187500 0.125000
2 0.248437 0.384375 0.187500 0.125000
2 0.057033 0.387500 0.114066 0.125000
2 0.310941 0.289062 0.187500 0.125000
2 0.424997 0.292187 0.187500 0.125000
2 0.370312 0.198438 0.187500 0.125000
2 0.253125 0.192188 0.187500 0.125000
2 0.142191 0.185938 0.187500 0.125000
2 0.086719 0.285938 0.173437 0.125000
2 0.195309 0.093750 0.187500 0.125000
6 0.489066 0.031250 0.187500 0.062500
6 0.537497 0.098437 0.187500 0.125000
6 0.592191 0.190625 0.187500 0.125000
6 0.651563 0.095312 0.187500 0.125000
6 0.421875 0.100000 0.187500 0.125000
3 0.710934 0.187500 0.187500 0.125000
1 0.592191 0.382812 0.187500 0.125000
1 0.473437 0.384375 0.187500 0.125000
1 0.359372 0.382812 0.187500 0.125000
1 0.414066 0.478125 0.187500 0.125000
1 0.535941 0.479688 0.187500 0.125000
1 0.465628 0.576562 0.187500 0.125000
1 0.356250 0.578125 0.187500 0.125000
1 0.412500 0.673438 0.187500 0.125000
1 0.356250 0.767188 0.187500 0.125000
1 0.467184 0.768750 0.187500 0.125000
2 0.121875 0.950781 0.187500 0.098437
2 0.083592 0.871875 0.167184 0.125000
6 0.237497 0.953125 0.187500 0.093750