3 0.265622 0.478125 0.187500 0.125000
3 0.317184 0.567187 0.187500 0.125000
3 0.428128 0.565625 0.187500 0.125000
3 0.145313 0.667188 0.187500 0.125000
3 0.259378 0.660937 0.187500 0.125000
3 0.370312 0.656250 0.187500 0.125000
3 0.478125 0.657813 0.187500 0.125000
3 0.307809 0.751563 0.187500 0.125000
3 0.418753 0.750000 0.187500 0.125000
3 0.139059 0.843750 0.187500 0.125000
3 0.256247 0.843750 0.187500 0.125000
3 0.364059 0.842187 0.187500 0.125000
3 0.476559 0.840625 0.187500 0.125000
3 0.585938 0.839063 0.187500 0.125000
3 0.639066 0.929688 0.187500 0.125000
3 0.525000 0.929688 0.187500 0.125000
3 0.410934 0.932813 0.187500 0.125000
3 0.304688 0.932813 0.187500 0.125000
3 0.187500 0.935938 0.187500 0.125000
4 0.754687 0.745313 0.187500 0.125000
4 0.604688 0.473437 0.187500 0.125000