0 0.585937 0.090625 0.187500 0.125000
0 0.704691 0.095312 0.187500 0.125000
3 0.331247 0.068750 0.187500 0.125000
3 0.457809 0.073437 0.187500 0.125000
3 0.273441 0.160938 0.187500 0.125000
3 0.398438 0.176563 0.187500 0.125000
3 0.218747 0.268750 0.187500 0.125000
3 0.337500 0.271875 0.187500 0.125000
3 0.464063 0.279687 0.187500 0.125000
3 0.582816 0.284375 0.187500 0.125000
3 0.403125 0.379688 0.187500 0.125000
3 0.523434 0.382812 0.187500 0.125000
3 0.348441 0.473437 0.187500 0.125000
3 0.471872 0.481250 0.187500 0.125000
3 0.412500 0.578125 0.187500 0.125000
3 0.295312 0.575000 0.187500 0.125000
3 0.240628 0.676562 0.187500 0.125000
3 0.357816 0.679688 0.187500 0.125000
3 0.471872 0.679688 0.187500 0.125000
3 0.300000 0.775000 0.187500 0.125000
3 0.426562 0.775000 0.187500 0.125000
3 0.543750 0.779687 0.187500 0.125000
3 0.664059 0.778125 0.187500 0.125000
3 0.785934 0.778125 0.187500 0.125000
3 0.907030 0.779687 0.185941 0.125000
3 0.370312 0.876563 0.187500 0.125000
3 0.490622 0.875000 0.187500 0.125000
3 0.609375 0.879687 0.187500 0.125000
0 0.848438 0.876563 0.187500 0.125000
0 0.609375 0.676562 0.187500 0.125000
0 0.728128 0.679688 0.187500 0.125000
0 0.846872 0.678125 0.187500 0.125000
0 0.898434 0.582812 0.187500 0.125000
0 0.668747 0.581250 0.187500 0.125000
0 0.596878 0.481250 0.187500 0.125000
0 0.715622 0.489062 0.187500 0.125000
0 0.837497 0.485938 0.187500 0.125000
0 0.653128 0.384375 0.187500 0.125000
1 0.896878 0.390625 0.187500 0.125000
1 0.932033 0.482812 0.135934 0.125000
1 0.926562 0.096875 0.146875 0.125000
4 0.078905 0.057813 0.157809 0.115625
4 0.057811 0.159375 0.115622 0.125000
4 0.145313 0.164062 0.187500 0.125000