3 0.292191 0.231250 0.187500 0.125000
3 0.231253 0.325000 0.187500 0.125000
3 0.287503 0.603125 0.187500 0.125000
3 0.071873 0.958594 0.143747 0.082812
3 0.173438 0.795312 0.187500 0.125000
4 0.396872 0.800000 0.187500 0.125000
4 0.221878 0.887500 0.187500 0.125000
4 0.276562 0.962500 0.187500 0.075000
4 0.112500 0.892188 0.187500 0.125000
4 0.165628 0.960938 0.187500 0.078125
4 0.499997 0.961719 0.187500 0.076562
4 0.609375 0.960156 0.187500 0.079688
4 0.559378 0.893750 0.187500 0.125000
4 0.835941 0.960938 0.187500 0.078125
4 0.923436 0.963281 0.153128 0.073438
4 0.952344 0.889062 0.095313 0.125000