1 0.092189 0.039062 0.184378 0.078125
1 0.204684 0.039844 0.187500 0.079687
1 0.317184 0.039062 0.187500 0.078125
1 0.496875 0.126562 0.187500 0.125000
1 0.675000 0.043750 0.187500 0.087500
1 0.793753 0.043750 0.187500 0.087500
1 0.739059 0.121875 0.187500 0.125000
1 0.435937 0.220313 0.187500 0.125000
1 0.678122 0.226562 0.187500 0.125000
1 0.799997 0.220313 0.187500 0.125000
1 0.737503 0.321875 0.187500 0.125000
1 0.615628 0.320312 0.187500 0.125000
1 0.676566 0.412500 0.187500 0.125000
1 0.435937 0.410938 0.187500 0.125000
1 0.913283 0.226562 0.173434 0.125000
1 0.941408 0.134375 0.117184 0.125000