3 0.932033 0.220313 0.135934 0.125000
3 0.789066 0.140625 0.187500 0.125000
3 0.850003 0.058594 0.187500 0.117188
3 0.740625 0.059375 0.187500 0.118750
3 0.626559 0.059375 0.187500 0.118750
3 0.564066 0.134375 0.187500 0.125000
3 0.517191 0.058594 0.187500 0.117188
3 0.454688 0.131250 0.187500 0.125000
3 0.395316 0.058594 0.187500 0.117188
3 0.290625 0.060156 0.187500 0.120313
3 0.339066 0.134375 0.187500 0.125000
3 0.229687 0.140625 0.187500 0.125000
3 0.281250 0.223438 0.187500 0.125000
3 0.171872 0.218750 0.187500 0.125000
3 0.075783 0.392188 0.151566 0.125000
3 0.389062 0.392188 0.187500 0.125000
3 0.439059 0.473437 0.187500 0.125000
6 0.154688 0.739062 0.187500 0.125000
6 0.220312 0.648438 0.187500 0.125000
6 0.326559 0.650000 0.187500 0.125000