3 0.160941 0.490625 0.187500 0.125000
3 0.107813 0.401562 0.187500 0.125000
3 0.220312 0.400000 0.187500 0.125000
3 0.212503 0.589063 0.187500 0.125000
3 0.325003 0.589063 0.187500 0.125000
3 0.384375 0.496875 0.187500 0.125000
3 0.440625 0.404687 0.187500 0.125000
3 0.554691 0.401562 0.187500 0.125000
3 0.671878 0.407813 0.187500 0.125000
3 0.784378 0.406250 0.187500 0.125000
3 0.896878 0.407813 0.187500 0.125000
3 0.932033 0.317188 0.135934 0.125000
4 0.900000 0.228125 0.187500 0.125000
4 0.792188 0.225000 0.187500 0.125000
4 0.842184 0.126562 0.187500 0.125000
4 0.678122 0.050000 0.187500 0.100000
4 0.320316 0.954688 0.187500 0.090625
4 0.156253 0.873437 0.187500 0.125000
4 0.503128 0.310937 0.187500 0.125000
4 0.381253 0.878125 0.187500 0.125000
4 0.217191 0.775000 0.187500 0.125000
4 0.775003 0.784375 0.187500 0.125000
4 0.840628 0.503125 0.187500 0.125000
4 0.100003 0.784375 0.187500 0.125000
4 0.071095 0.873437 0.142191 0.125000
4 0.395316 0.310937 0.187500 0.125000
4 0.681253 0.048438 0.187500 0.096875
4 0.723441 0.878125 0.187500 0.125000
4 0.273441 0.878125 0.187500 0.125000
4 0.498441 0.493750 0.187500 0.125000
4 0.789066 0.221875 0.187500 0.125000
4 0.845316 0.132812 0.187500 0.125000
4 0.559378 0.587500 0.187500 0.125000
4 0.339066 0.048438 0.187500 0.096875
4 0.047658 0.043750 0.095316 0.087500
4 0.160941 0.681250 0.187500 0.125000
4 0.104691 0.952344 0.187500 0.095313
4 0.901566 0.226562 0.187500 0.125000
4 0.104691 0.592187 0.187500 0.125000
4 0.273441 0.676562 0.187500 0.125000
3 0.840628 0.315625 0.187500 0.125000
3 0.784378 0.596875 0.187500 0.125000
3 0.550003 0.779687 0.187500 0.125000
3 0.446878 0.404687 0.187500 0.125000
3 0.278128 0.493750 0.187500 0.125000
3 0.662503 0.784375 0.187500 0.125000
3 0.493753 0.878125 0.187500 0.125000
3 0.610941 0.685937 0.187500 0.125000
3 0.226566 0.212500 0.187500 0.125000
3 0.451566 0.217187 0.187500 0.125000
3 0.728128 0.315625 0.187500 0.125000
3 0.564066 0.048438 0.187500 0.096875
3 0.671878 0.221875 0.187500 0.125000
3 0.170316 0.123438 0.187500 0.125000
3 0.385941 0.493750 0.187500 0.125000
3 0.493753 0.685937 0.187500 0.125000
3 0.892191 0.959375 0.187500 0.081250
3 0.723441 0.685937 0.187500 0.125000
3 0.437503 0.779687 0.187500 0.125000
3 0.226566 0.046094 0.187500 0.092188
3 0.278128 0.123438 0.187500 0.125000
3 0.737503 0.128125 0.187500 0.125000
3 0.662503 0.959375 0.187500 0.081250
3 0.047658 0.212500 0.095316 0.125000
3 0.892191 0.409375 0.187500 0.125000
3 0.620316 0.118750 0.187500 0.125000
3 0.610941 0.498437 0.187500 0.125000
3 0.456253 0.043750 0.187500 0.087500
3 0.282816 0.306250 0.187500 0.125000
3 0.887503 0.784375 0.187500 0.125000
3 0.559378 0.217187 0.187500 0.125000
3 0.217191 0.582812 0.187500 0.125000
3 0.826566 0.882812 0.187500 0.125000
3 0.892191 0.596875 0.187500 0.125000
3 0.325003 0.775000 0.187500 0.125000
3 0.325003 0.400000 0.187500 0.125000
3 0.512503 0.123438 0.187500 0.125000
3 0.723441 0.503125 0.187500 0.125000
3 0.671878 0.414062 0.187500 0.125000
3 0.339066 0.212500 0.187500 0.125000
3 0.334378 0.582812 0.187500 0.125000
3 0.073439 0.123438 0.146878 0.125000
3 0.114066 0.046094 0.187500 0.092188
3 0.610941 0.882812 0.187500 0.125000
3 0.789066 0.048438 0.187500 0.096875
3 0.620316 0.310937 0.187500 0.125000
3 0.779691 0.957031 0.187500 0.085938
3 0.550003 0.954688 0.187500 0.090625
3 0.217191 0.400000 0.187500 0.125000
3 0.437503 0.592187 0.187500 0.125000
3 0.109378 0.400000 0.187500 0.125000
3 0.908595 0.048438 0.182809 0.096875
3 0.073439 0.681250 0.146878 0.125000
3 0.835941 0.685937 0.187500 0.125000
3 0.932033 0.128125 0.135934 0.125000
3 0.925002 0.690625 0.149997 0.125000
3 0.932033 0.310937 0.135934 0.125000
3 0.437503 0.957031 0.187500 0.085938
3 0.071095 0.493750 0.142191 0.125000
3 0.156253 0.493750 0.187500 0.125000
3 0.165628 0.315625 0.187500 0.125000
3 0.789066 0.414062 0.187500 0.125000
3 0.559378 0.404687 0.187500 0.125000