2 0.949217 0.775000 0.101566 0.125000
2 0.918748 0.864062 0.162503 0.125000
2 0.871875 0.775000 0.187500 0.125000
2 0.920314 0.675000 0.159372 0.125000
2 0.876563 0.582812 0.187500 0.125000
2 0.831253 0.484375 0.187500 0.125000
2 0.923436 0.481250 0.153128 0.125000
2 0.887503 0.385937 0.187500 0.125000
2 0.952344 0.384375 0.095313 0.125000
2 0.770316 0.387500 0.187500 0.125000
2 0.892191 0.185938 0.187500 0.125000
2 0.829688 0.285938 0.187500 0.125000
2 0.925780 0.093750 0.148441 0.125000
2 0.871875 0.950781 0.187500 0.098437
2 0.823434 0.871875 0.187500 0.125000
6 0.946873 0.953125 0.106253 0.093750