3 0.931250 0.046875 0.137500 0.093750
3 0.906252 0.120312 0.187497 0.125000
3 0.853125 0.044531 0.187500 0.089063
3 0.742191 0.039844 0.187500 0.079687
3 0.799997 0.120312 0.187500 0.125000
3 0.696872 0.107813 0.187500 0.125000
3 0.746878 0.201562 0.187500 0.125000
3 0.642188 0.196875 0.187500 0.125000
3 0.587503 0.100000 0.187500 0.125000
3 0.539062 0.192188 0.187500 0.125000
3 0.481247 0.100000 0.187500 0.125000
3 0.431250 0.036719 0.187500 0.073438
3 0.381253 0.095312 0.187500 0.125000
3 0.484378 0.278125 0.187500 0.125000
3 0.434372 0.370312 0.187500 0.125000
3 0.387497 0.453125 0.187500 0.125000
3 0.435937 0.540625 0.187500 0.125000
3 0.220313 0.535937 0.187500 0.125000
3 0.334378 0.365625 0.187500 0.125000
3 0.385941 0.281250 0.187500 0.125000
4 0.328125 0.037500 0.187500 0.075000
6 0.082031 0.800000 0.164062 0.125000
6 0.053123 0.893750 0.106247 0.125000