1 0.220313 0.196875 0.187500 0.125000
1 0.343753 0.196875 0.187500 0.125000
1 0.451566 0.203125 0.187500 0.125000
1 0.279684 0.293750 0.187500 0.125000
1 0.459375 0.032031 0.187500 0.064062
1 0.614062 0.298438 0.187500 0.125000
1 0.326559 0.389062 0.187500 0.125000
1 0.220313 0.384375 0.187500 0.125000
1 0.160941 0.290625 0.187500 0.125000
1 0.273441 0.485938 0.187500 0.125000
1 0.389062 0.482812 0.187500 0.125000
1 0.546872 0.579688 0.187500 0.125000
1 0.787500 0.589063 0.187500 0.125000
3 0.665625 0.584375 0.187500 0.125000
3 0.382809 0.681250 0.187500 0.125000
3 0.440625 0.776563 0.187500 0.125000
3 0.323437 0.776563 0.187500 0.125000
3 0.204684 0.771875 0.187500 0.125000
3 0.270309 0.867188 0.187500 0.125000
3 0.379688 0.868750 0.187500 0.125000
3 0.492188 0.868750 0.187500 0.125000
3 0.610941 0.870313 0.187500 0.125000
3 0.550003 0.950000 0.187500 0.100000
3 0.664059 0.950781 0.187500 0.098437
3 0.779691 0.950781 0.187500 0.098437
1 0.835941 0.870313 0.187500 0.125000
1 0.895312 0.950000 0.187500 0.100000
4 0.551559 0.776563 0.187500 0.125000
2 0.930467 0.876563 0.139066 0.125000
1 0.067969 0.478125 0.135937 0.125000