1 0.926562 0.120312 0.146875 0.125000
1 0.951561 0.041406 0.096878 0.082812
1 0.887503 0.044531 0.187500 0.089063
1 0.839063 0.128125 0.187500 0.125000
1 0.901566 0.220313 0.187500 0.125000
1 0.935937 0.307812 0.128125 0.125000
1 0.909373 0.403125 0.181253 0.125000
1 0.848437 0.320312 0.187500 0.125000
1 0.793753 0.226562 0.187500 0.125000
1 0.723441 0.131250 0.187500 0.125000
1 0.620316 0.140625 0.187500 0.125000
1 0.507816 0.154688 0.187500 0.125000
1 0.390628 0.165625 0.187500 0.125000
1 0.279684 0.165625 0.187500 0.125000
1 0.171872 0.179688 0.187500 0.125000
1 0.078905 0.192188 0.157809 0.125000
1 0.053906 0.282813 0.107813 0.125000
1 0.081248 0.371875 0.162497 0.125000
1 0.775003 0.047656 0.187500 0.095312