6 0.484378 0.947656 0.187500 0.104688
6 0.381253 0.946094 0.187500 0.107812
6 0.434372 0.865625 0.187500 0.125000
6 0.481247 0.782813 0.187500 0.125000
6 0.428128 0.701562 0.187500 0.125000
6 0.579684 0.620313 0.187500 0.125000
6 0.685941 0.620313 0.187500 0.125000
6 0.412500 0.528125 0.187500 0.125000
6 0.525000 0.528125 0.187500 0.125000
6 0.462497 0.439063 0.187500 0.125000
6 0.574997 0.440625 0.187500 0.125000
3 0.893747 0.439063 0.187500 0.125000
3 0.892191 0.267188 0.187500 0.125000
3 0.834375 0.176563 0.187500 0.125000
3 0.925780 0.179688 0.148441 0.125000
3 0.892191 0.090625 0.187500 0.125000
3 0.951561 0.089062 0.096878 0.125000