3 0.742191 0.071875 0.187500 0.125000
3 0.853125 0.071875 0.187500 0.125000
3 0.689063 0.175000 0.187500 0.125000
3 0.795309 0.176563 0.187500 0.125000
3 0.748434 0.278125 0.187500 0.125000
3 0.687497 0.387500 0.187500 0.125000
3 0.637500 0.479688 0.187500 0.125000
3 0.335934 0.676562 0.187500 0.125000
3 0.281250 0.767188 0.187500 0.125000
3 0.070312 0.179688 0.140625 0.125000
3 0.146878 0.175000 0.187500 0.125000
3 0.251559 0.175000 0.187500 0.125000
3 0.103125 0.282813 0.187500 0.125000
3 0.075783 0.384375 0.151566 0.125000