3 0.696872 0.075000 0.187500 0.125000
3 0.643753 0.162500 0.187500 0.125000
3 0.590625 0.257812 0.187500 0.125000
3 0.542184 0.348438 0.187500 0.125000
3 0.490622 0.439063 0.187500 0.125000
3 0.432816 0.535937 0.187500 0.125000
3 0.382809 0.629687 0.187500 0.125000
3 0.334378 0.718750 0.187500 0.125000
3 0.439059 0.715625 0.187500 0.125000
3 0.498441 0.798438 0.187500 0.125000
3 0.607809 0.790625 0.187500 0.125000
3 0.450000 0.887500 0.187500 0.125000
3 0.340622 0.898438 0.187500 0.125000
3 0.235941 0.903125 0.187500 0.125000
3 0.289059 0.961719 0.187500 0.076562
3 0.395316 0.957812 0.187500 0.084375