0 0.254691 0.237500 0.187500 0.125000
0 0.309375 0.142188 0.187500 0.125000
0 0.199997 0.326562 0.187500 0.125000
0 0.143747 0.234375 0.187500 0.125000
0 0.063281 0.237500 0.126562 0.125000
0 0.145313 0.421875 0.187500 0.125000
0 0.092189 0.514062 0.184378 0.125000
0 0.201562 0.510938 0.187500 0.125000
3 0.066408 0.601562 0.132816 0.125000
3 0.145313 0.601562 0.187500 0.125000
3 0.259378 0.596875 0.187500 0.125000
3 0.325003 0.679688 0.187500 0.125000
3 0.260934 0.776563 0.187500 0.125000
3 0.148434 0.778125 0.187500 0.125000
3 0.096872 0.690625 0.187500 0.125000
3 0.481247 0.767188 0.187500 0.125000
3 0.649997 0.671875 0.187500 0.125000
3 0.764062 0.667188 0.187500 0.125000
3 0.703125 0.576562 0.187500 0.125000
3 0.649997 0.493750 0.187500 0.125000
3 0.701559 0.393750 0.187500 0.125000
3 0.535941 0.493750 0.187500 0.125000
3 0.484378 0.407813 0.187500 0.125000
3 0.426562 0.493750 0.187500 0.125000
3 0.706247 0.759375 0.187500 0.125000
3 0.817191 0.754687 0.187500 0.125000
3 0.651563 0.840625 0.187500 0.125000
3 0.881250 0.846875 0.187500 0.125000
3 0.922658 0.748437 0.154684 0.125000
3 0.949217 0.662500 0.101566 0.125000
3 0.821878 0.575000 0.187500 0.125000
3 0.919531 0.568750 0.160937 0.125000
3 0.874997 0.478125 0.187500 0.125000