4 0.081248 0.123438 0.162497 0.125000
4 0.176559 0.115625 0.187500 0.125000
4 0.278128 0.118750 0.187500 0.125000
4 0.382809 0.120312 0.187500 0.125000
4 0.482812 0.114062 0.187500 0.125000
4 0.598434 0.118750 0.187500 0.125000
4 0.754687 0.043750 0.187500 0.087500
4 0.867188 0.210938 0.187500 0.125000
3 0.653128 0.207813 0.187500 0.125000
3 0.857812 0.385937 0.187500 0.125000
3 0.435937 0.392188 0.187500 0.125000
3 0.489066 0.479688 0.187500 0.125000
3 0.273441 0.304688 0.187500 0.125000
3 0.165628 0.300000 0.187500 0.125000
3 0.123441 0.212500 0.187500 0.125000
3 0.053906 0.389062 0.107813 0.125000
3 0.543750 0.750000 0.187500 0.125000
3 0.648441 0.754687 0.187500 0.125000