3 0.662503 0.589063 0.187500 0.125000
6 0.946095 0.595313 0.107809 0.125000
6 0.873441 0.593750 0.187500 0.125000
6 0.768750 0.589063 0.187500 0.125000
6 0.701559 0.503125 0.187500 0.125000
6 0.817191 0.495313 0.187500 0.125000
6 0.921092 0.498437 0.157816 0.125000
6 0.942186 0.403125 0.115628 0.125000
6 0.870309 0.401562 0.187500 0.125000
6 0.759375 0.403125 0.187500 0.125000
6 0.649997 0.398438 0.187500 0.125000
6 0.543750 0.395313 0.187500 0.125000
6 0.434372 0.396875 0.187500 0.125000
6 0.368747 0.290625 0.187500 0.125000
6 0.318750 0.198437 0.187500 0.125000
6 0.206250 0.200000 0.187500 0.125000
6 0.093750 0.203125 0.187500 0.125000