3 0.523434 0.312500 0.187500 0.125000
3 0.642188 0.315625 0.187500 0.125000
3 0.585937 0.404687 0.187500 0.125000
3 0.529688 0.490625 0.187500 0.125000
3 0.582816 0.589063 0.187500 0.125000
3 0.649997 0.503125 0.187500 0.125000
3 0.756253 0.510938 0.187500 0.125000
3 0.585937 0.223438 0.187500 0.125000
3 0.526566 0.128125 0.187500 0.125000
3 0.817191 0.607812 0.187500 0.125000
3 0.757809 0.693750 0.187500 0.125000
3 0.692184 0.787500 0.187500 0.125000
3 0.809372 0.796875 0.187500 0.125000
3 0.876563 0.704688 0.187500 0.125000
3 0.920314 0.806250 0.159372 0.125000
6 0.946095 0.701562 0.107809 0.125000
6 0.916405 0.610938 0.167191 0.125000
4 0.072656 0.787500 0.145313 0.125000
4 0.126562 0.675000 0.187500 0.125000
4 0.198441 0.557813 0.187500 0.125000
4 0.274997 0.471875 0.187500 0.125000
4 0.140625 0.464063 0.187500 0.125000
4 0.215625 0.384375 0.187500 0.125000
4 0.281250 0.287500 0.187500 0.125000
4 0.221878 0.200000 0.187500 0.125000
4 0.284372 0.114062 0.187500 0.125000
4 0.403125 0.123438 0.187500 0.125000
3 0.349997 0.045312 0.187500 0.090625
3 0.470316 0.048438 0.187500 0.096875
6 0.584372 0.050000 0.187500 0.100000
6 0.700003 0.053906 0.187500 0.107813