6 0.927345 0.612500 0.145309 0.125000
6 0.928906 0.417187 0.142188 0.125000
6 0.895312 0.510938 0.187500 0.125000
6 0.904687 0.325000 0.187500 0.125000
6 0.892191 0.132812 0.187500 0.125000
6 0.837497 0.215625 0.187500 0.125000
6 0.927345 0.050781 0.145309 0.101562
6 0.829688 0.050000 0.187500 0.100000
6 0.771872 0.125000 0.187500 0.125000
6 0.715622 0.206250 0.187500 0.125000
6 0.668747 0.301563 0.187500 0.125000
6 0.785934 0.301563 0.187500 0.125000
6 0.726562 0.404687 0.187500 0.125000
6 0.842184 0.414062 0.187500 0.125000
6 0.779691 0.509375 0.187500 0.125000
6 0.667191 0.509375 0.187500 0.125000
6 0.834375 0.614062 0.187500 0.125000
6 0.885938 0.700000 0.187500 0.125000
6 0.921875 0.787500 0.156250 0.125000
6 0.820312 0.784375 0.187500 0.125000
6 0.768750 0.698438 0.187500 0.125000
6 0.715622 0.610938 0.187500 0.125000