4 0.476559 0.195312 0.187500 0.125000
4 0.421875 0.275000 0.187500 0.125000
4 0.576562 0.365625 0.187500 0.125000
4 0.623437 0.443750 0.187500 0.125000
4 0.731250 0.443750 0.187500 0.125000
4 0.831253 0.437500 0.187500 0.125000
4 0.785934 0.364063 0.187500 0.125000
4 0.887503 0.526563 0.187500 0.125000
4 0.109378 0.465625 0.187500 0.125000
4 0.048436 0.468750 0.096872 0.125000
4 0.075000 0.378125 0.150000 0.125000
4 0.050002 0.290625 0.100003 0.125000
4 0.106247 0.293750 0.187500 0.125000
4 0.079687 0.204688 0.159375 0.125000
4 0.050002 0.120312 0.100003 0.125000