1 0.384375 0.842187 0.187500 0.125000
1 0.550003 0.745313 0.187500 0.125000
1 0.665625 0.739062 0.187500 0.125000
1 0.717187 0.646875 0.187500 0.125000
1 0.607809 0.648438 0.187500 0.125000
1 0.832809 0.645312 0.187500 0.125000
1 0.771872 0.550000 0.187500 0.125000
1 0.657816 0.546875 0.187500 0.125000
1 0.601566 0.467187 0.187500 0.125000
1 0.825000 0.454688 0.187500 0.125000
1 0.651563 0.365625 0.187500 0.125000
1 0.871875 0.357812 0.187500 0.125000
1 0.948439 0.351562 0.103122 0.125000
1 0.921092 0.262500 0.157816 0.125000
1 0.818747 0.265625 0.187500 0.125000
1 0.942969 0.164062 0.114062 0.125000
1 0.878128 0.168750 0.187500 0.125000
2 0.917970 0.078125 0.164059 0.125000
2 0.704691 0.271875 0.187500 0.125000
2 0.759375 0.178125 0.187500 0.125000
2 0.807816 0.085938 0.187500 0.125000
2 0.712500 0.454688 0.187500 0.125000
2 0.760941 0.365625 0.187500 0.125000