0 0.100003 0.768750 0.187500 0.125000
0 0.367191 0.314063 0.187500 0.125000
0 0.475003 0.304688 0.187500 0.125000
0 0.424997 0.401562 0.187500 0.125000
0 0.314063 0.406250 0.187500 0.125000
0 0.256247 0.495313 0.187500 0.125000
0 0.632812 0.214062 0.187500 0.125000
0 0.687497 0.125000 0.187500 0.125000
0 0.578128 0.121875 0.187500 0.125000
0 0.626559 0.045312 0.187500 0.090625
0 0.737503 0.046094 0.187500 0.092188
1 0.934377 0.214062 0.131247 0.125000
1 0.898434 0.128125 0.187500 0.125000
1 0.845316 0.217187 0.187500 0.125000
1 0.793753 0.125000 0.187500 0.125000
3 0.364059 0.495313 0.187500 0.125000
3 0.206250 0.585938 0.187500 0.125000
3 0.148434 0.675000 0.187500 0.125000
3 0.067969 0.496875 0.135937 0.125000
3 0.143747 0.304688 0.187500 0.125000
3 0.065625 0.309375 0.131250 0.125000