4 0.512503 0.842187 0.187500 0.125000
4 0.080470 0.459375 0.160941 0.125000
4 0.409378 0.075000 0.187500 0.125000
3 0.926562 0.164062 0.146875 0.125000
3 0.828122 0.160938 0.187500 0.125000
3 0.649997 0.067187 0.187500 0.125000
3 0.593747 0.171875 0.187500 0.125000
3 0.665625 0.268750 0.187500 0.125000
3 0.534375 0.267188 0.187500 0.125000
3 0.601566 0.362500 0.187500 0.125000
3 0.714066 0.357812 0.187500 0.125000
3 0.723441 0.535937 0.187500 0.125000
3 0.603122 0.545312 0.187500 0.125000
3 0.550003 0.450000 0.187500 0.125000
3 0.553125 0.626563 0.187500 0.125000
3 0.126562 0.367188 0.187500 0.125000
3 0.184378 0.275000 0.187500 0.125000
3 0.051562 0.367188 0.103125 0.125000
3 0.132816 0.554688 0.187500 0.125000