3 0.069530 0.957812 0.139059 0.084375
3 0.164062 0.958594 0.187500 0.082812
3 0.223434 0.885938 0.187500 0.125000
3 0.162497 0.790625 0.187500 0.125000
3 0.353128 0.871875 0.187500 0.125000
3 0.767184 0.942187 0.187500 0.115625
1 0.919531 0.662500 0.160937 0.125000
1 0.764062 0.573438 0.187500 0.125000
1 0.710934 0.671875 0.187500 0.125000
1 0.478125 0.671875 0.187500 0.125000
1 0.353128 0.679688 0.187500 0.125000
1 0.221878 0.693750 0.187500 0.125000
1 0.282816 0.600000 0.187500 0.125000
1 0.345309 0.507812 0.187500 0.125000
1 0.071873 0.610938 0.143747 0.125000