3 0.404691 0.401562 0.187500 0.125000
3 0.632812 0.403125 0.187500 0.125000
3 0.911717 0.301563 0.176566 0.125000
3 0.938281 0.406250 0.123437 0.125000
3 0.910156 0.503125 0.179688 0.125000
3 0.798441 0.503125 0.187500 0.125000
3 0.937498 0.607812 0.125003 0.125000
3 0.860934 0.609375 0.187500 0.125000
3 0.748434 0.606250 0.187500 0.125000
3 0.684375 0.703125 0.187500 0.125000
3 0.910156 0.712500 0.179688 0.125000
3 0.938281 0.807813 0.123437 0.125000
3 0.907813 0.907813 0.184375 0.125000
3 0.792188 0.903125 0.187500 0.125000
3 0.568753 0.700000 0.187500 0.125000
3 0.514059 0.610938 0.187500 0.125000
3 0.398438 0.600000 0.187500 0.125000
3 0.284372 0.600000 0.187500 0.125000
3 0.454688 0.706250 0.187500 0.125000
4 0.626559 0.795312 0.187500 0.125000
4 0.743747 0.800000 0.187500 0.125000
4 0.798441 0.707812 0.187500 0.125000
4 0.682809 0.896875 0.187500 0.125000
4 0.626559 0.966406 0.187500 0.067187
6 0.453122 0.892188 0.187500 0.125000
6 0.509372 0.964844 0.187500 0.070312