1 0.656250 0.315625 0.187500 0.125000
1 0.709378 0.404687 0.187500 0.125000
1 0.762497 0.315625 0.187500 0.125000
1 0.815625 0.412500 0.187500 0.125000
1 0.878128 0.320312 0.187500 0.125000
1 0.949217 0.317188 0.101566 0.125000
1 0.919531 0.412500 0.160937 0.125000
1 0.878128 0.495313 0.187500 0.125000
1 0.762497 0.496875 0.187500 0.125000
1 0.946095 0.500000 0.107809 0.125000
1 0.917970 0.585938 0.164059 0.125000
1 0.874997 0.673438 0.187500 0.125000
1 0.818747 0.773438 0.187500 0.125000
1 0.915627 0.773438 0.168747 0.125000
2 0.870309 0.865625 0.187500 0.125000
2 0.818747 0.948438 0.187500 0.103125
2 0.760941 0.868750 0.187500 0.125000
2 0.639066 0.868750 0.187500 0.125000
2 0.704691 0.785937 0.187500 0.125000
2 0.651563 0.685937 0.187500 0.125000
2 0.590625 0.596875 0.187500 0.125000
2 0.653128 0.504687 0.187500 0.125000
1 0.920314 0.220313 0.159372 0.125000
1 0.878128 0.126562 0.187500 0.125000