3 0.057811 0.076563 0.115622 0.125000
3 0.088280 0.173437 0.176559 0.125000
3 0.135937 0.075000 0.187500 0.125000
3 0.248437 0.076563 0.187500 0.125000
3 0.362503 0.079687 0.187500 0.125000
3 0.303122 0.170313 0.187500 0.125000
3 0.417188 0.173437 0.187500 0.125000
3 0.248437 0.265625 0.187500 0.125000
3 0.359372 0.267188 0.187500 0.125000
3 0.470316 0.265625 0.187500 0.125000
3 0.304688 0.353125 0.187500 0.125000
3 0.418753 0.350000 0.187500 0.125000
3 0.473437 0.442187 0.187500 0.125000
3 0.360938 0.442187 0.187500 0.125000