1 0.453122 0.901563 0.187500 0.125000
1 0.556247 0.895312 0.187500 0.125000
1 0.400003 0.961719 0.187500 0.076562
1 0.292191 0.962500 0.187500 0.075000
1 0.289059 0.809375 0.187500 0.125000
1 0.395316 0.631250 0.187500 0.125000
1 0.229687 0.537500 0.187500 0.125000
1 0.284372 0.260937 0.187500 0.125000
1 0.339066 0.165625 0.187500 0.125000
1 0.231253 0.159375 0.187500 0.125000
1 0.176559 0.257812 0.187500 0.125000
1 0.081248 0.254688 0.162497 0.125000
1 0.121875 0.162500 0.187500 0.125000
1 0.051562 0.160938 0.103125 0.125000
1 0.176559 0.071875 0.187500 0.125000
2 0.053123 0.534375 0.106247 0.125000
2 0.082814 0.626563 0.165628 0.125000
2 0.124997 0.715625 0.187500 0.125000
2 0.178125 0.807813 0.187500 0.125000
2 0.235941 0.895312 0.187500 0.125000