3 0.853125 0.955469 0.187500 0.089063
3 0.933594 0.959375 0.132812 0.081250
1 0.576562 0.696875 0.187500 0.125000
1 0.456253 0.693750 0.187500 0.125000
1 0.349997 0.692187 0.187500 0.125000
1 0.292191 0.598437 0.187500 0.125000
1 0.181247 0.585938 0.187500 0.125000
1 0.082031 0.593750 0.164062 0.125000
1 0.124997 0.687500 0.187500 0.125000
1 0.080470 0.771875 0.160941 0.125000
1 0.051562 0.676562 0.103125 0.125000
1 0.353128 0.504687 0.187500 0.125000
1 0.412500 0.414062 0.187500 0.125000
1 0.357816 0.325000 0.187500 0.125000
1 0.243750 0.317188 0.187500 0.125000
1 0.185934 0.407813 0.187500 0.125000
1 0.132816 0.314063 0.187500 0.125000
1 0.471872 0.323437 0.187500 0.125000
1 0.584372 0.325000 0.187500 0.125000
1 0.746878 0.420312 0.187500 0.125000
1 0.693750 0.507812 0.187500 0.125000
0 0.860934 0.423438 0.187500 0.125000
0 0.803128 0.139063 0.187500 0.125000
0 0.579684 0.137500 0.187500 0.125000
1 0.939842 0.235938 0.120316 0.125000
1 0.862500 0.239063 0.187500 0.125000
0 0.635934 0.228125 0.187500 0.125000
1 0.743747 0.607812 0.187500 0.125000
1 0.629691 0.603125 0.187500 0.125000
1 0.517191 0.601562 0.187500 0.125000