1 0.950783 0.562500 0.098434 0.125000
1 0.890625 0.560937 0.187500 0.125000
1 0.923436 0.657813 0.153128 0.125000
1 0.946873 0.746875 0.106253 0.125000
1 0.876563 0.750000 0.187500 0.125000
1 0.825000 0.646875 0.187500 0.125000
1 0.782813 0.557813 0.187500 0.125000
1 0.840628 0.465625 0.187500 0.125000
1 0.728128 0.471875 0.187500 0.125000
1 0.615628 0.464063 0.187500 0.125000
1 0.678122 0.556250 0.187500 0.125000
1 0.724997 0.650000 0.187500 0.125000
1 0.776559 0.746875 0.187500 0.125000
1 0.673434 0.753125 0.187500 0.125000
1 0.560934 0.751563 0.187500 0.125000
1 0.626559 0.656250 0.187500 0.125000
1 0.562500 0.567187 0.187500 0.125000
1 0.507816 0.465625 0.187500 0.125000
1 0.403125 0.467187 0.187500 0.125000
1 0.459375 0.564063 0.187500 0.125000
1 0.507816 0.657813 0.187500 0.125000
1 0.406247 0.657813 0.187500 0.125000
1 0.357816 0.562500 0.187500 0.125000
1 0.300000 0.465625 0.187500 0.125000
1 0.243750 0.562500 0.187500 0.125000
1 0.290625 0.657813 0.187500 0.125000
1 0.349997 0.753125 0.187500 0.125000
1 0.454688 0.750000 0.187500 0.125000
1 0.242184 0.754687 0.187500 0.125000
1 0.142191 0.739062 0.187500 0.125000
1 0.064064 0.745313 0.128128 0.125000
1 0.092189 0.650000 0.184378 0.125000
1 0.195309 0.660937 0.187500 0.125000
1 0.143747 0.557813 0.187500 0.125000
1 0.064064 0.559375 0.128128 0.125000
1 0.090623 0.470313 0.181247 0.125000
1 0.198441 0.468750 0.187500 0.125000