0 0.944530 0.254688 0.110941 0.125000
0 0.919531 0.167188 0.160937 0.125000
0 0.878128 0.076563 0.187500 0.125000
0 0.945312 0.078125 0.109375 0.125000
3 0.273441 0.871875 0.187500 0.125000
3 0.437503 0.789062 0.187500 0.125000
3 0.276562 0.692187 0.187500 0.125000
3 0.164062 0.692187 0.187500 0.125000
3 0.225000 0.604688 0.187500 0.125000
3 0.326559 0.606250 0.187500 0.125000
3 0.439059 0.606250 0.187500 0.125000
3 0.551559 0.604688 0.187500 0.125000
4 0.492188 0.521875 0.187500 0.125000
2 0.653128 0.607812 0.187500 0.125000