3 0.112500 0.031250 0.187500 0.062500
3 0.175003 0.090625 0.187500 0.125000
3 0.289059 0.085938 0.187500 0.125000
3 0.117188 0.182812 0.187500 0.125000
3 0.050780 0.184375 0.101559 0.125000
3 0.175003 0.273438 0.187500 0.125000
3 0.396872 0.090625 0.187500 0.125000
3 0.451566 0.173437 0.187500 0.125000
3 0.395316 0.262500 0.187500 0.125000
3 0.559378 0.179688 0.187500 0.125000
3 0.614062 0.085938 0.187500 0.125000
3 0.453122 0.359375 0.187500 0.125000
3 0.560934 0.356250 0.187500 0.125000
3 0.665625 0.353125 0.187500 0.125000
3 0.504684 0.445312 0.187500 0.125000
3 0.609375 0.442187 0.187500 0.125000
3 0.720309 0.443750 0.187500 0.125000