3 0.896878 0.890625 0.187500 0.125000
3 0.931250 0.955469 0.137500 0.089063
3 0.848437 0.957812 0.187500 0.084375
3 0.578128 0.885938 0.187500 0.125000
4 0.743747 0.787500 0.187500 0.125000
4 0.848437 0.790625 0.187500 0.125000
4 0.790622 0.885938 0.187500 0.125000
4 0.682809 0.884375 0.187500 0.125000
4 0.626559 0.957812 0.187500 0.084375
4 0.737503 0.958594 0.187500 0.082812
4 0.517191 0.957031 0.187500 0.085938
4 0.407813 0.957031 0.187500 0.085938
4 0.462497 0.885938 0.187500 0.125000
4 0.518747 0.792188 0.187500 0.125000
4 0.412500 0.793750 0.187500 0.125000
4 0.574997 0.700000 0.187500 0.125000
4 0.637500 0.603125 0.187500 0.125000
4 0.578128 0.509375 0.187500 0.125000
4 0.687497 0.506250 0.187500 0.125000
3 0.745313 0.415625 0.187500 0.125000
4 0.701559 0.314063 0.187500 0.125000
4 0.753122 0.215625 0.187500 0.125000
4 0.703125 0.121875 0.187500 0.125000
3 0.428128 0.225000 0.187500 0.125000
4 0.660937 0.040625 0.187500 0.081250
4 0.768750 0.037500 0.187500 0.075000