0 0.610941 0.932813 0.187500 0.125000
0 0.498441 0.937500 0.187500 0.125000
0 0.395316 0.938281 0.187500 0.123437
0 0.446878 0.848437 0.187500 0.125000
0 0.554691 0.846875 0.187500 0.125000
0 0.659372 0.843750 0.187500 0.125000
0 0.717187 0.935937 0.187500 0.125000
0 0.768750 0.842187 0.187500 0.125000
0 0.720309 0.751563 0.187500 0.125000
0 0.826566 0.753125 0.187500 0.125000
0 0.885938 0.846875 0.187500 0.125000
0 0.921092 0.751563 0.157816 0.125000
0 0.947656 0.659375 0.104688 0.125000
1 0.881250 0.664062 0.187500 0.125000
1 0.768750 0.664062 0.187500 0.125000
1 0.660937 0.665625 0.187500 0.125000
1 0.604688 0.746875 0.187500 0.125000
1 0.498441 0.751563 0.187500 0.125000
1 0.439059 0.665625 0.187500 0.125000
1 0.551559 0.664062 0.187500 0.125000
1 0.917970 0.571875 0.164059 0.125000
1 0.823434 0.571875 0.187500 0.125000
1 0.946873 0.479688 0.106253 0.125000
2 0.604688 0.575000 0.187500 0.125000
2 0.718753 0.575000 0.187500 0.125000
2 0.550003 0.487500 0.187500 0.125000
2 0.653128 0.485938 0.187500 0.125000
2 0.759375 0.476562 0.187500 0.125000
2 0.873441 0.478125 0.187500 0.125000
2 0.493753 0.392188 0.187500 0.125000
2 0.601566 0.395313 0.187500 0.125000
2 0.709378 0.392188 0.187500 0.125000
2 0.820312 0.384375 0.187500 0.125000
2 0.915627 0.387500 0.168747 0.125000
0 0.548438 0.298438 0.187500 0.125000
0 0.329691 0.295312 0.187500 0.125000
0 0.442191 0.300000 0.187500 0.125000
0 0.659372 0.298438 0.187500 0.125000
2 0.765628 0.301563 0.187500 0.125000
2 0.876563 0.296875 0.187500 0.125000
2 0.942969 0.292187 0.114062 0.125000
2 0.279684 0.210938 0.187500 0.125000
2 0.389062 0.207813 0.187500 0.125000
2 0.487500 0.206250 0.187500 0.125000
2 0.604688 0.207813 0.187500 0.125000
2 0.704691 0.209375 0.187500 0.125000
2 0.821878 0.206250 0.187500 0.125000
2 0.916405 0.201562 0.167191 0.125000