4 0.115628 0.615625 0.187500 0.125000
4 0.074220 0.526563 0.148441 0.125000
4 0.120316 0.240625 0.187500 0.125000
4 0.078908 0.146875 0.157816 0.125000
4 0.120316 0.057813 0.187500 0.115625
4 0.350003 0.055469 0.187500 0.110937
4 0.074220 0.334375 0.148441 0.125000
4 0.232816 0.240625 0.187500 0.125000
4 0.050783 0.057813 0.101566 0.115625
4 0.289066 0.142188 0.187500 0.125000
4 0.171878 0.526563 0.187500 0.125000
4 0.181253 0.142188 0.187500 0.125000
4 0.232816 0.055469 0.187500 0.110937
4 0.071877 0.704688 0.143753 0.125000
4 0.167191 0.339062 0.187500 0.125000
4 0.101566 0.789062 0.187500 0.125000
4 0.115628 0.432812 0.187500 0.125000
4 0.223441 0.601562 0.187500 0.125000
4 0.284378 0.521875 0.187500 0.125000
4 0.214066 0.775000 0.187500 0.125000
4 0.064845 0.878125 0.129691 0.125000
4 0.167191 0.695312 0.187500 0.125000
4 0.088283 0.945312 0.176566 0.109375
4 0.317191 0.751563 0.187500 0.125000
4 0.148441 0.864062 0.187500 0.125000
4 0.401566 0.146875 0.187500 0.125000