6 0.145313 0.498437 0.187500 0.125000
6 0.253125 0.495313 0.187500 0.125000
6 0.367191 0.489062 0.187500 0.125000
6 0.476559 0.485938 0.187500 0.125000
6 0.421875 0.393750 0.187500 0.125000
6 0.304688 0.396875 0.187500 0.125000
6 0.201562 0.409375 0.187500 0.125000
6 0.089062 0.409375 0.178125 0.125000
6 0.064064 0.504687 0.128128 0.125000
6 0.092967 0.598437 0.185934 0.125000
6 0.201562 0.592187 0.187500 0.125000
6 0.312497 0.584375 0.187500 0.125000
6 0.421875 0.589063 0.187500 0.125000
6 0.531253 0.582812 0.187500 0.125000
6 0.064842 0.687500 0.129684 0.125000
6 0.151566 0.685937 0.187500 0.125000
6 0.257812 0.687500 0.187500 0.125000
6 0.368747 0.687500 0.187500 0.125000
6 0.473438 0.682813 0.187500 0.125000