1 0.250003 0.961719 0.187500 0.076562
1 0.373434 0.800000 0.187500 0.125000
2 0.310941 0.900000 0.187500 0.125000
2 0.195309 0.892188 0.187500 0.125000
4 0.254691 0.804688 0.187500 0.125000
1 0.857812 0.901563 0.187500 0.125000
4 0.908595 0.964844 0.182809 0.070312
2 0.584372 0.801562 0.187500 0.125000
2 0.807816 0.809375 0.187500 0.125000
2 0.475003 0.964844 0.187500 0.070312
2 0.698438 0.434375 0.187500 0.125000
2 0.645309 0.348438 0.187500 0.125000
2 0.592191 0.251563 0.187500 0.125000
1 0.375000 0.057813 0.187500 0.115625