3 0.909373 0.578125 0.181253 0.125000
3 0.514059 0.881250 0.187500 0.125000
6 0.573441 0.776563 0.187500 0.125000
6 0.457809 0.775000 0.187500 0.125000
6 0.909373 0.779687 0.181253 0.125000
6 0.856247 0.884375 0.187500 0.125000
6 0.229687 0.775000 0.187500 0.125000
6 0.115622 0.770312 0.187500 0.125000
6 0.050780 0.771875 0.101559 0.125000
6 0.076561 0.875000 0.153122 0.125000
6 0.171872 0.668750 0.187500 0.125000
4 0.077344 0.671875 0.154688 0.125000
4 0.289059 0.667188 0.187500 0.125000
4 0.401559 0.668750 0.187500 0.125000
4 0.515625 0.670312 0.187500 0.125000
4 0.632812 0.665625 0.187500 0.125000
4 0.690628 0.568750 0.187500 0.125000
4 0.574997 0.560937 0.187500 0.125000
4 0.465628 0.560937 0.187500 0.125000
4 0.801562 0.570312 0.187500 0.125000
4 0.865622 0.467187 0.187500 0.125000
4 0.745313 0.468750 0.187500 0.125000
4 0.637500 0.462500 0.187500 0.125000
4 0.520312 0.453125 0.187500 0.125000
4 0.940625 0.462500 0.118750 0.125000
4 0.912500 0.364063 0.175000 0.125000
4 0.809372 0.364063 0.187500 0.125000
4 0.700003 0.357812 0.187500 0.125000
4 0.582816 0.345313 0.187500 0.125000
4 0.459375 0.346875 0.187500 0.125000
6 0.523434 0.250000 0.187500 0.125000
6 0.660937 0.251563 0.187500 0.125000
6 0.793753 0.257812 0.187500 0.125000
6 0.925002 0.256250 0.149997 0.125000
4 0.407813 0.457812 0.187500 0.125000
4 0.345309 0.557813 0.187500 0.125000
4 0.231253 0.564063 0.187500 0.125000
4 0.115622 0.562500 0.187500 0.125000
4 0.046875 0.562500 0.093750 0.125000
4 0.076561 0.456250 0.153122 0.125000
2 0.173438 0.875000 0.187500 0.125000
2 0.343753 0.771875 0.187500 0.125000
2 0.289059 0.878125 0.187500 0.125000
2 0.396872 0.875000 0.187500 0.125000
2 0.120309 0.955469 0.187500 0.089063
2 0.232809 0.957031 0.187500 0.085938