3 0.052345 0.453125 0.104691 0.125000
3 0.175003 0.365625 0.187500 0.125000
3 0.279684 0.362500 0.187500 0.125000
3 0.228122 0.459375 0.187500 0.125000
3 0.498441 0.368750 0.187500 0.125000
3 0.445312 0.275000 0.187500 0.125000
3 0.340622 0.264062 0.187500 0.125000
3 0.231253 0.259375 0.187500 0.125000
1 0.126562 0.831250 0.187500 0.125000
1 0.345309 0.654687 0.187500 0.125000
1 0.450000 0.646875 0.187500 0.125000
1 0.393750 0.921875 0.187500 0.125000
1 0.454688 0.828125 0.187500 0.125000
1 0.510938 0.739062 0.187500 0.125000
1 0.614062 0.740625 0.187500 0.125000
1 0.723441 0.745313 0.187500 0.125000
1 0.673434 0.646875 0.187500 0.125000
2 0.056250 0.829688 0.112500 0.125000
2 0.499997 0.923438 0.187500 0.125000
2 0.715622 0.929688 0.187500 0.125000
2 0.779691 0.842187 0.187500 0.125000
2 0.807816 0.931250 0.187500 0.125000
2 0.871875 0.835938 0.187500 0.125000
2 0.948439 0.839063 0.103122 0.125000