0 0.933594 0.339062 0.132812 0.125000
0 0.907813 0.434375 0.184375 0.125000
0 0.935937 0.528125 0.128125 0.125000
0 0.851559 0.525000 0.187500 0.125000
0 0.790622 0.432812 0.187500 0.125000
0 0.734372 0.329688 0.187500 0.125000
0 0.848438 0.334375 0.187500 0.125000
0 0.898434 0.239063 0.187500 0.125000
0 0.785934 0.234375 0.187500 0.125000
0 0.673434 0.229687 0.187500 0.125000
0 0.723441 0.132812 0.187500 0.125000
0 0.843750 0.140625 0.187500 0.125000
0 0.931250 0.146875 0.137500 0.125000
0 0.900000 0.055469 0.187500 0.110937
0 0.785934 0.052344 0.187500 0.104688
0 0.665625 0.048438 0.187500 0.096875
3 0.320316 0.042188 0.187500 0.084375
3 0.135937 0.110937 0.187500 0.125000
3 0.262500 0.117188 0.187500 0.125000
3 0.320316 0.409375 0.187500 0.125000
3 0.450000 0.415625 0.187500 0.125000
3 0.379688 0.515625 0.187500 0.125000
3 0.150000 0.501563 0.187500 0.125000
4 0.206250 0.609375 0.187500 0.125000
4 0.203128 0.790625 0.187500 0.125000
6 0.432816 0.046094 0.187500 0.092188
6 0.553125 0.048438 0.187500 0.096875
6 0.379688 0.125000 0.187500 0.125000
6 0.609375 0.131250 0.187500 0.125000
6 0.201562 0.214062 0.187500 0.125000
6 0.151566 0.304688 0.187500 0.125000
6 0.092189 0.403125 0.184378 0.125000
6 0.062498 0.300000 0.124997 0.125000
6 0.089063 0.207813 0.178125 0.125000
6 0.060155 0.107813 0.120309 0.125000