1 0.056250 0.479688 0.112500 0.125000
1 0.129684 0.481250 0.187500 0.125000
1 0.243750 0.479688 0.187500 0.125000
1 0.303122 0.387500 0.187500 0.125000
1 0.301566 0.582812 0.187500 0.125000
1 0.235941 0.675000 0.187500 0.125000
1 0.081248 0.571875 0.162497 0.125000
1 0.356250 0.676562 0.187500 0.125000
1 0.473438 0.670312 0.187500 0.125000
1 0.582816 0.676562 0.187500 0.125000
1 0.643753 0.582812 0.187500 0.125000
1 0.757809 0.584375 0.187500 0.125000
1 0.815625 0.484375 0.187500 0.125000
1 0.873441 0.387500 0.187500 0.125000
1 0.645309 0.385937 0.187500 0.125000
1 0.871875 0.579688 0.187500 0.125000
1 0.946095 0.578125 0.107809 0.125000
1 0.917188 0.679688 0.165625 0.125000
1 0.706247 0.676562 0.187500 0.125000
1 0.526566 0.775000 0.187500 0.125000
1 0.412500 0.775000 0.187500 0.125000
1 0.296878 0.771875 0.187500 0.125000
1 0.239063 0.865625 0.187500 0.125000
1 0.348441 0.871875 0.187500 0.125000
1 0.467184 0.870313 0.187500 0.125000
1 0.123441 0.867188 0.187500 0.125000
1 0.301566 0.951562 0.187500 0.096875
1 0.079687 0.950000 0.159375 0.100000
1 0.050780 0.870313 0.101559 0.125000
1 0.079687 0.767188 0.159375 0.125000
1 0.534375 0.950000 0.187500 0.100000
1 0.587503 0.867188 0.187500 0.125000
1 0.815625 0.875000 0.187500 0.125000
3 0.947656 0.184375 0.104688 0.125000
4 0.825000 0.089062 0.187500 0.125000
4 0.921875 0.087500 0.156250 0.125000
1 0.242184 0.482812 0.187500 0.125000
1 0.048436 0.857812 0.096872 0.125000
1 0.114066 0.859375 0.187500 0.125000
1 0.079687 0.760938 0.159375 0.125000