4 0.862500 0.064062 0.187500 0.125000
4 0.806250 0.173437 0.187500 0.125000
4 0.693750 0.165625 0.187500 0.125000
4 0.521878 0.265625 0.187500 0.125000
1 0.643753 0.273438 0.187500 0.125000
1 0.760941 0.279687 0.187500 0.125000
1 0.873441 0.279687 0.187500 0.125000
1 0.703125 0.375000 0.187500 0.125000
1 0.814059 0.379688 0.187500 0.125000
1 0.643753 0.476562 0.187500 0.125000
1 0.754687 0.476562 0.187500 0.125000
1 0.917970 0.167187 0.164059 0.125000
1 0.916405 0.373437 0.167191 0.125000
1 0.945312 0.279687 0.109375 0.125000
1 0.917188 0.579688 0.165625 0.125000
1 0.815625 0.576562 0.187500 0.125000
1 0.704691 0.576562 0.187500 0.125000
1 0.762497 0.671875 0.187500 0.125000
1 0.590625 0.768750 0.187500 0.125000
1 0.537497 0.673438 0.187500 0.125000
1 0.701559 0.771875 0.187500 0.125000
1 0.812503 0.775000 0.187500 0.125000
1 0.751566 0.862500 0.187500 0.125000
1 0.703125 0.948438 0.187500 0.103125
1 0.911717 0.951562 0.176566 0.096875
3 0.806250 0.950781 0.187500 0.098437
3 0.590625 0.953906 0.187500 0.092187
3 0.531253 0.873437 0.187500 0.125000
3 0.473437 0.775000 0.187500 0.125000
3 0.417188 0.865625 0.187500 0.125000
3 0.360938 0.950781 0.187500 0.098437
3 0.237497 0.776563 0.187500 0.125000
3 0.300000 0.868750 0.187500 0.125000
3 0.240628 0.950781 0.187500 0.098437
3 0.357816 0.776563 0.187500 0.125000
3 0.292191 0.673438 0.187500 0.125000
3 0.353128 0.576562 0.187500 0.125000
3 0.414066 0.473437 0.187500 0.125000
3 0.531253 0.471875 0.187500 0.125000
3 0.478125 0.573438 0.187500 0.125000
3 0.590625 0.576562 0.187500 0.125000
3 0.465628 0.370312 0.187500 0.125000
3 0.584372 0.376563 0.187500 0.125000