3 0.055467 0.467187 0.110934 0.125000
3 0.548438 0.660937 0.187500 0.125000
3 0.493753 0.750000 0.187500 0.125000
3 0.181247 0.743750 0.187500 0.125000
3 0.554691 0.473437 0.187500 0.125000
3 0.443747 0.292187 0.187500 0.125000
3 0.059377 0.279687 0.118753 0.125000
4 0.085158 0.178125 0.170316 0.125000
4 0.181247 0.185938 0.187500 0.125000
4 0.289059 0.185938 0.187500 0.125000
4 0.385941 0.190625 0.187500 0.125000
4 0.339066 0.281250 0.187500 0.125000
4 0.240628 0.276562 0.187500 0.125000
4 0.126562 0.276562 0.187500 0.125000