4 0.479691 0.768750 0.187500 0.125000
4 0.253125 0.762500 0.187500 0.125000
4 0.140625 0.764062 0.187500 0.125000
4 0.598434 0.598437 0.187500 0.125000
4 0.923436 0.598437 0.153128 0.125000
4 0.717187 0.423438 0.187500 0.125000
4 0.546872 0.335938 0.187500 0.125000
4 0.925002 0.243750 0.149997 0.125000
4 0.492188 0.242188 0.187500 0.125000
3 0.604688 0.243750 0.187500 0.125000
3 0.775003 0.151562 0.187500 0.125000
3 0.368747 0.593750 0.187500 0.125000
3 0.881250 0.332813 0.187500 0.125000
3 0.949217 0.153125 0.101566 0.125000