6 0.915627 0.457812 0.168747 0.125000
6 0.867188 0.357812 0.187500 0.125000
6 0.814059 0.253125 0.187500 0.125000
6 0.754687 0.156250 0.187500 0.125000
6 0.878128 0.567187 0.187500 0.125000
6 0.762497 0.564063 0.187500 0.125000
6 0.657816 0.565625 0.187500 0.125000
6 0.707812 0.464063 0.187500 0.125000
6 0.710934 0.665625 0.187500 0.125000
6 0.821878 0.667188 0.187500 0.125000
6 0.764062 0.767188 0.187500 0.125000
6 0.879684 0.762500 0.187500 0.125000
6 0.818747 0.860938 0.187500 0.125000
6 0.818747 0.460938 0.187500 0.125000
6 0.756253 0.356250 0.187500 0.125000
6 0.918748 0.664062 0.162503 0.125000
6 0.941408 0.560937 0.117184 0.125000