6 0.942969 0.775000 0.114062 0.125000
6 0.865622 0.770312 0.187500 0.125000
6 0.757809 0.771875 0.187500 0.125000
6 0.809372 0.875000 0.187500 0.125000
6 0.914061 0.668750 0.171878 0.125000
4 0.810937 0.671875 0.187500 0.125000
4 0.943752 0.564063 0.112497 0.125000
4 0.865622 0.562500 0.187500 0.125000
4 0.750000 0.562500 0.187500 0.125000
4 0.698438 0.454688 0.187500 0.125000
4 0.809372 0.456250 0.187500 0.125000
6 0.642188 0.562500 0.187500 0.125000
6 0.587503 0.667188 0.187500 0.125000
2 0.701559 0.668750 0.187500 0.125000
2 0.639066 0.771875 0.187500 0.125000
2 0.695316 0.871875 0.187500 0.125000
2 0.587503 0.875000 0.187500 0.125000
2 0.526566 0.770312 0.187500 0.125000
2 0.642188 0.956250 0.187500 0.087500
2 0.914844 0.875000 0.170312 0.125000
2 0.870309 0.955469 0.187500 0.089063
2 0.944530 0.957031 0.110941 0.085938
2 0.532809 0.957031 0.187500 0.085938
2 0.426562 0.957812 0.187500 0.084375
2 0.470316 0.878125 0.187500 0.125000
2 0.356250 0.870313 0.187500 0.125000
2 0.417188 0.770312 0.187500 0.125000
6 0.471872 0.667188 0.187500 0.125000
6 0.360938 0.659375 0.187500 0.125000
6 0.306253 0.765625 0.187500 0.125000
6 0.192188 0.762500 0.187500 0.125000
6 0.126562 0.867188 0.187500 0.125000
2 0.246872 0.865625 0.187500 0.125000
4 0.246872 0.659375 0.187500 0.125000
4 0.131250 0.659375 0.187500 0.125000
2 0.083592 0.757812 0.167184 0.125000
2 0.053906 0.865625 0.107813 0.125000
6 0.054689 0.653125 0.109378 0.125000