2 0.057033 0.218750 0.114066 0.125000
2 0.081248 0.120312 0.162497 0.125000
2 0.053123 0.046875 0.106247 0.093750
1 0.298434 0.490625 0.187500 0.125000
1 0.195309 0.676562 0.187500 0.125000
1 0.146878 0.767188 0.187500 0.125000
1 0.064842 0.773438 0.129684 0.125000
1 0.089063 0.684375 0.178125 0.125000
1 0.256247 0.768750 0.187500 0.125000
1 0.467184 0.768750 0.187500 0.125000
1 0.523434 0.681250 0.187500 0.125000
1 0.629691 0.676562 0.187500 0.125000
1 0.576562 0.767188 0.187500 0.125000
1 0.685941 0.765625 0.187500 0.125000