0 0.091406 0.050781 0.182812 0.101562
0 0.063281 0.131250 0.126562 0.125000
0 0.640622 0.055469 0.187500 0.110937
3 0.061720 0.320312 0.123441 0.125000
3 0.198441 0.228125 0.187500 0.125000
3 0.304688 0.232812 0.187500 0.125000
3 0.417188 0.234375 0.187500 0.125000
3 0.360938 0.325000 0.187500 0.125000
3 0.250003 0.326562 0.187500 0.125000
3 0.192188 0.418750 0.187500 0.125000
3 0.246872 0.509375 0.187500 0.125000
3 0.301566 0.604688 0.187500 0.125000
3 0.356250 0.701562 0.187500 0.125000
3 0.189066 0.607812 0.187500 0.125000
3 0.089845 0.606250 0.179691 0.125000
3 0.059377 0.515625 0.118753 0.125000
3 0.057811 0.698438 0.115622 0.125000
3 0.521878 0.609375 0.187500 0.125000
3 0.412500 0.421875 0.187500 0.125000
3 0.787500 0.892188 0.187500 0.125000
3 0.681253 0.893750 0.187500 0.125000
3 0.931250 0.801562 0.137500 0.125000
3 0.512503 0.959375 0.187500 0.081250