3 0.903122 0.515625 0.187500 0.125000
3 0.568753 0.714063 0.187500 0.125000
3 0.690628 0.907813 0.187500 0.125000
3 0.806250 0.909375 0.187500 0.125000
3 0.856247 0.815625 0.187500 0.125000
6 0.462497 0.909375 0.187500 0.125000
6 0.348441 0.909375 0.187500 0.125000
6 0.234375 0.914062 0.187500 0.125000
6 0.176559 0.818750 0.187500 0.125000
6 0.226566 0.721875 0.187500 0.125000
6 0.164062 0.623437 0.187500 0.125000
6 0.101559 0.523438 0.187500 0.125000
6 0.154688 0.423438 0.187500 0.125000
6 0.092189 0.326562 0.184378 0.125000