0 0.053123 0.060937 0.106247 0.121875
0 0.129684 0.057031 0.187500 0.114062
0 0.245316 0.061719 0.187500 0.123438
0 0.364059 0.059375 0.187500 0.118750
0 0.481247 0.060156 0.187500 0.120313
0 0.593747 0.057813 0.187500 0.115625
0 0.707812 0.057813 0.187500 0.115625
0 0.817191 0.055469 0.187500 0.110937
1 0.917188 0.056250 0.165625 0.112500
0 0.126562 0.250000 0.187500 0.125000
0 0.190622 0.339062 0.187500 0.125000
0 0.246872 0.245312 0.187500 0.125000
0 0.364059 0.246875 0.187500 0.125000
0 0.307809 0.156250 0.187500 0.125000
0 0.418753 0.148438 0.187500 0.125000
0 0.085158 0.345313 0.170316 0.125000
0 0.251559 0.435937 0.187500 0.125000
0 0.304688 0.340625 0.187500 0.125000
0 0.417187 0.340625 0.187500 0.125000
0 0.473437 0.428125 0.187500 0.125000
0 0.534375 0.521875 0.187500 0.125000
0 0.600000 0.618750 0.187500 0.125000
0 0.665625 0.715625 0.187500 0.125000
0 0.721875 0.817187 0.187500 0.125000
0 0.775003 0.914062 0.187500 0.125000