4 0.390628 0.100000 0.187500 0.125000
4 0.662503 0.390625 0.187500 0.125000
4 0.446878 0.193750 0.187500 0.125000
4 0.320316 0.775000 0.187500 0.125000
4 0.550003 0.779687 0.187500 0.125000
4 0.775003 0.592187 0.187500 0.125000
4 0.498441 0.095312 0.187500 0.125000
4 0.657816 0.587500 0.187500 0.125000
4 0.887503 0.784375 0.187500 0.125000
4 0.390628 0.287500 0.187500 0.125000
4 0.927345 0.690625 0.145309 0.125000
4 0.165628 0.090625 0.187500 0.125000
4 0.217191 0.385937 0.187500 0.125000
4 0.606253 0.685937 0.187500 0.125000
4 0.610941 0.493750 0.187500 0.125000
4 0.657816 0.784375 0.187500 0.125000
4 0.657816 0.954688 0.187500 0.090625
4 0.437503 0.952344 0.187500 0.095313
4 0.550003 0.390625 0.187500 0.125000
4 0.066408 0.671875 0.132816 0.125000
4 0.066408 0.484375 0.132816 0.125000
4 0.601566 0.873437 0.187500 0.125000
4 0.212503 0.189063 0.187500 0.125000
4 0.339066 0.193750 0.187500 0.125000
4 0.329691 0.381250 0.187500 0.125000
4 0.437503 0.385937 0.187500 0.125000
4 0.550003 0.592187 0.187500 0.125000
4 0.770316 0.957031 0.187500 0.085938
4 0.718753 0.493750 0.187500 0.125000
4 0.545316 0.952344 0.187500 0.095313
4 0.156253 0.484375 0.187500 0.125000
4 0.714066 0.878125 0.187500 0.125000
4 0.268753 0.484375 0.187500 0.125000
4 0.831253 0.882812 0.187500 0.125000
4 0.273441 0.287500 0.187500 0.125000
4 0.068752 0.292187 0.137503 0.125000
4 0.104691 0.381250 0.187500 0.125000
4 0.071095 0.090625 0.142191 0.125000
4 0.100003 0.184375 0.187500 0.125000
4 0.920314 0.882812 0.159372 0.125000
4 0.882816 0.959375 0.187500 0.081250
4 0.268753 0.868750 0.187500 0.125000
4 0.100003 0.582812 0.187500 0.125000
4 0.610941 0.292187 0.187500 0.125000
4 0.381253 0.681250 0.187500 0.125000
4 0.779691 0.789062 0.187500 0.125000
4 0.498441 0.287500 0.187500 0.125000
3 0.835941 0.489062 0.187500 0.125000
3 0.493753 0.685937 0.187500 0.125000
3 0.212503 0.775000 0.187500 0.125000
3 0.714066 0.685937 0.187500 0.125000
3 0.437503 0.775000 0.187500 0.125000
3 0.268753 0.681250 0.187500 0.125000
3 0.100003 0.770312 0.187500 0.125000
3 0.381253 0.484375 0.187500 0.125000
3 0.932033 0.296875 0.135934 0.125000
3 0.610941 0.100000 0.187500 0.125000
3 0.064064 0.873437 0.128128 0.125000
3 0.925002 0.489062 0.149997 0.125000
3 0.779691 0.390625 0.187500 0.125000
3 0.278128 0.095312 0.187500 0.125000
3 0.207816 0.950000 0.187500 0.100000
3 0.156253 0.676562 0.187500 0.125000
3 0.892191 0.587500 0.187500 0.125000
3 0.160941 0.287500 0.187500 0.125000
3 0.092189 0.950000 0.184378 0.100000
3 0.887503 0.395313 0.187500 0.125000
3 0.217191 0.578125 0.187500 0.125000
3 0.325003 0.578125 0.187500 0.125000
3 0.489066 0.489062 0.187500 0.125000
3 0.437503 0.587500 0.187500 0.125000
3 0.376566 0.873437 0.187500 0.125000
3 0.165628 0.882812 0.187500 0.125000