1 0.528122 0.046094 0.187500 0.092188
1 0.423441 0.047656 0.187500 0.095312
1 0.367191 0.125000 0.187500 0.125000
1 0.315628 0.218750 0.187500 0.125000
1 0.262500 0.310937 0.187500 0.125000
1 0.212503 0.214062 0.187500 0.125000
1 0.260934 0.123438 0.187500 0.125000
1 0.148434 0.128125 0.187500 0.125000
1 0.095316 0.217187 0.187500 0.125000
1 0.068752 0.125000 0.137503 0.125000
2 0.367191 0.312500 0.187500 0.125000
2 0.475003 0.315625 0.187500 0.125000
2 0.582816 0.307812 0.187500 0.125000
2 0.693750 0.310937 0.187500 0.125000
2 0.531253 0.409375 0.187500 0.125000
2 0.578128 0.503125 0.187500 0.125000
2 0.640622 0.589063 0.187500 0.125000
2 0.695316 0.675000 0.187500 0.125000
2 0.642188 0.770312 0.187500 0.125000
2 0.589059 0.854688 0.187500 0.125000
2 0.318750 0.942969 0.187500 0.114062