1 0.859378 0.385937 0.187500 0.125000
1 0.807816 0.479688 0.187500 0.125000
1 0.746878 0.385937 0.187500 0.125000
1 0.692184 0.481250 0.187500 0.125000
1 0.628125 0.387500 0.187500 0.125000
1 0.690628 0.293750 0.187500 0.125000
1 0.804684 0.300000 0.187500 0.125000
1 0.518747 0.384375 0.187500 0.125000
1 0.579684 0.293750 0.187500 0.125000
1 0.460941 0.287500 0.187500 0.125000
1 0.354684 0.282813 0.187500 0.125000
1 0.292191 0.375000 0.187500 0.125000
1 0.349997 0.473437 0.187500 0.125000
1 0.460941 0.473437 0.187500 0.125000
1 0.231253 0.464063 0.187500 0.125000
1 0.289059 0.570312 0.187500 0.125000
1 0.406247 0.562500 0.187500 0.125000
1 0.520312 0.570312 0.187500 0.125000
1 0.050002 0.456250 0.100003 0.125000
1 0.075783 0.368750 0.151566 0.125000
1 0.047658 0.275000 0.095316 0.125000
1 0.112500 0.279687 0.187500 0.125000
2 0.860934 0.195312 0.187500 0.125000
2 0.940625 0.190625 0.118750 0.125000
2 0.943752 0.031250 0.112497 0.062500