4 0.080470 0.529687 0.160941 0.125000
4 0.173438 0.528125 0.187500 0.125000
4 0.117188 0.612500 0.187500 0.125000
4 0.226566 0.620313 0.187500 0.125000
4 0.281250 0.529687 0.187500 0.125000
4 0.168750 0.706250 0.187500 0.125000
4 0.279684 0.709375 0.187500 0.125000
4 0.331247 0.618750 0.187500 0.125000
4 0.226566 0.796875 0.187500 0.125000
6 0.117188 0.793750 0.187500 0.125000
6 0.168750 0.882812 0.187500 0.125000
6 0.078127 0.885938 0.156253 0.125000
6 0.050002 0.957812 0.100003 0.084375
4 0.055467 0.251563 0.110934 0.125000