3 0.765628 0.068750 0.187500 0.125000
3 0.656250 0.061719 0.187500 0.123438
3 0.710934 0.159375 0.187500 0.125000
3 0.770316 0.257812 0.187500 0.125000
3 0.717187 0.353125 0.187500 0.125000
3 0.660937 0.251563 0.187500 0.125000
3 0.551559 0.251563 0.187500 0.125000
3 0.498441 0.348438 0.187500 0.125000
3 0.606253 0.342187 0.187500 0.125000
3 0.553125 0.440625 0.187500 0.125000
3 0.662503 0.442187 0.187500 0.125000
3 0.721875 0.535937 0.187500 0.125000
3 0.618750 0.537500 0.187500 0.125000
3 0.440625 0.437500 0.187500 0.125000
3 0.382809 0.350000 0.187500 0.125000
3 0.442191 0.253125 0.187500 0.125000
3 0.492188 0.165625 0.187500 0.125000
3 0.429684 0.064062 0.187500 0.125000
3 0.382809 0.159375 0.187500 0.125000
3 0.323437 0.253125 0.187500 0.125000
3 0.273441 0.348438 0.187500 0.125000
3 0.218747 0.431250 0.187500 0.125000
3 0.278128 0.531250 0.187500 0.125000
3 0.334378 0.437500 0.187500 0.125000
3 0.392184 0.526563 0.187500 0.125000
3 0.332813 0.615625 0.187500 0.125000
3 0.446878 0.625000 0.187500 0.125000
3 0.559378 0.625000 0.187500 0.125000
3 0.675000 0.626563 0.187500 0.125000
3 0.889059 0.634375 0.187500 0.125000
3 0.832809 0.721875 0.187500 0.125000
3 0.614062 0.717187 0.187500 0.125000
3 0.509372 0.717187 0.187500 0.125000
3 0.393750 0.714063 0.187500 0.125000
3 0.284372 0.714063 0.187500 0.125000
3 0.226566 0.621875 0.187500 0.125000
3 0.168750 0.712500 0.187500 0.125000
3 0.115622 0.621875 0.187500 0.125000
3 0.165628 0.529687 0.187500 0.125000