4 0.123441 0.953906 0.187500 0.092187
4 0.590625 0.768750 0.187500 0.125000
4 0.701559 0.768750 0.187500 0.125000
4 0.756253 0.867188 0.187500 0.125000
4 0.919531 0.955469 0.160937 0.089063
6 0.700003 0.953125 0.187500 0.093750
6 0.814059 0.953125 0.187500 0.093750
6 0.874997 0.875000 0.187500 0.125000
6 0.817191 0.771875 0.187500 0.125000
6 0.919531 0.775000 0.160937 0.125000
6 0.873441 0.665625 0.187500 0.125000
6 0.756253 0.668750 0.187500 0.125000
6 0.643753 0.664062 0.187500 0.125000
6 0.703125 0.565625 0.187500 0.125000
6 0.815625 0.568750 0.187500 0.125000
6 0.757809 0.460938 0.187500 0.125000
6 0.700003 0.356250 0.187500 0.125000
6 0.818747 0.356250 0.187500 0.125000
6 0.640622 0.464063 0.187500 0.125000
6 0.582816 0.562500 0.187500 0.125000
6 0.467184 0.562500 0.187500 0.125000
6 0.410934 0.457812 0.187500 0.125000
6 0.295312 0.453125 0.187500 0.125000
6 0.179691 0.453125 0.187500 0.125000
6 0.118753 0.351562 0.187500 0.125000