1 0.307809 0.568750 0.187500 0.125000
1 0.417188 0.189063 0.187500 0.125000
1 0.357816 0.092188 0.187500 0.125000
1 0.195309 0.031250 0.187500 0.062500
2 0.086719 0.035156 0.173437 0.070312
2 0.060937 0.101562 0.121875 0.125000
2 0.089063 0.195312 0.178125 0.125000
2 0.061720 0.293750 0.123441 0.125000
2 0.091406 0.382812 0.182812 0.125000
2 0.063281 0.482812 0.126562 0.125000
1 0.473437 0.660937 0.187500 0.125000
3 0.632812 0.564063 0.187500 0.125000
3 0.685941 0.471875 0.187500 0.125000
3 0.799997 0.467187 0.187500 0.125000
3 0.901566 0.459375 0.187500 0.125000
3 0.851559 0.562500 0.187500 0.125000
3 0.793753 0.654687 0.187500 0.125000
3 0.936720 0.370312 0.126559 0.125000
3 0.851559 0.181250 0.187500 0.125000
3 0.793753 0.089062 0.187500 0.125000
6 0.935155 0.560937 0.129691 0.125000