6 0.515625 0.892188 0.187500 0.125000
6 0.617184 0.904687 0.187500 0.125000
6 0.731250 0.921875 0.187500 0.125000
6 0.834375 0.934375 0.187500 0.125000
4 0.928906 0.939063 0.142188 0.121875
6 0.085158 0.437500 0.170316 0.125000
4 0.187500 0.456250 0.187500 0.125000
4 0.289059 0.476562 0.187500 0.125000
6 0.240628 0.350000 0.187500 0.125000
6 0.145313 0.332813 0.187500 0.125000
4 0.064842 0.318750 0.129684 0.125000
4 0.095316 0.231250 0.187500 0.125000
4 0.063281 0.131250 0.126563 0.125000
4 0.092189 0.055469 0.184378 0.110937