0 0.523434 0.053906 0.187500 0.107813
0 0.731250 0.237500 0.187500 0.125000
0 0.215625 0.047656 0.187500 0.095312
3 0.075000 0.120312 0.150000 0.125000
3 0.157809 0.121875 0.187500 0.125000
3 0.365625 0.131250 0.187500 0.125000
3 0.468750 0.132812 0.187500 0.125000
3 0.259378 0.309375 0.187500 0.125000
3 0.359372 0.307812 0.187500 0.125000
3 0.470316 0.315625 0.187500 0.125000
3 0.573441 0.320312 0.187500 0.125000
3 0.518747 0.409375 0.187500 0.125000
3 0.417188 0.404687 0.187500 0.125000
3 0.307809 0.400000 0.187500 0.125000
3 0.256247 0.492188 0.187500 0.125000
3 0.359372 0.492188 0.187500 0.125000
3 0.465628 0.498437 0.187500 0.125000
3 0.415622 0.589063 0.187500 0.125000
3 0.514059 0.590625 0.187500 0.125000
3 0.257812 0.671875 0.187500 0.125000
3 0.360937 0.675000 0.187500 0.125000
3 0.460941 0.681250 0.187500 0.125000
3 0.570309 0.682813 0.187500 0.125000
3 0.617184 0.771875 0.187500 0.125000
3 0.517191 0.770312 0.187500 0.125000
3 0.410934 0.762500 0.187500 0.125000
3 0.298434 0.767188 0.187500 0.125000
3 0.210937 0.759375 0.187500 0.125000
3 0.100003 0.757812 0.187500 0.125000
3 0.068752 0.664062 0.137503 0.125000
3 0.199997 0.941406 0.187500 0.117188
3 0.251559 0.857812 0.187500 0.125000