1 0.215625 0.653125 0.187500 0.125000
1 0.326559 0.651563 0.187500 0.125000
1 0.379688 0.751563 0.187500 0.125000
1 0.431250 0.656250 0.187500 0.125000
1 0.545316 0.656250 0.187500 0.125000
1 0.653128 0.653125 0.187500 0.125000
1 0.760941 0.659375 0.187500 0.125000
1 0.710934 0.564063 0.187500 0.125000
2 0.167184 0.551562 0.187500 0.125000
2 0.109378 0.646875 0.187500 0.125000
2 0.070312 0.754687 0.140625 0.125000
2 0.096872 0.854688 0.187500 0.125000
2 0.209372 0.856250 0.187500 0.125000
2 0.323437 0.856250 0.187500 0.125000
3 0.821878 0.567187 0.187500 0.125000
3 0.946095 0.470313 0.107809 0.125000