2 0.920314 0.942969 0.159372 0.114062
2 0.821878 0.942187 0.187500 0.115625
3 0.704691 0.941406 0.187500 0.117188
3 0.589059 0.939063 0.187500 0.121875
3 0.470316 0.938281 0.187500 0.123437
3 0.357816 0.938281 0.187500 0.123437
3 0.243750 0.931250 0.187500 0.125000
3 0.128128 0.934375 0.187500 0.125000
3 0.048436 0.714063 0.096872 0.125000
3 0.115622 0.717187 0.187500 0.125000
3 0.080470 0.826562 0.160941 0.125000
3 0.182812 0.825000 0.187500 0.125000
3 0.298434 0.823438 0.187500 0.125000
3 0.232809 0.718750 0.187500 0.125000
3 0.292191 0.615625 0.187500 0.125000
3 0.120309 0.518750 0.187500 0.125000
3 0.049219 0.506250 0.098437 0.125000