1 0.942969 0.403125 0.114062 0.125000
1 0.941408 0.223438 0.117184 0.125000
1 0.865622 0.047656 0.187500 0.095312
6 0.093750 0.398438 0.187500 0.125000
6 0.206250 0.395313 0.187500 0.125000
6 0.323437 0.395313 0.187500 0.125000
6 0.421875 0.396875 0.187500 0.125000
6 0.532809 0.407813 0.187500 0.125000
6 0.068752 0.487500 0.137503 0.125000
6 0.098437 0.576562 0.187500 0.125000
6 0.154688 0.668750 0.187500 0.125000
6 0.214059 0.754687 0.187500 0.125000
6 0.267188 0.848437 0.187500 0.125000
6 0.321872 0.942969 0.187500 0.114062