2 0.072656 0.075000 0.145313 0.125000
2 0.157809 0.073437 0.187500 0.125000
2 0.265622 0.071875 0.187500 0.125000
2 0.373434 0.071875 0.187500 0.125000
2 0.206250 0.167187 0.187500 0.125000
2 0.104691 0.168750 0.187500 0.125000
2 0.075000 0.259375 0.150000 0.125000
2 0.156253 0.260937 0.187500 0.125000
2 0.267188 0.251563 0.187500 0.125000
2 0.048436 0.350000 0.096872 0.125000
2 0.107813 0.348438 0.187500 0.125000
2 0.214059 0.346875 0.187500 0.125000
2 0.318750 0.342187 0.187500 0.125000
2 0.071873 0.429688 0.143747 0.125000
2 0.162497 0.437500 0.187500 0.125000
2 0.267188 0.434375 0.187500 0.125000
2 0.375000 0.437500 0.187500 0.125000
2 0.047658 0.531250 0.095316 0.125000
2 0.110934 0.531250 0.187500 0.125000
2 0.210938 0.529687 0.187500 0.125000
2 0.323437 0.525000 0.187500 0.125000
2 0.079687 0.625000 0.159375 0.125000
2 0.160941 0.626563 0.187500 0.125000
2 0.268753 0.623437 0.187500 0.125000