0 0.281250 0.114062 0.187500 0.125000
0 0.456253 0.215625 0.187500 0.125000
0 0.628125 0.314063 0.187500 0.125000
0 0.689063 0.225000 0.187500 0.125000
0 0.565622 0.414062 0.187500 0.125000
0 0.751566 0.128125 0.187500 0.125000
0 0.803128 0.226562 0.187500 0.125000
0 0.742191 0.320312 0.187500 0.125000
0 0.873441 0.123438 0.187500 0.125000
0 0.950783 0.128125 0.098434 0.125000
3 0.681253 0.417187 0.187500 0.125000
3 0.393750 0.495313 0.187500 0.125000
3 0.382809 0.679688 0.187500 0.125000
3 0.096872 0.581250 0.187500 0.125000