0 0.901566 0.296875 0.187500 0.125000
0 0.799997 0.114062 0.187500 0.125000
0 0.698438 0.120312 0.187500 0.125000
0 0.637500 0.042188 0.187500 0.084375
0 0.632812 0.204688 0.187500 0.125000
0 0.578128 0.293750 0.187500 0.125000
0 0.626559 0.385937 0.187500 0.125000
0 0.735938 0.387500 0.187500 0.125000
0 0.521878 0.381250 0.187500 0.125000
0 0.412500 0.384375 0.187500 0.125000
0 0.471872 0.292187 0.187500 0.125000
0 0.360938 0.295312 0.187500 0.125000
0 0.253125 0.293750 0.187500 0.125000
0 0.414066 0.201562 0.187500 0.125000
0 0.478125 0.114062 0.187500 0.125000
0 0.095316 0.201562 0.187500 0.125000
0 0.067969 0.295312 0.135937 0.125000
0 0.357816 0.478125 0.187500 0.125000