3 0.760941 0.190625 0.187500 0.125000
3 0.546872 0.198437 0.187500 0.125000
3 0.387497 0.471875 0.187500 0.125000
3 0.115622 0.559375 0.187500 0.125000
3 0.229687 0.742188 0.187500 0.125000
3 0.335934 0.742188 0.187500 0.125000
3 0.278128 0.829688 0.187500 0.125000
3 0.332813 0.918750 0.187500 0.125000
3 0.437503 0.923438 0.187500 0.125000
3 0.545316 0.925000 0.187500 0.125000
3 0.489066 0.832812 0.187500 0.125000
3 0.082031 0.831250 0.164062 0.125000
3 0.056250 0.915625 0.112500 0.125000
6 0.052345 0.565625 0.104691 0.125000
6 0.080470 0.648438 0.160941 0.125000
6 0.170316 0.651563 0.187500 0.125000
6 0.281250 0.651563 0.187500 0.125000
6 0.389062 0.648438 0.187500 0.125000
6 0.332813 0.567187 0.187500 0.125000
6 0.276562 0.473437 0.187500 0.125000
6 0.226566 0.564063 0.187500 0.125000
6 0.053123 0.739062 0.106247 0.125000
6 0.117188 0.740625 0.187500 0.125000