3 0.053906 0.667188 0.107813 0.125000
3 0.080470 0.754687 0.160941 0.125000
3 0.131250 0.846875 0.187500 0.125000
3 0.189066 0.748437 0.187500 0.125000
3 0.242184 0.662500 0.187500 0.125000
3 0.082814 0.575000 0.165628 0.125000
3 0.182812 0.568750 0.187500 0.125000
3 0.124997 0.478125 0.187500 0.125000
3 0.298434 0.564063 0.187500 0.125000
3 0.348441 0.471875 0.187500 0.125000
3 0.404691 0.381250 0.187500 0.125000
3 0.462497 0.285938 0.187500 0.125000
3 0.517191 0.184375 0.187500 0.125000
3 0.568753 0.095312 0.187500 0.125000
3 0.625003 0.034375 0.187500 0.068750
3 0.515625 0.035937 0.187500 0.071875
3 0.400003 0.035937 0.187500 0.071875