1 0.334378 0.064062 0.187500 0.125000
1 0.389062 0.165625 0.187500 0.125000
1 0.446878 0.270313 0.187500 0.125000
1 0.499997 0.375000 0.187500 0.125000
1 0.276562 0.167187 0.187500 0.125000
1 0.446878 0.068750 0.187500 0.125000
2 0.562500 0.273438 0.187500 0.125000
2 0.668747 0.273438 0.187500 0.125000
2 0.779691 0.273438 0.187500 0.125000
2 0.901566 0.284375 0.187500 0.125000
2 0.843750 0.176563 0.187500 0.125000
2 0.729684 0.171875 0.187500 0.125000
2 0.610941 0.170313 0.187500 0.125000
2 0.675000 0.071875 0.187500 0.125000
2 0.778125 0.073437 0.187500 0.125000
2 0.896878 0.064062 0.187500 0.125000
2 0.728128 0.773438 0.187500 0.125000
2 0.837497 0.770312 0.187500 0.125000
2 0.929689 0.767188 0.140622 0.125000