0 0.160941 0.690625 0.187500 0.125000
4 0.050002 0.053125 0.100003 0.106250
4 0.760941 0.142188 0.187500 0.125000
4 0.507816 0.512500 0.187500 0.125000
4 0.582816 0.053125 0.187500 0.106250
4 0.470316 0.050781 0.187500 0.101562
4 0.704691 0.055469 0.187500 0.110937
4 0.756253 0.325000 0.187500 0.125000
4 0.634378 0.137500 0.187500 0.125000
4 0.826566 0.235938 0.187500 0.125000
4 0.676566 0.606250 0.187500 0.125000
4 0.927345 0.235938 0.145309 0.125000
4 0.826566 0.057813 0.187500 0.115625
4 0.798441 0.596875 0.187500 0.125000
4 0.071095 0.142188 0.142191 0.125000
4 0.803128 0.414062 0.187500 0.125000
4 0.882816 0.325000 0.187500 0.125000
4 0.390628 0.320312 0.187500 0.125000
4 0.296878 0.151562 0.187500 0.125000
4 0.610941 0.704688 0.187500 0.125000
4 0.690628 0.414062 0.187500 0.125000
4 0.235941 0.053125 0.187500 0.106250
4 0.742191 0.507812 0.187500 0.125000
4 0.123441 0.053125 0.187500 0.106250
4 0.950783 0.770312 0.098434 0.125000
4 0.137503 0.268750 0.187500 0.125000
3 0.100003 0.789062 0.187500 0.125000
3 0.667191 0.803125 0.187500 0.125000
3 0.329691 0.798438 0.187500 0.125000
3 0.268753 0.896875 0.187500 0.125000
3 0.165628 0.887500 0.187500 0.125000
3 0.573441 0.231250 0.187500 0.125000
3 0.690628 0.231250 0.187500 0.125000
3 0.104691 0.961719 0.187500 0.076562
3 0.446878 0.610938 0.187500 0.125000
3 0.629691 0.320312 0.187500 0.125000
3 0.906252 0.596875 0.187497 0.125000
3 0.390628 0.704688 0.187500 0.125000
3 0.559378 0.606250 0.187500 0.125000
3 0.456253 0.235938 0.187500 0.125000
3 0.451566 0.414062 0.187500 0.125000
3 0.498441 0.704688 0.187500 0.125000
3 0.545316 0.964063 0.187500 0.071875
3 0.517191 0.137500 0.187500 0.125000
3 0.437503 0.793750 0.187500 0.125000
3 0.385941 0.901563 0.187500 0.125000
3 0.217191 0.798438 0.187500 0.125000
3 0.550003 0.793750 0.187500 0.125000
3 0.489066 0.901563 0.187500 0.125000
3 0.073439 0.882812 0.146878 0.125000
3 0.320316 0.964063 0.187500 0.071875
3 0.929689 0.690625 0.140622 0.125000
3 0.437503 0.964063 0.187500 0.071875
3 0.653128 0.966406 0.187500 0.067187
3 0.709378 0.896875 0.187500 0.125000
3 0.765628 0.966406 0.187500 0.067187
3 0.915627 0.878125 0.168747 0.125000
3 0.840628 0.503125 0.187500 0.125000
3 0.831253 0.887500 0.187500 0.125000
3 0.864066 0.959375 0.187500 0.081250