3 0.804684 0.521875 0.187500 0.125000
3 0.629691 0.428125 0.187500 0.125000
3 0.573441 0.331250 0.187500 0.125000
3 0.792188 0.340625 0.187500 0.125000
3 0.573441 0.514062 0.187500 0.125000
3 0.637500 0.614062 0.187500 0.125000
3 0.410934 0.614062 0.187500 0.125000
3 0.295312 0.617188 0.187500 0.125000
3 0.584372 0.895312 0.187500 0.125000
3 0.298434 0.961719 0.187500 0.076562
3 0.242184 0.893750 0.187500 0.125000
3 0.359372 0.895312 0.187500 0.125000
3 0.176559 0.960938 0.187500 0.078125
4 0.414066 0.961719 0.187500 0.076562
4 0.414066 0.800000 0.187500 0.125000
4 0.289059 0.801562 0.187500 0.125000
4 0.346875 0.710938 0.187500 0.125000
4 0.229687 0.701562 0.187500 0.125000
4 0.106247 0.890625 0.187500 0.125000
4 0.073439 0.960156 0.146878 0.079688
4 0.842184 0.242188 0.187500 0.125000
4 0.682809 0.329688 0.187500 0.125000
4 0.889059 0.142187 0.187500 0.125000