3 0.309375 0.793750 0.187500 0.125000
0 0.417187 0.793750 0.187500 0.125000
0 0.528122 0.800000 0.187500 0.125000
0 0.578128 0.704688 0.187500 0.125000
0 0.470316 0.703125 0.187500 0.125000
0 0.368747 0.701562 0.187500 0.125000
0 0.314063 0.612500 0.187500 0.125000
0 0.209372 0.615625 0.187500 0.125000
0 0.423441 0.610938 0.187500 0.125000
0 0.525000 0.609375 0.187500 0.125000
0 0.632812 0.610938 0.187500 0.125000
0 0.746878 0.606250 0.187500 0.125000
0 0.693750 0.704688 0.187500 0.125000
0 0.639066 0.790625 0.187500 0.125000
0 0.581250 0.882812 0.187500 0.125000
6 0.206250 0.793750 0.187500 0.125000
6 0.092189 0.796875 0.184378 0.125000
6 0.154688 0.882812 0.187500 0.125000
6 0.067186 0.887500 0.134372 0.125000
0 0.799997 0.517188 0.187500 0.125000
0 0.689063 0.520312 0.187500 0.125000
0 0.585938 0.518750 0.187500 0.125000
2 0.906252 0.517188 0.187497 0.125000