1 0.926562 0.870313 0.146875 0.125000
1 0.951561 0.770312 0.096878 0.125000
1 0.887503 0.776563 0.187500 0.125000
1 0.839063 0.878125 0.187500 0.125000
1 0.901566 0.953906 0.187500 0.092187
1 0.793753 0.957031 0.187500 0.085938
1 0.723441 0.881250 0.187500 0.125000
1 0.620316 0.890625 0.187500 0.125000
1 0.507816 0.904687 0.187500 0.125000
1 0.390628 0.915625 0.187500 0.125000
1 0.279684 0.915625 0.187500 0.125000
1 0.171872 0.929688 0.187500 0.125000
1 0.078905 0.939844 0.157809 0.120313
1 0.434372 0.620313 0.187500 0.125000
1 0.371878 0.526563 0.187500 0.125000
1 0.421875 0.420312 0.187500 0.125000
1 0.145313 0.351562 0.187500 0.125000
1 0.257812 0.342187 0.187500 0.125000
1 0.359372 0.332813 0.187500 0.125000
1 0.473437 0.323437 0.187500 0.125000
1 0.531253 0.420312 0.187500 0.125000
1 0.643753 0.407813 0.187500 0.125000
1 0.754687 0.395313 0.187500 0.125000
1 0.856247 0.395313 0.187500 0.125000
1 0.812503 0.500000 0.187500 0.125000
1 0.703125 0.504687 0.187500 0.125000
1 0.593747 0.512500 0.187500 0.125000
1 0.764062 0.595313 0.187500 0.125000
1 0.653128 0.598437 0.187500 0.125000
1 0.818747 0.687500 0.187500 0.125000
1 0.712500 0.696875 0.187500 0.125000
1 0.775003 0.782813 0.187500 0.125000