1 0.073439 0.032031 0.146878 0.064062
1 0.193753 0.031250 0.187500 0.062500
1 0.315628 0.033594 0.187500 0.067187
1 0.132816 0.110937 0.187500 0.125000
1 0.262500 0.110937 0.187500 0.125000
1 0.440625 0.032031 0.187500 0.064062
2 0.498441 0.103125 0.187500 0.125000
2 0.614062 0.101562 0.187500 0.125000
2 0.445312 0.217187 0.187500 0.125000
2 0.556247 0.204688 0.187500 0.125000
6 0.326559 0.231250 0.187500 0.125000
2 0.199997 0.226562 0.187500 0.125000
1 0.082814 0.226562 0.165628 0.125000
2 0.046875 0.550000 0.093750 0.125000
2 0.080470 0.648438 0.160941 0.125000