0 0.715622 0.553125 0.187500 0.125000
0 0.654684 0.454688 0.187500 0.125000
0 0.595313 0.359375 0.187500 0.125000
1 0.531253 0.264062 0.187500 0.125000
1 0.700003 0.165625 0.187500 0.125000
0 0.587503 0.170313 0.187500 0.125000
2 0.470316 0.171875 0.187500 0.125000
0 0.418753 0.262500 0.187500 0.125000
0 0.479691 0.360938 0.187500 0.125000
0 0.535941 0.456250 0.187500 0.125000
0 0.770316 0.454688 0.187500 0.125000
0 0.248437 0.357812 0.187500 0.125000
0 0.315628 0.454688 0.187500 0.125000
0 0.256247 0.553125 0.187500 0.125000
0 0.143747 0.551562 0.187500 0.125000