0 0.135937 0.890625 0.187500 0.125000
0 0.360937 0.896875 0.187500 0.125000
0 0.475003 0.898438 0.187500 0.125000
0 0.087502 0.960156 0.175003 0.079688
0 0.193753 0.965625 0.187500 0.068750
0 0.300000 0.965625 0.187500 0.068750
0 0.414066 0.964844 0.187500 0.070312
0 0.523434 0.965625 0.187500 0.068750
2 0.243750 0.893750 0.187500 0.125000
2 0.581250 0.901563 0.187500 0.125000
2 0.532809 0.801562 0.187500 0.125000
0 0.637500 0.803125 0.187500 0.125000
0 0.751566 0.804688 0.187500 0.125000
0 0.865622 0.804688 0.187500 0.125000
0 0.695316 0.900000 0.187500 0.125000
0 0.804684 0.900000 0.187500 0.125000
2 0.913283 0.903125 0.173434 0.125000