3 0.245316 0.620313 0.187500 0.125000
3 0.185934 0.717187 0.187500 0.125000
3 0.414066 0.540625 0.187500 0.125000
3 0.462497 0.625000 0.187500 0.125000
3 0.456253 0.790625 0.187500 0.125000
3 0.282816 0.893750 0.187500 0.125000
3 0.080470 0.885938 0.160941 0.125000
4 0.356250 0.806250 0.187500 0.125000
4 0.069530 0.256250 0.139059 0.125000
4 0.153122 0.256250 0.187500 0.125000
3 0.157809 0.071875 0.187500 0.125000
3 0.268753 0.073437 0.187500 0.125000
4 0.209372 0.165625 0.187500 0.125000
4 0.323437 0.165625 0.187500 0.125000