6 0.060937 0.564063 0.121875 0.125000
4 0.140625 0.567187 0.187500 0.125000
4 0.245316 0.567187 0.187500 0.125000
6 0.089063 0.662500 0.178125 0.125000
6 0.196875 0.848437 0.187500 0.125000
6 0.248437 0.939844 0.187500 0.120313
2 0.132816 0.937500 0.187500 0.125000
2 0.087502 0.854688 0.175003 0.125000
6 0.059377 0.751563 0.118753 0.125000
4 0.201562 0.656250 0.187500 0.125000
4 0.260934 0.753125 0.187500 0.125000
6 0.089845 0.465625 0.179691 0.125000
6 0.060937 0.370312 0.121875 0.125000
4 0.243750 0.362500 0.187500 0.125000
4 0.303122 0.468750 0.187500 0.125000
4 0.314063 0.657813 0.187500 0.125000