1 0.201562 0.082812 0.187500 0.125000
1 0.146878 0.171875 0.187500 0.125000
0 0.092189 0.270313 0.184378 0.125000
1 0.066408 0.173437 0.132816 0.125000
1 0.304688 0.268750 0.187500 0.125000
1 0.357816 0.178125 0.187500 0.125000
0 0.254691 0.354687 0.187500 0.125000
0 0.362503 0.356250 0.187500 0.125000
0 0.464063 0.537500 0.187500 0.125000
0 0.418753 0.618750 0.187500 0.125000
0 0.365625 0.712500 0.187500 0.125000
0 0.470316 0.715625 0.187500 0.125000
0 0.520313 0.628125 0.187500 0.125000
0 0.306253 0.623437 0.187500 0.125000
0 0.259378 0.712500 0.187500 0.125000
0 0.151566 0.714063 0.187500 0.125000
0 0.067969 0.721875 0.135937 0.125000
3 0.098437 0.810937 0.187500 0.125000
3 0.207816 0.812500 0.187500 0.125000
3 0.309375 0.809375 0.187500 0.125000
3 0.629691 0.803125 0.187500 0.125000
3 0.846872 0.809375 0.187500 0.125000
1 0.787500 0.353125 0.187500 0.125000
1 0.834375 0.264062 0.187500 0.125000
1 0.887503 0.181250 0.187500 0.125000
1 0.567188 0.173437 0.187500 0.125000
1 0.618750 0.264062 0.187500 0.125000
1 0.924219 0.084375 0.151563 0.125000