0 0.106247 0.940625 0.187500 0.118750
0 0.160941 0.848437 0.187500 0.125000
0 0.070312 0.651563 0.140625 0.125000
4 0.072656 0.253125 0.145313 0.125000
4 0.171872 0.254688 0.187500 0.125000
1 0.417188 0.260937 0.187500 0.125000
3 0.231253 0.360938 0.187500 0.125000
3 0.289059 0.456250 0.187500 0.125000
3 0.107813 0.551562 0.187500 0.125000
3 0.284372 0.653125 0.187500 0.125000
3 0.410934 0.654687 0.187500 0.125000
3 0.104691 0.745313 0.187500 0.125000
2 0.529687 0.467187 0.187500 0.125000
2 0.646875 0.476562 0.187500 0.125000
2 0.760941 0.476562 0.187500 0.125000
2 0.879684 0.475000 0.187500 0.125000
2 0.952344 0.476562 0.095313 0.125000
2 0.585938 0.378125 0.187500 0.125000
2 0.782813 0.081250 0.187500 0.125000
1 0.545316 0.062500 0.187500 0.125000
1 0.421875 0.065625 0.187500 0.125000