1 0.715622 0.385937 0.187500 0.125000
1 0.659372 0.478125 0.187500 0.125000
1 0.768750 0.479688 0.187500 0.125000
1 0.879684 0.481250 0.187500 0.125000
1 0.950000 0.479688 0.100000 0.125000
1 0.946095 0.675000 0.107809 0.125000
1 0.818747 0.571875 0.187500 0.125000
1 0.947656 0.865625 0.104688 0.125000
1 0.873441 0.867188 0.187500 0.125000
1 0.815625 0.950000 0.187500 0.100000
1 0.757809 0.870313 0.187500 0.125000
1 0.815625 0.767188 0.187500 0.125000
1 0.704691 0.767188 0.187500 0.125000
1 0.651563 0.673438 0.187500 0.125000
1 0.595313 0.767188 0.187500 0.125000
1 0.482812 0.767188 0.187500 0.125000
1 0.532809 0.865625 0.187500 0.125000
1 0.643753 0.864062 0.187500 0.125000
1 0.949217 0.482812 0.101566 0.125000
1 0.528122 0.851562 0.187500 0.125000
1 0.640622 0.857812 0.187500 0.125000
1 0.753122 0.857812 0.187500 0.125000
1 0.864066 0.859375 0.187500 0.125000
1 0.815625 0.760938 0.187500 0.125000
1 0.701559 0.759375 0.187500 0.125000
1 0.587503 0.760938 0.187500 0.125000
1 0.475003 0.760938 0.187500 0.125000
1 0.648441 0.662500 0.187500 0.125000
1 0.318750 0.459375 0.187500 0.125000
1 0.090623 0.660937 0.181247 0.125000
2 0.089063 0.860938 0.178125 0.125000
2 0.061720 0.944531 0.123441 0.110938