6 0.676566 0.084375 0.187500 0.125000
6 0.567187 0.087500 0.187500 0.125000
6 0.626559 0.179688 0.187500 0.125000
6 0.570309 0.268750 0.187500 0.125000
6 0.679688 0.273438 0.187500 0.125000
6 0.626559 0.364063 0.187500 0.125000
6 0.568753 0.462500 0.187500 0.125000
6 0.678122 0.460938 0.187500 0.125000
6 0.621872 0.559375 0.187500 0.125000
6 0.568753 0.653125 0.187500 0.125000
6 0.676566 0.656250 0.187500 0.125000
6 0.621872 0.750000 0.187500 0.125000
6 0.568753 0.845313 0.187500 0.125000
6 0.676566 0.851562 0.187500 0.125000
6 0.623437 0.940625 0.187500 0.118750