4 0.356250 0.967969 0.187500 0.064063
4 0.190622 0.915625 0.187500 0.125000
4 0.139059 0.815625 0.187500 0.125000
4 0.414066 0.901563 0.187500 0.125000
4 0.526566 0.893750 0.187500 0.125000
4 0.635934 0.893750 0.187500 0.125000
4 0.742191 0.893750 0.187500 0.125000
4 0.692184 0.800000 0.187500 0.125000
4 0.804684 0.795312 0.187500 0.125000
4 0.853125 0.885938 0.187500 0.125000
4 0.907030 0.958594 0.185941 0.082812
4 0.753122 0.706250 0.187500 0.125000
4 0.701559 0.615625 0.187500 0.125000
4 0.589059 0.615625 0.187500 0.125000
3 0.535941 0.715625 0.187500 0.125000