3 0.093750 0.728125 0.187500 0.125000
3 0.068752 0.821875 0.137503 0.125000
3 0.360938 0.820312 0.187500 0.125000
3 0.414066 0.912500 0.187500 0.125000
3 0.523434 0.914062 0.187500 0.125000
3 0.629691 0.914062 0.187500 0.125000
3 0.681253 0.828125 0.187500 0.125000
6 0.204684 0.912500 0.187500 0.125000
6 0.151566 0.817187 0.187500 0.125000
6 0.199997 0.725000 0.187500 0.125000
6 0.251559 0.629687 0.187500 0.125000
6 0.303122 0.532813 0.187500 0.125000
6 0.357816 0.435937 0.187500 0.125000
6 0.409378 0.335938 0.187500 0.125000
6 0.460941 0.228125 0.187500 0.125000
6 0.570309 0.228125 0.187500 0.125000
6 0.612497 0.129688 0.187500 0.125000
6 0.732816 0.331250 0.187500 0.125000
6 0.782813 0.426563 0.187500 0.125000
6 0.840628 0.531250 0.187500 0.125000
6 0.892191 0.629687 0.187500 0.125000
6 0.928123 0.728125 0.143753 0.125000