4 0.332813 0.912500 0.187500 0.125000
4 0.384375 0.815625 0.187500 0.125000
4 0.443747 0.718750 0.187500 0.125000
4 0.503128 0.620313 0.187500 0.125000
4 0.565622 0.523438 0.187500 0.125000
4 0.620316 0.618750 0.187500 0.125000
4 0.557813 0.714063 0.187500 0.125000
4 0.610941 0.812500 0.187500 0.125000
4 0.503128 0.817187 0.187500 0.125000
4 0.450000 0.917188 0.187500 0.125000
4 0.212503 0.912500 0.187500 0.125000
4 0.268753 0.815625 0.187500 0.125000
4 0.325003 0.717187 0.187500 0.125000
4 0.384375 0.614062 0.187500 0.125000
4 0.450000 0.515625 0.187500 0.125000
4 0.509372 0.410938 0.187500 0.125000
4 0.393750 0.407813 0.187500 0.125000
3 0.740625 0.634375 0.187500 0.125000