3 0.065625 0.451562 0.131250 0.125000
3 0.098437 0.356250 0.187500 0.125000
3 0.159375 0.257812 0.187500 0.125000
3 0.220313 0.359375 0.187500 0.125000
3 0.270309 0.460938 0.187500 0.125000
3 0.328125 0.557813 0.187500 0.125000
3 0.443747 0.565625 0.187500 0.125000
3 0.389062 0.470313 0.187500 0.125000
3 0.453122 0.370312 0.187500 0.125000
3 0.398438 0.267188 0.187500 0.125000
3 0.340622 0.167188 0.187500 0.125000
3 0.289059 0.060156 0.187500 0.120313
3 0.069530 0.055469 0.139059 0.110937
3 0.091406 0.917188 0.182812 0.125000
3 0.404691 0.064062 0.187500 0.125000
3 0.467184 0.167188 0.187500 0.125000
3 0.584372 0.170313 0.187500 0.125000
3 0.512503 0.273438 0.187500 0.125000
3 0.637500 0.278125 0.187500 0.125000
3 0.690628 0.375000 0.187500 0.125000
3 0.814059 0.381250 0.187500 0.125000
3 0.757809 0.279687 0.187500 0.125000
3 0.917188 0.382812 0.165625 0.125000
3 0.947656 0.282813 0.104688 0.125000