0 0.057033 0.414062 0.114066 0.125000
1 0.059377 0.220313 0.118753 0.125000
1 0.091406 0.125000 0.182812 0.125000
1 0.067186 0.046875 0.134372 0.093750
1 0.148434 0.045312 0.187500 0.090625
1 0.373434 0.045312 0.187500 0.090625
0 0.265622 0.045312 0.187500 0.090625
0 0.203128 0.128125 0.187500 0.125000
0 0.139059 0.220313 0.187500 0.125000
0 0.193753 0.314063 0.187500 0.125000
2 0.085936 0.317188 0.171872 0.125000
2 0.256247 0.218750 0.187500 0.125000
2 0.307809 0.317188 0.187500 0.125000
2 0.129684 0.417187 0.187500 0.125000
2 0.081248 0.507812 0.162497 0.125000
2 0.179691 0.509375 0.187500 0.125000
2 0.301566 0.504687 0.187500 0.125000
2 0.235941 0.596875 0.187500 0.125000