0 0.051562 0.637500 0.103125 0.125000
0 0.080470 0.351562 0.160941 0.125000
0 0.053123 0.450000 0.106247 0.125000
0 0.120309 0.446875 0.187500 0.125000
0 0.229687 0.448438 0.187500 0.125000
0 0.285938 0.357812 0.187500 0.125000
0 0.176559 0.537500 0.187500 0.125000
0 0.392184 0.539062 0.187500 0.125000
0 0.175003 0.164062 0.187500 0.125000
0 0.081248 0.164062 0.162497 0.125000
4 0.392184 0.165625 0.187500 0.125000
4 0.501563 0.164062 0.187500 0.125000
4 0.610941 0.165625 0.187500 0.125000
4 0.720309 0.164062 0.187500 0.125000
4 0.829688 0.164062 0.187500 0.125000
4 0.921875 0.164062 0.156250 0.125000