2 0.157809 0.635938 0.187500 0.125000
2 0.320316 0.537500 0.187500 0.125000
2 0.489066 0.635938 0.187500 0.125000
2 0.606253 0.635938 0.187500 0.125000
2 0.378122 0.253125 0.187500 0.125000
2 0.490622 0.442187 0.187500 0.125000
2 0.603122 0.245312 0.187500 0.125000
2 0.770316 0.146875 0.187500 0.125000
2 0.718753 0.442187 0.187500 0.125000
6 0.431250 0.146875 0.187500 0.125000
6 0.490622 0.248437 0.187500 0.125000
6 0.551559 0.342187 0.187500 0.125000
6 0.606253 0.439063 0.187500 0.125000
6 0.379688 0.055469 0.187500 0.110937